1.33671
1.321562
1.364276
1.285033
1.316406
1.379844
1.308228
1.228502
1.34151
1.233634
1.204342
1.106106
1.108163
1.059188
1.111689
1.129307
1.153121
1.09928
1.019231
0.9741793
1.03651
1.086604
1.142187
1.113702
1.082524
1.019057
0.997443
0.9086853
0.8034532
0.7801568
0.7527949
0.667869
0.6415815
0.684299
0.6887257
0.6533437
0.6265225
0.5779208
0.5121319
0.565793
0.5814202
0.6873335
0.6931919
0.6808867
0.697819
0.7458131
0.6698916
0.6391722
0.6500286
0.5857287
0.6800005
0.6155642
0.6142875
0.6263128
0.5959028
0.7117449
0.7403657
0.6843064
0.6023647
0.5645514
0.5292717
0.5182136
0.5183682
0.5835953
0.6340103
0.6032954
0.5289267
0.4766742
0.5218568
0.5210256
0.5200646
0.5676002
0.5195641
0.5604134
0.6386776
0.5972808
0.7317346
0.8543729
0.8960098
0.8700523
0.8380268
0.8922454
0.6938806
0.6617173
0.736818
0.8205644
0.8718107
0.9987317
0.8699115
0.8196143
0.79746
0.7274728
0.7553043
0.7772135
0.7612099
0.6840126
0.7196059
0.7228415
0.7450828
0.7313707
0.7548903
0.7359771
0.6360544
0.7604587
0.7949872
0.7549216
0.6747236
0.6766001
0.6616422
0.5889092
0.4827899
0.5970448
0.6949657
0.6114392
0.6524049
0.824248
0.8043667
0.7449844
0.768685
0.7615779
0.6622667
0.7516564
0.7933422
0.8533427
0.8324551
0.8548924
0.839979
0.8012737
0.922334
0.8995398
0.9227358
0.863998
0.9104999
0.8363911
0.8208734
0.9361974
0.9551685
0.8901314
1.002683
0.8996545
0.8621707
0.9314346
1.023894
1.072198
1.038929
1.118833
1.183821
1.219565
1.23627
1.299444
1.321673
1.302694
1.355269
1.405117
1.38206
1.405878
1.399081
1.343314
1.408107
1.37401
1.326511
1.336699
1.271125
1.257287
1.235292
1.184694
1.226914
1.300975
1.335328
1.434304
1.382663
1.555962
1.506151
1.419928
1.371591
1.304002
1.346604
1.241165
1.275851
1.311303
1.354883
1.354174
1.427107
1.566261
1.499642
1.565429
1.372649
1.462102
1.433507
1.456025
1.327991
1.375586
1.438037
1.372845
1.334346
1.256153
1.180016
1.114519
0.9961321
1.092819
0.9391032
1.018397
1.04081
1.106449
1.191154
1.161414
1.084192
1.063573
1.146183
1.247903
1.149823
1.194882
1.26272
1.336543
1.468795
1.460408
1.427862
1.481516
1.476304
1.629687
1.649917
1.670773
1.68718
1.64459
1.72781
1.732958
1.715503
1.769125
1.725266
1.622481
1.518057
1.508015
1.383138
1.29881
1.160563
1.214294
1.179974
1.154804
1.146784
1.125065
1.110882
1.119132
1.109292
1.160563
1.351712
1.365739
1.344036
1.33706
1.381976
1.482177
1.444554
1.47418
1.464399
1.51906
1.490888
1.453986
1.464176
1.487089
1.594277
1.561295
1.575882
1.664702
1.571229
1.50831
1.498354
1.588865
1.60499
1.46662
1.377362
1.324458
1.110807
0.9986843
1.016533
1.105995
1.025788
1.017478
0.9963818
0.974102
0.9769442
0.9813956
1.062401
0.9680414
0.8804156
0.7585045
0.6542702
0.645909
0.6704728
0.6828452
0.5705733
0.6951209
0.6169413
0.7210065
0.7701436
0.7550926
0.8052215
0.7415498
0.659793
0.7063317
0.5765248
0.526115
0.5095071
0.4017839
0.4741234
0.4434551
0.4750451
0.4437305
0.4810406
0.5097062
0.5807725
0.6003965
0.6911862
0.7959122
0.7745883
0.7589904
0.82271
0.8268811
0.7837779
0.8090959
0.8311184
0.8677537
0.8398083
0.770491
0.7810806
0.7692276
0.6614412
0.5782799
0.6163727
0.4929299
0.5842008
0.4638675
0.4343024
0.4116185
0.3508255
0.223085
0.1056899
0.07963885
0.1247943
0.1979348
0.251475
0.2618882
0.1506585
0.05079498
0.003949266
-0.02596271
0.01316692
-0.003600718
0.02559192
0.009836377
0.1725886
0.05559501
-0.001213225
0.1095496
0.07615533
0.2620585
0.1861206
0.2561034
0.3120397
0.304523
0.2732502
0.36422
0.4906628
0.5466931
0.5681599
0.5363163
0.5520287
0.6358516
0.7835064
0.8255351
0.8256979
0.763814
0.8835333
0.9265548
0.9044315
0.9799029
0.9077
0.8932095
0.9246919
0.8568073
0.9122273
0.8042421
0.7670354
0.7686193
0.5576869
0.6242791
0.6348902
0.5931636
0.5033039
0.4807251
0.5056095
0.3997172
0.395455
0.4041537
0.3418125
0.3799263
0.3662038
0.3951762
0.2730844
0.1304072
0.2723303
0.2794562
0.3072923
0.2941376
0.256655
0.2715979
0.3568527
0.4182548
0.4355234
0.3553807
0.3775849
0.4678075
0.3776702
0.2330279
0.3502987
0.4132278
0.3891514
0.4997001
0.4795951
0.5169656
0.561809
0.5747716
0.6918271
0.7339141
0.6340279
0.558021
0.47404
0.4764879
0.5440145
0.5142934
0.5165887
0.5561207
0.5376746
0.5371743
0.574965
0.6787673
0.6054215
0.7177137
0.7709425
0.8102672
0.693833
0.6252472
0.6284819
0.4609533
0.4608122
0.3965274
0.5387098
0.4664784
0.5470514
0.4816254
0.4067501
0.5580078
0.4985488
0.3618244
0.2211484
0.2565187
0.187901
0.1875728
0.2682554
0.2771251
0.3226797
0.4189549
0.4287315
0.449183
0.4133279
0.3588418
0.3336943
0.3862698
0.3057011
0.3155834
0.4279648
0.3922468
0.4864894
0.4530344
0.3318247
0.4810684
0.5524047
0.4839626
0.5689208
0.5815353
0.5939804
0.4814583
0.4256622
0.5012303
0.4307302
0.3250113
0.2732466
0.1206634
0.1338756
0.1637962
0.1886645
0.1042119
0.04527494
0.08184551
0.08803511
0.01524552
-0.03581891
0.06960498
0.05634853
0.02946089
0.002228407
0.04803144
0.07541754
0.09775141
0.08521093
0.06866475
0.07166829
0.05802927
0.2063546
0.1585243
0.1475849
0.1668929
0.1026183
0.1820475
0.1392688
0.06382865
0.01608154
-0.02077422
-0.05001611
-0.06293276
-0.001810736
0.09795965
0.1440243
0.07549918
0.1012769
0.03519701
-0.0833983
0.0105843
-0.176806
-0.1562024
-0.07587525
-0.01092004
-0.07076826
-0.2042075
-0.2173198
-0.1678595
-0.06690629
0.02530896
0.05440339
0.06336244
-0.1040153
-0.1930146
-0.3528127
-0.4405184
-0.5762392
-0.574662
-0.597591
-0.6476879
-0.6423618
-0.6022851
-0.5748902
-0.4702938
-0.4491352
-0.4994097
-0.440207
-0.397539
-0.3244912
-0.3596913
-0.4756565
-0.4811648
-0.4806311
-0.4968133
-0.429001
-0.3798407
-0.3680087
-0.3459577
-0.3014788
-0.3620318
-0.2512211
-0.3194837
-0.280775
-0.2974323
-0.286919
-0.264704
-0.1159862
-0.1122776
-0.05301722
0.02548112
-0.0474828
-0.06358556
0.04115416
0.0470973
0.002918947
0.03725261
-0.04797088
-0.09775877
-0.07068915
-0.1163378
-0.1191767
-0.1288503
-0.1123491
-0.1606163
-0.1764815
-0.203826
-0.05203379
-0.01143413
0.05568101
-0.100009
-0.1341413
-0.1545946
-0.1502868
-0.2557172
-0.3286652
-0.3263491
-0.3290139
-0.2888197
-0.3160048
-0.3016144
-0.2759705
-0.2091252
-0.13988
-0.1732599
-0.1263773
-0.1938849
-0.107047
-0.181909
-0.2186399
-0.2769653
-0.4220698
-0.4867661
-0.5354228
-0.4890275
-0.3464927
-0.3185361
-0.2624095
-0.3661721
-0.3706126
-0.3605991
-0.2763943
-0.2806065
-0.2724425
-0.192435
-0.2699225
-0.2632986
-0.07233415
-0.02502945
0.09644033
0.08953329
0.09238778
0.006080499
-0.2285345
-0.2837026
-0.2117488
-0.1628688
-0.1831064
-0.2737081
-0.15697
-0.06202225
-0.08249121
-0.163074
-0.03301446
0.1122009
0.04020094
-0.01028991
0.1230574
0.1393424
0.130239
0.2477156
0.1028214
0.1518117
0.144763
0.1543161
0.2056696
0.3632401
0.4055283
0.3963015
0.4438392
0.4442203
0.3752946
0.3071765
0.247949
0.3055588
0.3099268
0.2121747
0.07051996
0.132747
0.08399297
0.02734371
-0.0151017
0.02236427
-0.03995823
-0.1092889
-0.1722201
-0.09693516
-0.1381175
-0.3024217
-0.2273971
-0.3046331
-0.2136382
-0.3248432
-0.3589934
-0.2997747
-0.233149
-0.2007457
-0.3073692
-0.2375425
-0.2050194
-0.2675035
-0.2953557
-0.2680349
-0.3008353
-0.2485185
-0.1194179
-0.1617465
-0.04945284
-0.1586987
-0.2311452
-0.1762138
-0.1732731
-0.2738913
-0.3277502
-0.4111293
-0.3908591
-0.4493204
-0.4851021
-0.4512021
-0.4955074
-0.544955
-0.6974909
-0.740745
-0.7703201
-0.7808834
-0.8674074
-0.7285465
-0.7973589
-0.8127086
-0.9574093
-0.9806537
-1.035844
-1.125003
-1.115438
-1.110062
-1.232369
-1.155988
-1.004843
-1.081468
-1.166035
-1.175553
-1.104206
-1.083546
-1.19406
-1.198641
-1.048633
-1.118915
-1.083544
-1.174642
-1.304353
-1.287641
-1.309936
-1.293994
-1.2885
-1.269456
-1.268244
-1.115142
-0.9722903
-0.9353804
-0.975255
-0.9213654
-0.9883786
-1.062731
-1.155478
-1.126324
-1.080488
-0.9941906
-0.9790865
-1.074828
-1.103445
-1.153625
-1.011394
-1.006623
-1.03103
-1.026229
-0.9914653
-0.9718071
-0.9699501
-0.9815401
-0.8858157
-0.8908192
-0.9130831
-1.117211
-1.141357
-1.213117
-1.281107
-1.387856
-1.392296
-1.427682
-1.346349
-1.324586
-1.350924
-1.321334
-1.322172
-1.282848
-1.224111
-1.209849
-1.225943
-1.289927
-1.33834
-1.316183
-1.289554
-1.363932
-1.343362
-1.248792
-1.265152
-1.204014
-1.228674
-1.234784
-1.238093
-1.200298
-1.049974
-1.155523
-1.242015
-1.306903
-1.425596
-1.494209
-1.428665
-1.420046
-1.353262
-1.404057
-1.483777
-1.417836
-1.546774
-1.515323
-1.556204
-1.637498
-1.547375
-1.57789
-1.597043
-1.521759
-1.534673
-1.459525
-1.441404
-1.317417
-1.451716
-1.294365
-1.313616
-1.195316
-1.270469
-1.33087
-1.388358
-1.436245
-1.569381
-1.702235
-1.650214
-1.601324
-1.533198
-1.515716
-1.51899
-1.570053
-1.483376
-1.465074
-1.586152
-1.470804
-1.448092
-1.402429
-1.392595
-1.486225
-1.406351
-1.394009
-1.273066
-1.29655
-1.218108
-1.164503
-1.208859
-1.205212
-1.319466
-1.317884
-1.317466
-1.311858
-1.286243
-1.282593
-1.30429
-1.42124
-1.3899
-1.342373
-1.340861
-1.428986
-1.244236
-1.241511
-1.252445
-1.109783
-1.179777
-1.238036
-1.251729
-1.180885
-1.152773
-1.074045
-1.103174
-0.9568945
-0.9073737
-0.9687877
-0.8199315
-0.8015583
-0.7125034
-0.610953
-0.591181
-0.5319945
-0.5276979
-0.5666804
-0.5724389
-0.5120701
-0.5795432
-0.5893145
-0.4608603
-0.3621081
-0.4674873
-0.4567425
-0.4111401
-0.5180837
-0.502601
-0.6745194
-0.7195336
-0.7595702
-0.7653403
-0.7240157
-0.6425376
-0.6127023
-0.6503483
-0.6049417
-0.5748467
-0.6101309
-0.6376239
-0.5504751
-0.6399525
-0.6760544
-0.4475083
-0.5623802
-0.4579767
-0.469677
-0.4009126
-0.3998546
-0.4364915
-0.3897392
-0.3633185
-0.3287339
-0.4215408
-0.3344647
-0.2703116
-0.2970368
-0.2818291
-0.2761622
-0.3048217
-0.3143718
-0.2534505
-0.2172706
-0.0598258
-0.03123832
-0.03386418
-0.0375949
0.01452921
-0.01653087
-0.09840152
-0.1893445
-0.127186
-0.1219137
-0.221907
-0.2286643
-0.1907597
-0.1965643
-0.05054226
-0.1225807
-0.09117511
-0.01426823
-0.0376963
-0.1333886
-0.3054971
-0.2597686
-0.222233
-0.1494433
-0.1616981
-0.2114747
-0.1232049
0.06652764
0.136434
0.1042364
0.01991434
0.05926894
0.0687156
0.08718664
0.04196126
0.04709015
0.01250543
0.03552688
0.1205191
0.06235512
0.05614217
0.005059094
-0.01513535
-0.1574235
-0.1917818
-0.149038
-0.1927966
-0.2611153
-0.1821906
-0.2042975
-0.05540118
0.05232273
-0.01054477
0.1845312
0.2154079
0.2844495
0.2650567
0.4530208
0.3953619
0.4847599
0.5787263
0.5611575
0.510442
0.475213
0.614149
0.6074388
0.5830491
0.4916189
0.5804087
0.5658892
0.6097199
0.532216
0.4270348
0.5034955
0.3537953
0.3667163
0.4798571
0.4455112
0.5023176
0.524328
0.541214
0.5594192
0.6259128
0.5979993
0.5485271
0.4775914
0.4142685
0.4266291
0.3565644
0.3240668
0.4371007
0.4907583
0.3795756
0.3706439
0.374151
0.4182663
0.4182393
0.4742105
0.3656979
0.3769305
0.3047673
0.3540474
0.4285591
0.3840358
0.4480791
0.516823
0.690223
0.701836
0.8527621
0.9015843
0.9121601
0.866646
0.9498569
0.8304788
0.8562335
0.8109291
0.8760696
0.8064937
0.7891005
0.7347285
0.7781405
0.9214823
0.9759518
1.060309
1.20817
1.214721
1.216691
1.287218
1.314619
1.268744
1.36722
1.322711
1.386368
1.336236
1.495949
1.514261
1.473124
1.48106
1.483163
1.565034
1.60951
1.522776
1.462436
1.465028
1.403662
1.363367
1.468217
1.352306
1.317872
1.228593
1.285375
1.301142
1.463102
1.409085
1.470344
1.480373
1.491873
1.486281
1.575897
1.59865
1.447281
1.553165
1.626332
1.603309
1.680415
1.69872
1.608028
1.753836
1.84968
1.764219
1.764729
1.732035
1.545065
1.616496
1.585711
1.596288
1.679046
1.677396
1.660425
1.741162
1.692106
1.665907
1.729696
1.737844
1.798642
1.675383
1.715494
1.625261
1.579569
1.595765
1.631479
1.596955
1.702109
1.648616
1.638599
1.764092
1.796486
1.835996
1.882186
1.825643
1.869909
1.831356
1.949852
1.934782
1.874743
1.839904
1.884318
1.899049
1.836225
1.881673
2.039275
2.114132
2.06673
2.084171
2.10823
2.087487
2.003444
1.968513
2.045762
2.048928
2.142928
2.08155
2.01733
1.934367
1.868523
1.872495
1.96815
1.853863
1.871859
1.833339
1.767499
1.850425
1.927591
1.817015
1.853316
1.783235
1.785381
1.734218
1.763099
1.828533
1.812364
1.695612
1.584269
1.46708
1.513216
1.472191
1.440352
1.423069
1.410939
1.352777
1.42781
1.323105
1.269728
1.199471
1.265858
1.374262
1.338137
1.347544
1.415163
1.457427
1.540789
1.535299
1.508185
1.458415
1.514098
1.515356
1.537984
1.709214
1.748557
1.772365
1.671941
1.6933
1.744212
1.707433
1.843439
1.936673
1.893589
1.917684
1.968178
2.003387
2.105088
2.164892
2.054366
2.036685
2.106023
2.068134
1.958906
1.856442
1.90001
1.982799
2.093802
2.107676
2.081795
2.074896
2.154505
2.173617
2.130908
2.252058
2.222985
2.235105
2.205776
2.180338
2.015107
1.992158
1.968581
1.936441
1.903201
1.981311
2.122496
2.046234
2.000136
2.000157
1.860006
1.957273
2.008306
1.982782
1.988554
1.972795
1.866703
1.80491
1.966761
1.888781
1.902642
1.883694
1.849021
1.781509
1.783215
1.810431
1.922269
2.043545
2.051085
1.886901
1.967006
1.948442
1.91854
1.902346
1.847294
1.778379
1.898341
1.869582
1.903467
1.968
1.941213
1.881824
1.845425
1.92259
1.890008
2.048794
2.139763
2.099799
2.01704
2.182496
2.334718
2.322838
2.336052
2.446321
2.463784
2.594217
2.6027
2.559475
2.57017
2.655361
2.621828
2.630521
2.624236
2.568492
2.511455
2.592942
2.580687
2.480301
2.368914
2.471239
2.455593
2.384248
2.409851
2.271771
2.188245
2.180353
2.026811
2.050163
2.011399
2.032683
1.963532
1.936643
2.000155
1.984217
1.944074
1.901861
1.820247
1.827066
1.779135
1.798762
1.880665
1.86266
1.92743
1.976931
1.948506
1.901603
1.778157
1.830853
1.709305
1.713681
1.673859
1.765053
1.702052
1.737567
1.786135
1.747722
1.639516
1.68075
1.772062
1.690316
1.790594
1.832022
1.872538
1.947546
2.050473
2.07478
2.091339
2.145284
2.158764
2.111093
2.060208
2.083592
2.053623
2.015146
1.916682
1.965686
1.895862
1.85821
1.866501
1.947709
2.029306
2.05652
2.071054
2.051393
2.091017
2.139815
2.030851
2.022068
2.127673
2.147069
2.350586
2.459323
2.409876
2.46171
2.501757
2.429825
2.448705
2.486659
2.512945
2.625968
2.601799
2.717094
2.649984
2.799774
2.761814
2.784291
2.806354
2.859596
2.83443
2.828822
2.855837
2.891566
2.909353
2.9827
3.003668
2.991389
2.900308
2.838802
2.897193
2.828597
2.826786
2.873134
2.890299
2.802335
2.751283
2.695916
2.736968
2.765554
2.743128
2.816981
2.951418
2.869346
2.787571
2.82902
2.758936
2.810215
2.943037
2.87918
2.931571
2.840373
2.835594
2.881447
2.968464
3.030264
3.021724
3.015801
3.050808
3.131196
3.025626
2.909648
2.927591
2.849552
2.797829
2.651779
2.671418
2.729988
2.575806
2.528017
2.445026
2.328276
2.342736
2.254921
2.109683
2.162191
2.096167
2.161729
2.251058
2.247405
2.193791
2.131592
2.075704
2.002741
1.977074
2.078651
2.010259
1.998189
2.047399
2.177268
2.130267
2.187454
2.144832
2.182683
2.155745
2.24293
2.260788
2.337557
2.3432
2.339781
2.374589
2.410143
2.341902
2.266648
2.348936
2.296909
2.374982
2.309118
2.293955
2.284177
2.189524
2.095228
2.095926
2.204976
2.123158
2.177986
2.099089
2.027343
1.955935
1.93331
1.958788
1.978063
1.900192
1.891738
1.846272
1.942986
1.82225
1.871988
1.834427
1.786975
1.809392
1.842676
1.890238
1.945747
1.952281
1.927867
2.006595
1.91424
1.863202
1.842895
1.877594
1.896056
1.922161
1.869018
1.853121
1.959072
1.935178
1.899871
1.920133
1.870689
1.883816
1.896676
1.947651
1.9695
2.009769
2.008305
1.932704
2.02275
1.95036
1.94634
1.929105
1.856749
1.779178
1.759575
1.70131
1.688548
1.65002
1.676359
1.736489
1.742104
1.743883
1.727498
1.620446
1.582553
1.575973
1.527184
1.362607
1.318147
1.322423
1.291069
1.27354
1.257809
1.223212
1.1195
0.9749914
1.010846
1.056217
0.98274
0.9017944
1.019715
1.166649
1.235256
1.228123
1.178781
1.263842
1.425442
1.453824
1.476694
1.441004
1.452059
1.447163
1.494388
1.400951
1.264986
1.289386
1.346907
1.375193
1.404906
1.245087
1.145691
1.165055
1.095604
1.066216
1.149727
1.168618
1.128552
1.102076
1.097527
1.19733
1.122015
1.019845
1.070482
1.101064
1.07282
0.9985738
0.8996425
0.8440861
0.8205672
0.6954004
0.6706029
0.7255286
0.6550169
0.6277473
0.6307993
0.6144694
0.6023561
0.6730306
0.8272546
0.7604533
0.7112699
0.7546087
0.8560357
0.8534484
0.8034741
0.9414316
0.9688678
1.070776
1.02326
0.9650543
0.8858997
0.7687033
0.6644593
0.5589469
0.525201
0.5183772
0.4768468
0.5354866
0.5348599
0.544149
0.5683849
0.5985095
0.5899547
0.4912615
0.4920755
0.4691676
0.4898054
0.4667884
0.5961005
0.46077
0.3475351
0.3676619
0.3461832
0.3016103
0.2152017
0.2587809
0.326871
0.2205549
0.195726
0.1838406
0.1444663
0.1282212
0.06875558
0.1142493
-0.04040974
-0.09578771
-0.1745938
-0.1334546
-0.0960059
-0.1310089
0.05156563
0.01348806
0.06972099
0.1601548
0.2692888
0.2511319
0.2516107
0.2219154
0.2946838
0.2705839
0.2488447
0.2732106
0.3087784
0.3548536
0.3876672
0.3843732
0.4217643
0.419149
0.413325
0.3761801
0.4776618
0.3836533
0.4461789
0.5256126
0.4800773
0.5097131
0.6278826
0.6228682
0.614552
0.6529431
0.6116722
0.6254621
0.5968381
0.5984562
0.5288617
0.4643733
0.3860384
0.4279185
0.3814081
0.3391701
0.4063914
0.334764
0.3039822
0.1659625
0.3209691
0.2845845
0.3237137
0.4086474
0.3669562
0.3496592
0.3527267
0.3711528
0.4345582
0.2321371
0.356363
0.342584
0.4887224
0.5575599
0.456189
0.4592559
0.3829053
0.3813278
0.3405479
0.1748754
0.1585408
0.02341312
-0.03958635
0.03221925
0.02127353
-0.09625498
-0.017504
-0.01342016
-0.08490702
-0.155639
-0.1512048
-0.1694957
-0.267959
-0.3544023
-0.3364298
-0.3654594
-0.2804583
-0.2305579
-0.3267649
-0.2589836
-0.2833143
-0.1879941
-0.1673664
-0.2091802
-0.1820908
-0.2070467
-0.2830892
-0.1622394
-0.1098585
-0.1004044
0.02675412
0.05367927
0.03130996
0.0337638
0.1164713
0.0535674
-0.0009347237
0.007824712
-0.07432394
-0.04017926
0.001054933
-0.002707831
-0.01197204
-0.0613275
0.04781285
0.05031358
0.09740394
0.007140154
0.1198335
0.0008738706
0.0871193
0.1291364
0.1126759
0.1130189
0.1476115
0.08253467
0.1580564
0.1723667
0.1261875
0.1564434
0.1512033
0.1414475
0.08801884
0.156317
0.1958931
0.2030678
0.1317142
0.06335927
-0.07586758
-0.01834343
0.05085646
0.1025631
0.05574386
0.09020422
0.03690656
0.1114198
0.1219496
0.08880179
0.08183947
0.1630698
0.08064917
0.1403478
0.1254207
0.1000351
-0.01399939
-0.08867985
-0.05584786
0.08277787
-0.01885914
0.01423126
0.06439721
0.09641461
0.1094823
0.07783077
-0.04758993
0.03922473
0.03952871
0.0363845
0.1241363
0.1229785
0.1199997
0.2335967
0.2467663
0.2211659
0.2518805
0.3801084
0.4694369
0.3319117
0.4195304
0.3644979
0.3608832
0.2847975
0.2456451
0.1165714
0.08405202
0.07567844
0.1826548
0.209573
0.1764732
0.1226477
0.1302706
0.2395623
0.2878579
0.2107666
0.1655699
0.2483705
0.2014296
0.1873816
0.1878448
0.1288958
0.0598314
0.02600454
-0.10619
-0.1907817
-0.08333151
-0.1575375
-0.04405101
-0.05662338
-0.05344853
-0.08175707
0.04850959
0.1322145
0.05999632
0.07424949
0.01971197
0.0183024
0.01196287
-0.09412831
-0.1789705
-0.2448105
-0.3622046
-0.3290598
-0.2786453
-0.3238962
-0.3877222
-0.414327
-0.4429594
-0.5283794
-0.5241139
-0.4133503
-0.4995643
-0.4846649
-0.4069398
-0.4688738
-0.4622314
-0.522077
-0.5108272
-0.6079863
-0.5365297
-0.6495654
-0.7156217
-0.7078354
-0.828192
-0.7407545
-0.7018921
-0.6480131
-0.5569559
-0.6430196
-0.6220956
-0.6034015
-0.7224668
-0.8143755
-0.8363112
-0.8456039
-0.8470963
-0.9264221
-0.8524072
-0.8979427
-0.8482991
-0.8428039
-0.8517923
-0.9244932
-0.8895442
-0.7768091
-0.914588
-0.8029178
-0.7765583
-0.6667883
-0.6389948
-0.7187675
-0.7443126
-0.6954733
-0.6844844
-0.6297037
-0.591187
-0.723282
-0.8175138
-0.8710376
-0.7880754
-0.7121888
-0.6765535
-0.7079431
-0.6865482
-0.9078565
-0.9071183
-0.9155865
-0.7880575
-0.6798075
-0.6925893
-0.7153971
-0.7077612
-0.8742426
-0.8490973
-0.735499
-0.5937973
-0.5537569
-0.5995689
-0.7211985
-0.8134691
-0.7865474
-0.8169547
-0.8109105
-0.7860613
-0.813382
-0.8391965
-0.9242414
-1.00613
-0.9812667
-0.880101
-0.8226514
-0.8303808
-0.7830847
-0.6999721
-0.61085
-0.7262843
-0.822386
-0.8891014
-0.9206104
-0.8646824
-0.8652792
-0.9294609
-0.9387829
-0.9840137
-1.090131
-1.02656
-1.092487
-1.104031
-1.06775
-1.088765
-1.225127
-1.251793
-1.171292
-1.308002
-1.347551
-1.393729
-1.518424
-1.598213
-1.587262
-1.603353
-1.585511
-1.413052
-1.429407
-1.448694
-1.496392
-1.503683
-1.519984
-1.42503
-1.444081
-1.232424
-1.224972
-1.206706
-1.128566
-1.19285
-1.244848
-1.301558
-1.333682
-1.302338
-1.264871
-1.3474
-1.424809
-1.517508
-1.492355
-1.570176
-1.588609
-1.487177
-1.450406
-1.412744
-1.408221
-1.391599
-1.394792
-1.290588
-1.181022
-1.161997
-1.077741
-1.071533
-1.055773
-0.9999857
-0.9460136
-0.9921693
-0.838215
-0.8733225
-0.8720376
-1.072873
-1.064595
-1.026376
-0.9799727
-0.9233632
-0.8687674
-0.9485209
-0.8831822
-0.8967836
-1.00288
-0.9836358
-1.031599
-0.9048994
-0.9654385
-0.9380207
-0.8205224
-0.7582494
-0.8568677
-0.9421928
-0.9330531
-0.9314152
-0.9062247
-0.812937
-0.7843771
-0.7741262
-0.7180364
-0.6844654
-0.8226781
-0.8128328
-0.755898
-0.7896064
-0.7309018
-0.7101929
-0.6265102
-0.6744586
-0.6819523
-0.6979257
-0.7605186
-0.7642562
-0.7643572
-0.6201044
-0.5976359
-0.5630587
-0.6690723
-0.8134209
-0.7907347
-0.7832569
-0.7767548
-0.7823701
-0.8198179
-0.8374704
-0.8241166
-1.006734
-1.092464
-1.066861
-1.108326
-1.026401
-1.069508
-1.064183
-1.193056
-1.188593
-1.31015
-1.308616
-1.279378
-1.291785
-1.255837
-1.373416
-1.323376
-1.36539
-1.324156
-1.389218
-1.387039
-1.34428
-1.33827
-1.384028
-1.363761
-1.278351
-1.245856
-1.392877
-1.397718
-1.344598
-1.23239
-1.250971
-1.246719
-1.242349
-1.313992
-1.34433
-1.338591
-1.289098
-1.338314
-1.283774
-1.336018
-1.363041
-1.41276
-1.498231
-1.370197
-1.287896
-1.243229
-1.279315
-1.363306
-1.30508
-1.189286
-1.029174
-1.094789
-1.140164
-1.060845
-1.026088
-1.020532
-1.048269
-1.079019
-1.218788
-1.304177
-1.328725
-1.38121
-1.264041
-1.260248
-1.318025
-1.361538
-1.314118
-1.326332
-1.332295
-1.231302
-1.30814
-1.311335
-1.224819
-1.123838
-1.106504
-1.091125
-1.223494
-1.2192
-1.157737
-1.117012
-1.249781
-1.308432
-1.33022
-1.372598
-1.336768
-1.351545
-1.398361
-1.420014
-1.482507
-1.477177
-1.348254
-1.264285
-1.141349
-1.171263
-1.206143
-1.300217
-1.296684
-1.383972
-1.310206
-1.268498
-1.270758
-1.304368
-1.318623
-1.25789
-1.298635
-1.37535
-1.400151
-1.45553
-1.459743
-1.413562
-1.347305
-1.352057
-1.215923
-1.306952
-1.36153
-1.374797
-1.46123
-1.454822
-1.354648
-1.430198
-1.406197
-1.496968
-1.543614
-1.466465
-1.465739
-1.537782
-1.379954
-1.411906
-1.291348
-1.231575
-1.233961
-1.07877
-1.085969
-1.148637
-1.177653
-1.237
-1.180165
-1.146888
-1.229201
-1.187373
-1.126362
-1.019447
-0.9830806
-0.9090929
-0.9088055
-0.936454
-0.9011332
-0.8809283
-0.9362728
-0.978463
-0.9497153
-1.00787
-1.16138
-1.195589
-1.223878
-1.241157
-1.314628
-1.339686
-1.371724
-1.404695
-1.446413
-1.361414
-1.338342
-1.331129
-1.266071
-1.324998
-1.431868
-1.352256
-1.348989
-1.489892
-1.451656
-1.501799
-1.39418
-1.369482
-1.316312
-1.317358
-1.490409
-1.437035
-1.438851
-1.370726
-1.419843
-1.420655
-1.439668
-1.304212
-1.374623
-1.337827
-1.398448
-1.421462
-1.404512
-1.334241
-1.394014
-1.305553
-1.27874
-1.311717
-1.34676
-1.336984
-1.412988
-1.410198
-1.513015
-1.635296
-1.477137
-1.433127
-1.33746
-1.345997
-1.421643
-1.3275
-1.515797
-1.435157
-1.474233
-1.388384
-1.231711
-1.265886
-1.108583
-1.196396
-1.083681
-1.032526
-1.062071
-1.126558
-1.13228
-1.051586
-1.13871
-1.170462
-1.324804
-1.351448
-1.409106
-1.385159
-1.321454
-1.303039
-1.214557
-1.206913
-1.120695
-1.159006
-1.230087
-1.199701
-1.179397
-1.398463
-1.339062
-1.355227
-1.330437
-1.30271
-1.379735
-1.322077
-1.287173
-1.284213
-1.332871
-1.348194
-1.315376
-1.282791
-1.273016
-1.249877
-1.328549
-1.214975
-1.02143
-1.153771
-1.272329
-1.077864
-1.001579
-0.9712115
-1.100418
-1.049464
-0.9334891
-1.021342
-0.9527901
-0.9915766
-1.03982
-0.9788404
-1.014707
-1.040659
-0.9687405
-0.8805778
-0.8196308
-0.8672664
-0.8501631
-0.8326351
-0.9786109
-1.034832
-0.9896193
-1.03955
-1.046937
-1.07519
-1.073338
-1.011966
-1.041825
-1.040604
-0.9377642
-0.9870664
-0.8854182
-0.8308321
-0.7602659
-0.7557584
-0.6094536
-0.7876569
-0.8287211
-0.7779665
-0.7961334
-0.6605876
-0.6124431
-0.59323
-0.6537846
-0.6096263
-0.5708991
-0.550642
-0.509212
-0.5995083
-0.5586951
-0.5795963
-0.6035143
-0.6729479
-0.6586399
-0.6395142
-0.5715482
-0.616042
-0.5719912
-0.6214933
-0.6024202
-0.4817391
-0.5264672
-0.5866166
-0.5884976
-0.5032056
-0.6023918
-0.4930179
-0.4133992
-0.4033428
-0.3747985
-0.3452239
-0.3247091
-0.3432476
-0.3467828
-0.2442686
-0.2915386
-0.284858
-0.3399465
-0.2627313
-0.30616
-0.4097736
-0.5382616
-0.5913683
-0.4703729
-0.3442016
-0.3391879
-0.3855391
-0.3809075
-0.3045874
-0.274361
-0.07781892
-0.0857276
-0.08879553
-0.0347835
0.09387354
0.04814854
-0.0343927
-0.128234
-0.1496872
-0.1011355
-0.1851417
-0.1791654
-0.2506977
-0.3028166
-0.3684789
-0.2747164
-0.2921069
-0.2769124
-0.3370507
-0.3403322
-0.3123655
-0.3335201
-0.4159968
-0.332292
-0.3156001
-0.2207502
-0.1880169
-0.1912711
-0.2935157
-0.1862246
-0.2477969
-0.3800813
-0.5242409
-0.4406406
-0.4210154
-0.3798639
-0.3336664
-0.2489715
-0.2281493
-0.1914446
-0.2329386
-0.2322766
-0.1496224
-0.1490256
-0.118345
-0.02497524
0.008774733
0.04575089
-0.09859018
-0.1411499
-0.1142104
-0.1369547
-0.07501943
-0.1682063
-0.06960001
-0.09408609
-0.1469428
-0.27044
-0.3057616
-0.2967159
-0.3200222
-0.2445719
-0.230694
-0.1126077
-0.1947031
-0.1969817
-0.2519288
-0.152896
-0.1719548
-0.1427737
-0.03723596
0.05231873
0.1068764
0.0550799
0.02700611
-0.003023659
0.03799669
0.09080498
0.108449
0.1082687
0.100312
0.1661792
0.213536
0.2015394
0.2691275
0.3171519
0.295331
0.3572046
0.380484
0.3330361
0.4259088
0.5759894
0.6384805
0.6780362
0.6616972
0.7451086
0.8637993
0.8241054
0.8385113
1.007409
1.163853
1.235468
1.236939
1.315169
1.235025
1.22715
1.249462
1.327024
1.288861
1.33503
1.419676
1.454851
1.354149
1.295371
1.251984
1.179199
1.194499
1.184106
1.134289
1.159529
1.084358
1.09458
1.120841
1.207709
1.168944
1.247743
1.087886
1.173323
1.184692
1.240665
1.17191
1.190797
1.160176
1.133374
1.177418
1.179938
1.318692
1.316316
1.166281
1.13788
1.092125
1.065317
1.003339
1.051514
1.127342
1.281379
1.340337
1.254629
1.244313
1.162742
1.206599
1.302229
1.289939
1.341806
1.332193
1.361234
1.37382
1.474838
1.528476
1.547585
1.558847
1.586767
1.57634
1.503175
1.445232
1.428553
1.493824
1.558181
1.549914
1.433523
1.33731
1.326832
1.405591
1.364685
1.326853
1.34968
1.431105
1.493741
1.363428
1.381038
1.42517
1.401564
1.352764
1.256999
1.341764
1.417362
1.589381
1.622136
1.583366
1.582867
1.670111
1.645429
1.600338
1.645596
1.670775
1.727595
1.76155
1.750087
1.746488
1.790739
1.722545
1.744565
1.771456
1.824941
1.813866
1.812706
1.895631
1.917066
1.980054
1.947948
1.958988
1.87997
1.934186
1.945283
1.908014
2.011325
1.903725
2.072958
2.189019
2.179577
2.255768
2.2138
2.25016
2.24005
2.207898
2.162039
2.218664
2.290199
2.347441
2.328864
2.344897
2.435452
2.466396
2.464545
2.425841
2.435969
2.4338
2.376493
2.437205
2.519613
2.517924
2.489181
2.527935
2.540232
2.675277
2.588616
2.638925
2.61946
2.545254
2.500795
2.329145
2.321015
2.341888
2.299488
2.365801
2.236973
2.13622
2.159027
2.121483
2.156108
2.09807
2.251395
2.350762
2.319634
2.251772
2.375528
2.377578
2.417012
2.421643
2.514979
2.505409
2.519033
2.307404
2.337247
2.319109
2.4481
2.597363
2.67875
2.648274
2.578449
2.601279
2.483704
2.563084
2.619155
2.654643
2.589651
2.557338
2.420523
2.391155
2.442969
2.407101
2.355849
2.312198
2.257852
2.24234
2.233528
2.206534
2.090403
2.151521
2.011226
2.006161
2.007435
1.980003
1.952092
1.957511
1.983013
1.943165
2.074736
2.092642
2.184405
2.203543
2.15445
2.151624
2.119581
2.17057
2.236109
2.310402
2.255603
2.360419
2.281017
2.292457
2.340012
2.304983
2.252509
2.18441
2.201587
2.060082
1.97889
1.948886
1.846059
1.876059
1.845448
1.926528
1.821076
1.79438
1.816445
1.818219
1.847056
1.929808
1.865534
1.855311
1.84795
1.81972
1.871945
1.878491
1.896081
1.953048
1.927805
1.968713
1.967888
2.052789
2.06017
2.040579
2.026126
2.114239
2.051982
2.111954
2.108849
2.159678
2.175036
2.190302
2.277371
2.316579
2.404159
2.427663
2.471245
2.557906
2.617524
2.710471
2.717028
2.641094
2.667323
2.630031
2.740978
2.837547
2.810254
2.883887
2.775286
2.719796
2.744769
2.842401
2.88073
2.904836
2.94957
2.969488
3.008308
2.961105
3.042751
3.022553
3.184991
3.204326
3.187372
3.109699
3.083427
3.013314
3.142378
3.170167
3.096104
3.114496
3.018476
2.903108
3.056771
3.076094
2.964776
2.890608
2.852825
2.748018
2.790171
2.644275
2.525569
2.438935
2.455994
2.500277
2.497487
2.369755
2.368914
2.477909
2.488566
2.49445
2.483927
2.3826
2.331982
2.300737
2.335978
2.41034
2.387775
2.4867
2.399355
2.319911
2.317096
2.402205
2.437518
2.372951
2.426056
2.400897
2.560128
2.508131
2.461995
2.38133
2.422322
2.358704
2.32197
2.345063
2.37195
2.341717
2.277244
2.293446
2.160268
2.122828
2.107022
2.023898
2.072601
1.979273
1.887629
1.799851
1.871249
1.812217
1.799226
1.805943
1.741229
1.673843
1.715014
1.83067
1.810619
1.767581
1.718379
1.595341
1.454171
1.325768
1.321297
1.260772
1.273503
1.25884
1.135038
1.22038
1.206859
1.18059
1.145686
1.135144
1.111502
1.114777
0.9554215
0.858344
0.6884705
0.6763943
0.7001719
0.5666993
0.5499411
0.6053393
0.6819692
0.7431381
0.6540365
0.6827651
0.6564512
0.7208313
0.8120671
0.8316901
0.8107012
0.8647423
0.9581766
0.8840639
0.8853104
0.9881294
1.045297
1.115744
1.161578
1.11902
1.100445
1.082794
1.090012
1.174551
1.177771
1.11183
1.018875
1.118492
1.025332
1.062728
1.047683
0.9392526
0.9500258
0.9132934
0.9972505
0.9992577
0.9249411
0.9339423
0.9068962
0.9984657
0.9657759
0.989084
1.060876
1.096024
1.141042
1.206125
1.261338
1.338496
1.408347
1.483519
1.599622
1.583675
1.533514
1.621015
1.635548
1.618035
1.745848
1.840497
1.908519
1.909368
1.965913
2.146941
2.16593
2.164801
2.289675
2.342322
2.305133
2.305609
2.21763
2.159139
2.254137
2.217048
2.289027
2.181374
2.336889
2.259263
2.240368
2.266175
2.255027
2.331454
2.36558
2.24735
2.203007
2.189012
2.171582
2.245384
2.216009
2.214529
2.196429
2.123627
2.09961
2.066536
2.053712
2.248532
2.352027
2.289542
2.227744
2.237379
2.230577
2.18802
2.174013
1.963247
2.082098
2.206865
2.224608
2.179806
2.339168
2.387767
2.470177
2.417579
2.40982
2.398242
2.508509
2.566955
2.543997
2.523278
2.425596
2.377669
2.36644
2.405147
2.448405
2.551731
2.549184
2.461125
2.452518
2.497988
2.560169
2.542228
2.508994
2.51124
2.555643
2.652098
2.570021
2.518057
2.501359
2.468368
2.347222
2.333892
2.397984
2.471911
2.449072
2.509642
2.508829
2.538674
2.545324
2.454898
2.549641
2.475537
2.520734
2.443654
2.622076
2.548352
2.483538
2.405045
2.366506
2.358609
2.335722
2.355331
2.347184
2.407866
2.343755
2.326698
2.260834
2.318516
2.196592
2.177856
2.173407
2.169031
2.142014
2.009192
2.060839
1.9971
1.948253
1.966125
1.953992
1.927462
1.9211
1.77004
1.75783
1.784922
1.749769
1.810287
1.832217
1.779692
1.776785
1.802542
1.740506
1.837529
1.764714
1.722543
1.837557
1.821168
1.726045
1.746295
1.734311
1.768993
1.74395
1.784289
1.850265
1.791858
1.831768
1.887624
1.915674
2.02112
2.029812
2.105371
2.035685
2.004537
1.99811
1.983164
2.048372
2.039204
2.080896
2.122904
2.101834
2.094726
2.16878
2.176242
2.072537
1.998274
1.975629
1.975766
2.025714
2.054804
2.033651
2.057198
2.227915
2.200359
2.158626
2.258278
2.154516
2.267064
2.253438
2.298678
2.25869
2.343055
2.273117
2.247444
2.278327
2.243625
2.219492
2.198744
2.218796
2.316047
2.280881
2.326364
2.321978
2.373054
2.168838
2.094397
2.061997
1.989048
1.888827
1.976064
1.939579
1.92216
2.079793
2.096544
2.193092
2.157978
2.22317
2.246957
2.239817
2.212927
2.086146
2.054709
2.086195
2.165684
2.259447
2.22345
2.275182
2.227085
2.170169
2.106309
2.08525
2.201068
2.181983
2.190358
2.155377
2.152014
2.282144
2.276218
2.322446
2.37721
2.420674
2.493246
2.588587
2.668578
2.566051
2.804708
2.881505
3.065724
3.04105
3.099239
3.065366
3.219166
3.194732
3.2195
3.334571
3.419533
3.365839
3.363694
3.385848
3.456003
3.425849
3.425787
3.49004
3.578083
3.613167
3.471414
3.562864
3.606662
3.601246
3.602662
3.571496
3.603549
3.689728
3.769383
3.750588
3.733201
3.768446
3.72921
3.775322
3.839808
3.844206
3.829311
3.878988
3.927444
3.866394
3.714875
3.673397
3.695388
3.821932
3.680376
3.85906
3.853617
3.857288
3.863722
3.784418
3.715294
3.713405
3.685612
3.75391
3.838373
3.786928
3.796521
3.700855
3.541031
3.587813
3.731303
3.729056
3.730577
3.603093
3.475096
3.646552
3.70941
3.677879
3.750319
3.632493
3.673426
3.775958
3.752241
3.67858
3.710034
3.727807
3.77887
3.824306
3.854646
3.809632
3.950603
3.96931
3.814749
3.793631
3.841397
3.760373
3.753398
3.647559
3.572879
3.581285
3.677335
3.718211
3.706281
3.742604
3.660934
3.595439
3.5239
3.39164
3.389529
3.406557
3.420959
3.46012
3.485949
3.572529
3.452999
3.360443
3.374717
3.515701
3.5203
3.541582
3.565304
3.653892
3.700881
3.83501
3.793266
3.803904
3.793603
3.831631
3.82359
3.758211
3.693125
3.761166
3.651731
3.647098
3.56292
3.625967
3.534259
3.568418
3.395719
3.361289
3.407469
3.465648
3.394261
3.379764
3.31638
3.343906
3.177227
3.103224
3.142629
3.051903
3.046087
3.130212
2.996914
2.872139
2.949029
2.904028
2.800558
2.856704
2.839597
2.644074
2.58596
2.507701
2.480167
2.567885
2.484602
2.327664
2.236923
2.318689
2.427628
2.529935
2.543616
2.483526
2.601014
2.713747
2.789983
2.858289
2.897514
2.918111
2.892482
2.914069
2.981286
3.080214
3.117021
3.177738
3.234297
3.28007
3.157353
3.252078
3.154777
3.142797
3.072696
2.975338
2.916509
2.955839
2.840998
2.731394
2.610319
2.609327
2.545039
2.544758
2.531133
2.675674
2.678886
2.629426
2.636008
2.694232
2.73334
2.61221
2.728487
2.777381
2.802997
2.933076
2.854184
2.900898
2.920099
2.875773
2.950821
2.972339
2.968806
2.872293
2.894021
2.952827
2.936754
3.001896
3.068825
3.009228
3.064534
3.130799
3.073124
3.119981
3.13225
3.149873
3.071245
3.188762
3.209703
3.147203
3.119446
3.025237
2.906168
3.011629
3.096083
3.101267
3.10019
3.007842
3.1318
3.152613
3.242896
3.276643
3.246267
3.147871
3.140433
3.019753
2.942272
2.959912
2.875618
2.82938
2.841245
2.711556
2.733118
2.765077
2.598056
2.574536
2.588477
2.56769
2.465033
2.550904
2.460881
2.50159
2.563974
2.516571
2.514093
2.54822
2.610339
2.790755
2.80545
2.822706
2.65471
2.609476
2.645015
2.759971
2.698675
2.734037
2.650545
2.678862
2.778077
2.890766
2.735659
2.825648
2.877868
2.933319
2.885398
2.919117
2.960608
2.97262
3.103876
3.04616
2.895103
3.02051
2.970454
2.909118
2.919789
2.886983
2.778085
2.700534
2.704459
2.637397
2.57285
2.689011
2.656951
2.695955
2.621773
2.640571
2.762322
2.809599
2.852564
2.932081
3.085533
3.092247
3.199853
3.326761
3.326158
3.442142
3.500139
3.503267
3.467389
3.515318
3.407976
3.379589
3.447875
3.412769
3.377879
3.345658
3.440691
3.340309
3.20996
3.169725
3.099362
3.097966
3.050872
2.968396
2.969301
2.928168
2.866846
2.912318
2.985715
3.090904
3.223308
3.277282
3.168996
3.160119
3.140937
3.10206
2.998188
3.086785
3.050131
2.98225
3.035275
3.088854
3.126977
3.090749
2.971186
2.943617
2.922488
2.917134
3.086261
3.034592
2.973542
3.037773
2.97249
2.999039
3.061949
3.076734
3.185075
3.195935
3.254404
3.331754
3.239394
3.299004
3.321599
3.406829
3.447972
3.475075
3.484872
3.452566
3.350901
3.465515
3.614586
3.592749
3.495392
3.465984
3.5556
3.633373
3.566416
3.588238
3.650544
3.670881
3.670818
3.624107
3.676966
3.580063
3.441971
3.3219
3.28586
3.320741
3.286048
3.402029
3.521646
3.53102
3.590805
3.556788
3.749349
3.871091
3.98696
4.015896
4.007474
3.941685
3.782097
3.798888
3.808735
3.852257
3.930483
3.973587
3.992219
3.910304
3.885512
3.854051
4.023905
4.008811
4.075778
4.077535
4.078012
4.082393
4.008676
4.045593
4.171371
4.085185
4.012172
3.966934
3.949392
4.00503
3.997633
4.025732
3.883137
3.872139
3.807859
3.814119
3.747618
3.753124
3.819056
3.696564
3.591072
3.51963
3.543838
3.572085
3.455797
3.491043
3.583751
3.59983
3.70503
3.747931
3.782123
3.833014
3.745027
3.699449
3.686436
3.734373
3.626732
3.459104
3.3779
3.312958
3.337639
3.214698
3.299421
3.342836
3.519054
3.499909
3.571224
3.57068
3.674077
3.737037
3.724948
3.604426
3.616459
3.707516
3.733196
3.715394
3.742575
3.723574
3.801599
3.631517
3.619278
3.612466
3.588767
3.651577
3.634799
3.655201
3.835621
3.792797
3.749179
3.844381
3.863952
3.953945
4.119872
4.14243
4.193377
4.136997
4.203898
4.107069
3.939324
4.021064
3.976233
3.960475
4.042036
4.109316
4.138655
4.279817
4.365702
4.344097
4.400056
4.476309
4.558399
4.594747
4.627997
4.531083
4.538057
4.611794
4.632106
4.375824
4.377467
4.411815
4.526416
4.459277
4.507964
4.531181
4.510994
4.460178
4.48178
4.441936
4.421658
4.311852
4.336765
4.404462
4.229615
4.088614
4.066694
3.97871
3.964608
3.993667
3.946248
3.82834
3.808683
3.750419
3.660605
3.62712
3.592792
3.465542
3.444175
3.356799
3.314074
3.276
3.463685
3.451369
3.466485
3.385033
3.311446
3.322912
3.391343
3.441037
3.391335
3.46368
3.422716
3.45328
3.557524
3.601439
3.497122
3.496563
3.518088
3.480756
3.480531
3.537833
3.595356
3.414008
3.445094
3.503907
3.437631
3.305893
3.285736
3.389515
3.362472
3.49523
3.527265
3.577987
3.66064
3.747703
3.704187
3.734759
3.698567
3.694333
3.720324
3.707058
3.571714
3.577911
3.431198
3.51503
3.508626
3.508782
3.36548
3.481326
3.48075
3.3667
3.364497
3.359888
3.300119
3.299028
3.202544
3.133517
3.107352
3.232717
3.159458
3.050446
2.973992
2.988954
2.951909
3.05966
3.07133
3.114068
3.066382
3.089374
3.018188
3.027999
2.982879
2.988845
2.987208
2.937664
3.003103
3.048502
3.058388
3.083526
3.084341
3.0809
3.126404
3.156907
3.076499
3.078696
2.928662
2.728754
2.840195
2.89742
2.907376
2.861635
2.831151
2.933451
2.96643
2.971309
3.018039
2.93878
3.01146
3.10914
3.182115
3.261289
3.206541
3.18914
3.201194
3.242915
3.326135
3.400685
3.523725
3.461255
3.515815
3.572241
3.423681
3.444432
3.421595
3.366367
3.415539
3.429355
3.405874
3.299386
3.261664
3.298965
3.2196
3.108999
3.112515
3.07404
3.031308
3.099379
3.010863
3.090586
2.952157
3.036514
2.954782
3.067484
3.130827
3.068287
3.076345
3.010878
2.996784
3.171724
3.233213
3.337316
3.396324
3.3497
3.426327
3.466972
3.543914
3.638573
3.668591
3.720942
3.656214
3.784934
3.812841
3.941882
4.013374
3.911782
3.95823
3.890869
3.97583
3.887014
3.957707
3.983423
3.759372
3.748944
3.706556
3.518168
3.501554
3.526299
3.53347
3.472681
3.576592
3.545751
3.56115
3.592628
3.577079
3.615069
3.553858
3.643513
3.599477
3.59131
3.565856
3.587844
3.568399
3.668144
3.873854
3.948752
3.895012
3.769369
3.751562
3.715078
3.811249
3.896731
3.980584
3.990194
4.04763
4.065367
4.209988
4.108573
4.104254
4.126393
4.190932
4.152805
4.12771
4.08327
4.056916
4.15714
4.164381
4.309776
4.239967
4.372876
4.421718
4.574458
4.520979
4.577493
4.657299
4.67623
4.789026
4.958856
5.084626
4.975952
4.922384
4.848771
4.820806
4.793423
4.713415
4.679418
4.608344
4.539464
4.683698
4.520024
4.558491
4.59999
4.660648
4.622724
4.661507
4.666976
4.645344
4.653178
4.571139
4.529146
4.520404
4.535825
4.544012
4.593679
4.618306
4.682193
4.65194
4.744418
4.751511
4.723035
4.708082
4.669277
4.591321
4.518609
4.579471
4.545683
4.507886
4.485033
4.594896
4.519387
4.374158
4.481449
4.562267
4.593541
4.643473
4.664834
4.642616
4.776432
4.865804
4.83596
4.749587
4.699077
4.711977
4.563668
4.630041
4.628779
4.578266
4.619701
4.542397
4.434351
4.463704
4.501598
4.531873
4.59547
4.623293
4.636364
4.650703
4.78278
4.902869
4.814389
4.810554
4.854406
4.770956
4.801447
4.847861
4.736932
4.868808
4.930761
4.91665
4.811488
4.793997
4.804324
4.765132
4.714017
4.710528
4.801342
4.755693
4.807001
4.715604
4.760241
4.695491
4.791077
4.944544
4.873487
4.829665
4.792261
4.796971
4.82406
4.681932
4.622898
4.63345
4.683409
4.621536
4.609574
4.726258
4.782538
4.660568
4.55371
4.434632
4.498784
4.560447
4.454827
4.429612
4.404555
4.521259
4.592822
4.472318
4.380719
4.379391
4.491066
4.568037
4.435488
4.603423
4.56541
4.558226
4.600852
4.506153
4.496389
4.488379
4.615438
4.528577
4.648103
4.678912
4.663384
4.696623
4.675803
4.679562
4.689911
4.609041
4.59874
4.386958
4.449982
4.571032
4.483521
4.448423
4.373534
4.374804
4.31014
4.315699
4.321698
4.432583
4.587817
4.661306
4.516925
4.484736
4.554918
4.572276
4.600417
4.65752
4.625935
4.483982
4.469537
4.562711
4.510954
4.642619
4.658509
4.623521
4.602431
4.636886
4.570963
4.675527
4.722376
4.555038
4.545585
4.501318
4.435498
4.531818
4.57483
4.625027
4.726767
4.681182
4.591222
4.555538
4.49149
4.587714
4.495759
4.417273
4.258847
4.217358
4.190375
4.155595
4.21947
4.33975
4.281317
4.317009
4.368124
4.367373
4.308452
4.28064
4.252706
4.293569
4.240004
4.182072
4.106724
4.135474
4.100525
4.161818
4.153414
4.213433
4.255062
4.208133
4.209967
4.305014
4.306883
4.354679
4.38498
4.392233
4.398501
4.409313
4.537671
4.553682
4.567055
4.60892
4.543358
4.565213
4.544018
4.584389
4.639122
4.562381
4.736979
4.854889
4.78616
4.816288
4.81965
4.903164
4.911035
4.961261
4.961467
5.032724
5.047843
4.947926
4.969261
5.001753
5.057122
5.010502
4.962467
4.951952
5.089758
5.00992
4.95069
5.046982
5.042486
5.007033
4.880278
4.859065
4.696015
4.711406
4.809431
4.717453
4.741668
4.713792
4.578748
4.679371
4.594716
4.62048
4.483194
4.356243
4.406363
4.377086
4.272575
4.397536
4.403315
4.334728
4.222581
4.176301
4.335174
4.325435
4.465065
4.430398
4.395783
4.330283
4.248485
4.268976
4.279755
4.348681
4.259626
4.246788
4.206716
4.267388
4.353101
4.339101
4.338985
4.401198
4.400492
4.476888
4.470441
4.482233
4.442944
4.398589
4.520401
4.479779
4.41035
4.408257
4.315001
4.167113
4.34075
4.376907
4.291384
4.168289
4.089713
4.060453
4.043022
3.991033
3.929528
4.042264
4.084435
4.048137
4.073169
4.16125
4.207817
4.276975
4.28323
4.312961
4.282456
4.387527
4.328061
4.510332
4.454672
4.440995
4.370767
4.322081
4.323774
4.249792
4.250705
4.232849
4.242667
4.325216
4.189468
4.1829
4.300994
4.338924
4.341597
4.384357
4.424696
4.37718
4.383565
4.315392
4.290307
4.183272
4.248689
4.066753
4.070618
4.119087
4.049006
4.082438
4.165692
4.074496
4.113554
4.038325
4.081585
4.107049
4.140313
4.068488
4.093375
4.054509
4.126388
4.044941
4.039985
3.967892
3.854477
3.964464
3.992083
3.987678
4.045017
3.972036
3.93361
4.012834
3.996484
4.100275
4.190818
4.050271
4.042785
4.087264
4.113753
4.146119
4.145294
4.214491
4.239239
4.325182
4.359333
4.384334
4.43631
4.437606
4.501099
4.617612
4.664862
4.646706
4.692589
4.713296
4.570301
4.444596
4.415814
4.418717
4.392892
4.383771
4.46042
4.384179
4.335907
4.250371
4.265242
4.271878
4.199962
4.20067
4.264976
4.255772
4.163257
4.184155
4.20556
4.26559
4.247108
4.456398
4.502677
4.398245
4.366449
4.253451
4.27347
4.357332
4.44856
4.406247
4.32982
4.190631
4.077958
4.123593
4.078195
4.098027
3.995759
3.971576
4.022311
4.050515
4.09102
4.028161
4.001016
3.876975
3.899575
3.845622
3.920169
3.897019
3.961398
3.836297
3.906949
3.954065
3.863574
3.872578
3.844394
3.81578
3.774292
3.680059
3.662896
3.72477
3.796569
3.979733
3.933087
4.007186
3.969462
4.015284
3.916693
3.916669
4.056264
4.137377
4.128451
4.112007
4.169932
4.221354
4.241329
4.135239
4.266643
4.23377
4.2103
4.238572
4.338244
4.189167
4.249985
4.209939
4.152309
4.11324
4.221479
4.196523
4.153292
4.057727
4.040381
4.106295
4.123978
4.137978
4.19255
4.200483
4.081991
4.221704
4.174885
4.265986
4.308471
4.349895
4.231908
4.377597
4.344694
4.337882
4.400694
4.325336
4.367496
4.232743
4.173538
4.11258
4.142218
4.089121
4.005187
4.078881
4.031463
4.004646
3.963277
3.816343
3.915806
3.888111
3.871408
3.790439
3.766472
3.734609
3.850088
3.855397
3.868634
3.849266
3.834986
3.839055
3.839695
3.842747
3.783419
3.738679
3.861605
3.889368
3.966454
4.010786
3.985182
4.093014
4.15136
4.175192
4.283826
4.309993
4.305625
4.354422
4.370676
4.411211
4.484039
4.452281
4.477986
4.542888
4.568058
4.659833
4.728635
4.742444
4.855838
4.828619
4.761504
4.860561
4.891898
4.959425
5.000818
5.031404
5.040053
5.067652
5.000305
5.050697
5.056457
4.955769
4.899712
4.971539
4.994887
4.966983
4.878499
4.951191
4.923152
4.983283
4.882808
4.859618
4.882809
4.939751
4.956465
4.910353
4.968671
4.956121
4.773962
4.786052
4.833879
4.833141
4.787959
4.833845
4.963278
4.863068
4.869009
4.873862
4.875332
4.89458
4.93972
4.879358
4.880138
4.866305
4.772154
4.765424
4.71431
4.796381
4.860613
4.98044
4.882625
4.973911
4.872451
4.871464
4.865102
4.939839
4.92366
4.960243
4.86675
4.895645
4.843273
4.87903
4.922959
4.90661
5.035764
5.143914
5.354895
5.366793
5.321492
5.275079
5.292494
5.406615
5.468787
5.561703
5.706645
5.676219
5.647042
5.507233
5.524178
5.676418
5.675545
5.693202
5.605848
5.680552
5.499405
5.498442
5.39716
5.378238
5.303286
5.374808
5.34118
5.283897
5.422236
5.429045
5.452008
5.370578
5.410837
5.412944
5.340766
5.390442
5.45813
5.484165
5.349311
5.413305
5.454159
5.458254
5.362394
5.335268
5.267924
5.301436
5.228795
5.302031
5.261955
5.3024
5.372814
5.325219
5.230149
5.227263
5.192399
5.214861
5.219159
5.19251
5.145509
5.153036
5.092076
5.137032
5.035336
5.052472
5.030505
5.077348
5.033696
5.176492
5.25868
5.298789
5.271136
5.258813
5.299548
5.254099
5.219226
5.128681
5.112654
5.151298
5.079292
5.088485
4.988294
5.064416
5.088859
5.107467
5.163953
5.214634
5.288291
5.300879
5.193521
5.216762
5.178206
5.105039
5.128708
5.133066
5.028678
5.040973
5.074355
4.925162
5.042554
5.164922
5.225444
5.26913
5.34241
5.270204
5.381109
5.483598
5.394656
5.327746
5.468963
5.399712
5.353696
5.354151
5.395758
5.497655
5.437834
5.555967
5.617769
5.643985
5.596056
5.756068
5.678454
5.718092
5.680369
5.691778
5.636366
5.628084
5.832408
5.901557
5.775567
5.735012
5.654656
5.593134
5.784278
5.648163
5.763805
5.845862
5.826319
6.012674
6.062093
6.144406
6.075042
6.163097
6.250706
6.118868
6.224007
6.272498
6.272075
6.123687
6.162447
6.137929
6.036742
6.020952
6.073813
6.002388
6.067408
6.098246
6.125991
6.149111
6.055945
6.042092
6.006465
6.074416
6.124627
6.17501
6.189009
6.202541
6.143479
6.272515
6.305587
6.228776
6.230485
6.319823
6.26369
6.099696
6.097621
6.139182
6.172029
6.227301
6.087158
6.052944
6.142153
6.223246
6.028297
5.994135
6.106061
6.090713
6.156399
6.025858
6.042559
6.142968
6.079638
5.993736
6.004959
6.064534
6.029781
5.971455
5.929725
5.979865
5.813009
5.838046
5.8043
5.886446
5.861678
5.934258
6.038681
6.031368
5.965777
5.874705
5.907866
5.855764
5.856659
5.725804
5.695242
5.617424
5.690403
5.703429
5.577002
5.587811
5.404919
5.440826
5.468808
5.410661
5.305342
5.289834
5.287032
5.297649
5.25542
5.233147
5.213492
5.250638
5.388959
5.380986
5.381494
5.268071
5.134902
5.093811
5.212826
5.188238
5.291079
5.184988
5.394338
5.403106
5.408655
5.418264
5.385347
5.369252
5.416693
5.351596
5.347607
5.281922
5.377408
5.500461
5.547369
5.569304
5.558458
5.655323
5.592281
5.684373
5.673765
5.783594
5.877182
6.027755
6.082598
6.052972
6.186084
6.19465
6.152448
6.096281
6.243212
6.216461
6.179766
6.175888
6.19674
6.275239
6.19112
6.220513
6.352919
6.137587
6.070265
5.965675
6.016658
6.107438
6.052271
6.044235
6.01798
5.899734
5.907526
6.017271
5.985555
5.992704
6.10359
6.163936
6.138785
6.03046
6.046166
6.052685
6.07303
5.915049
5.77562
5.824066
5.787365
5.611845
5.627075
5.606441
5.549286
5.518938
5.418533
5.379223
5.348362
5.131045
5.203183
5.111512
5.048857
5.171578
5.214558
5.278309
5.17745
5.126573
5.058086
5.106703
5.164643
5.12875
5.104973
4.903531
4.944481
4.916739
4.838605
4.785244
4.870176
4.862946
4.753994
4.833593
4.885647
4.876024
4.878123
4.875376
5.041275
5.065235
5.137164
5.154219
5.131698
5.091301
5.048951
4.999636
4.926092
5.005443
4.993466
5.122941
5.110807
5.193238
5.252065
5.16484
5.18631
5.254272
5.197479
5.162496
5.16757
5.119497
5.009909
4.890053
4.823808
4.761683
4.798222
4.686622
4.634606
4.679476
4.672646
4.717314
4.646538
4.636183
4.656127
4.670166
4.692383
4.571347
4.520413
4.60778
4.717659
4.807829
4.796875
4.896026
4.930229
4.880159
4.932643
4.904679
4.929218
4.871143
4.794106
4.754535
4.668628
