2.220929
1.836558
2.215077
2.532522
2.495738
2.185995
2.348931
2.446282
2.198741
2.190705
2.067181
2.203808
2.039386
2.350727
2.27648
2.144933
2.014186
2.474204
2.216241
2.363496
2.458531
2.358122
2.000642
2.349532
2.147234
2.140938
2.019666
2.197118
2.002252
2.029396
2.535652
2.24071
2.235853
2.168002
2.218883
1.944788
2.606756
2.289903
2.229314
2.111041
2.33336
1.994177
2.279785
2.090751
2.394999
2.108774
2.080421
2.127638
2.108931
2.270859
2.092787
2.288231
2.324773
2.362378
2.520969
2.397384
2.115947
2.468035
2.645843
2.5168
2.271458
2.298688
2.237738
2.271422
2.36233
2.378216
2.226515
2.069529
2.490647
2.467527
2.280979
2.491379
2.215404
2.140406
2.3092
2.163779
2.162291
2.204849
2.355915
2.268076
2.325912
2.165266
2.305903
2.766273
2.367682
2.464338
2.206668
2.20465
2.150936
2.163107
2.236617
2.60313
1.926531
2.307758
2.481984
2.273721
2.6905
2.387606
2.356487
2.302268
2.310941
2.117649
2.167656
2.159976
2.469394
2.298992
2.100107
2.561092
2.212334
2.122625
1.961901
1.739056
2.149387
2.132278
2.189221
2.285283
2.327187
2.054048
2.088239
2.453716
2.323307
2.048461
2.218328
2.327853
2.220773
1.922514
2.084442
2.358086
2.288934
2.057387
2.444535
2.354751
2.129427
2.397728
2.53493
2.388375
2.194325
2.167289
2.145983
2.483263
2.446505
2.39172
2.38825
2.320179
2.167788
2.415787
2.14133
2.096126
2.383896
2.17562
2.347349
2.363703
1.963349
2.223964
2.557414
2.284469
2.434748
2.274466
2.300064
2.424215
2.520162
2.445481
2.331158
2.473837
2.392077
2.241318
2.502504
2.142052
2.149897
2.404298
2.068245
1.945012
2.483223
2.682554
2.086725
2.471872
2.359247
2.095383
2.636151
2.336786
2.186552
2.055302
2.186645
2.341696
2.485935
2.16569
2.179501
2.264438
2.045135
2.227419
2.001959
1.944377
2.144517
2.109363
2.434908
1.992023
2.232947
2.133461
2.110577
2.273605
2.322751
2.312306
2.001406
2.246561
2.282821
2.32559
2.077854
2.075378
2.249513
2.038374
2.393896
1.959823
2.060714
1.977215
2.092068
2.011347
2.37392
2.133119
2.268366
2.555731
2.331074
2.334591
2.447069
2.513763
1.961599
2.337958
2.384431
2.455976
2.195945
2.218977
2.139313
2.248101
2.213801
2.022194
2.150546
2.468871
2.372842
2.063188
2.055098
2.225335
2.472487
2.457979
2.117566
2.052411
2.066592
2.186711
2.379598
2.536723
2.296268
2.083554
1.948654
1.946954
2.27662
2.101199
1.99301
2.265779
2.169395
2.124318
2.138391
2.111099
2.146488
2.330326
2.520414
2.074143
2.01862
2.168136
2.026536
2.100255
2.491402
2.137786
2.488096
2.420793
2.228425
2.264385
2.431869
2.365626
2.213468
2.085552
2.099587
2.491086
2.354307
2.447071
2.204857
2.391668
2.284949
2.491216
2.33263
2.595129
2.391171
2.225891
2.238288
2.208425
2.188215
2.701761
2.223828
2.295474
2.168118
1.999437
2.151425
2.272381
1.916354
2.281534
2.098667
2.540557
2.532326
2.195704
2.107429
2.260184
2.256066
2.105447
2.288768
2.030806
2.043937
2.233142
2.59511
2.199315
2.040819
2.09412
2.307218
2.428148
1.952302
1.779934
2.105376
2.452782
2.037512
2.619327
2.126982
2.095946
2.135352
2.0362
1.908394
2.146154
2.309774
2.225519
2.231564
2.035243
2.194908
2.344746
2.012439
2.413691
2.041096
2.25535
2.32813
1.85437
2.21354
2.10028
1.880566
1.876364
2.079305
2.104142
2.238301
2.076591
1.908487
2.005575
1.882554
2.19218
2.514145
2.113946
1.930327
1.799835
2.273665
1.933514
1.923212
2.253412
2.121464
2.557923
2.375945
2.255094
2.192148
2.277177
2.377348
2.133963
2.01904
2.191536
1.913374
2.096424
2.059977
2.520061
2.248305
2.343334
2.196256
2.250283
2.033526
2.391735
2.262849
2.283836
2.205809
2.319442
2.172299
2.352814
2.126314
2.134776
2.086045
2.26567
2.384324
2.895174
2.327459
2.382216
2.189634
2.540587
1.961665
2.329518
2.152378
2.281255
2.19249
2.587928
2.102805
2.51246
2.36613
2.251473
2.420372
2.200173
2.200115
2.243325
2.133265
2.227714
1.763008
2.475185
2.116542
2.149441
2.552759
2.405714
2.349474
2.132544
2.058222
2.260208
1.850844
2.426871
2.253167
2.172039
2.468782
1.992003
2.338247
2.298223
2.243458
2.032583
2.132106
2.325925
2.626583
2.337988
2.203295
2.23752
2.155603
1.973458
2.200825
2.642969
1.939962
2.395533
2.469772
2.183541
2.394589
2.245652
2.105797
2.286395
2.161539
2.241284
2.088404
2.303214
2.055781
2.188849
2.270747
2.148068
2.214231
2.366576
1.957136
2.129223
2.351917
2.54663
2.206877
2.357662
1.979075
2.272797
2.080502
2.352178
2.48612
2.097584
2.226709
1.982042
2.009692
2.105633
2.638149
2.11705
2.136683
2.348913
2.497278
2.444232
2.0673
2.231467
2.063081
2.156938
1.959726
2.274556
2.319641
1.922283
2.165918
2.08406
1.902465
2.001833
1.94143
1.954625
1.897875
2.006053
2.137407
2.157239
2.117572
2.231757
2.354499
2.215278
2.448902
2.055541
2.023441
2.241859
2.313768
2.169986
2.181596
1.959359
2.513231
2.129346
1.941889
2.063095
2.350647
2.244539
2.061512
2.354315
2.178115
2.361243
2.360781
2.322882
2.136056
2.090898
2.332623
2.179119
2.474488
2.084417
2.156269
2.278991
2.478974
2.158857
2.371865
1.912152
2.227285
1.982967
2.300955
2.464392
2.101958
2.10664
2.109617
2.153802
2.560285
2.281971
2.559966
2.301622
2.177383
1.931448
1.908952
2.376886
2.137177
2.276898
2.385981
2.035317
2.457847
2.309673
2.188982
2.399527
2.428689
1.879772
2.085165
2.17504
2.03706
2.083132
2.206592
2.024379
2.149214
2.41652
2.178298
2.028639
2.154834
2.248714
2.124576
2.24214
2.291722
2.102903
2.544349
2.297438
2.111823
1.974739
2.289155
1.803008
2.202474
2.417445
2.523649
2.686166
2.210634
2.099274
2.496976
2.140383
2.204699
2.010439
2.332242
2.181348
2.413379
2.175524
2.21151
2.676715
2.409852
2.188164
2.181296
2.233593
1.979759
2.436507
2.110831
2.10555
2.516397
2.057212
2.576343
2.01381
2.419774
2.645819
2.611119
2.566124
2.117035
2.126926
2.391956
2.449825
2.284973
2.349111
2.260801
2.498635
2.222229
2.231301
2.236945
2.358635
2.337678
2.550307
2.458642
2.565283
2.297975
2.11687
2.106931
2.509381
2.05747
2.471308
2.540982
2.343346
3.008277
2.338904
2.232327
1.977328
2.437745
2.363456
2.488322
2.311
2.405548
2.175862
2.414674
2.219491
2.300067
2.366872
2.505229
2.188019
2.282036
2.449776
2.591073
2.132466
2.608293
2.566791
2.427795
2.18973
2.41337
2.764088
2.980221
2.040623
2.123989
2.303376
2.697543
1.913993
2.133425
2.215859
2.388091
2.259547
2.413702
2.132592
2.099878
1.947755
2.300104
2.208261
2.349406
2.667436
2.258812
2.269393
2.158986
2.211757
2.680926
2.575036
2.266493
2.515644
2.335959
2.129667
2.294879
2.269957
2.249468
2.328767
2.283415
2.271209
2.449837
2.229206
2.268786
2.338307
2.386196
2.715294
2.069951
2.371719
2.403214
2.427198
2.162984
2.731073
2.258303
2.289821
2.274489
2.036912
1.968299
2.241362
2.234514
2.391252
2.464468
2.330123
2.326134
2.310907
2.362118
2.229807
2.501583
2.466503
2.309423
2.574252
2.564374
2.352518
2.033668
2.276036
2.488632
2.328015
2.147044
2.139915
2.352339
2.540566
2.268038
2.102661
2.34615
2.219429
2.523536
2.476332
2.429378
2.510144
2.134292
2.234786
2.251844
2.473712
2.357089
2.330736
2.25083
1.974444
2.753517
2.224623
2.412907
2.796172
2.599479
2.69281
2.400494
2.214179
2.450938
2.228894
2.323185
2.157884
2.328614
2.744702
2.314678
2.391679
2.250235
1.975855
2.358117
2.633768
2.40784
2.721684
2.20584
2.318326
2.474694
2.409075
2.666595
2.253756
2.50834
2.717833
1.979221
2.163421
2.632367
2.38326
2.612294
2.31558
2.376346
2.072932
2.606914
2.716982
2.455948
2.710233
2.248949
2.568843
2.844725
2.304572
2.194929
2.252932
2.33874
3.088721
2.04762
2.249654
2.106465
2.146896
2.103598
2.097316
2.434151
2.131889
1.937441
2.27273
2.168606
2.577263
2.367786
2.458317
2.199979
2.142745
2.160751
2.25019
2.251047
2.151724
2.633046
2.461016
2.322261
2.639028
2.044175
2.066992
2.071044
2.469388
2.565613
2.28604
2.046811
2.144086
2.169869
2.388203
2.171828
2.068938
2.194803
2.103368
2.445082
2.01508
1.988774
2.168901
2.436206
2.538319
2.519017
2.25013
2.077436
1.92188
2.287799
2.226134
1.982857
2.03223
2.147915
2.394684
2.365857
2.027942
2.265469
1.977048
1.872545
2.264984
2.328598
1.975464
2.05832
2.421681
2.106217
2.169788
2.071575
2.354145
2.293235
2.086977
2.472409
2.176249
2.023595
2.226174
2.212494
2.32158
2.315624
2.350039
2.378491
1.886263
2.192711
2.540488
2.492029
2.219874
1.949455
2.176572
2.473019
2.175415
2.152218
2.354839
2.19077
2.169702
2.159829
2.342869
1.998942
2.463713
2.565652
2.230872
2.093328
1.940592
2.36468
2.099534
2.276426
2.128406
2.125102
2.650724
2.05376
2.291249
2.315939
2.023449
2.398201
2.186329
2.18553
1.871773
2.160568
2.234565
2.54369
2.193557
2.109412
2.318346
2.075761
2.268439
3.0274
2.092716
2.566207
2.165079
2.11933
2.15691
1.974988
2.045177
2.383057
2.3957
2.475708
2.323397
2.012178
2.117658
2.484213
2.094225
2.522292
2.076796
2.442022
2.427273
2.152748
2.796943
2.643778
2.198386
2.240506
2.171939
2.217757
2.508777
2.130036
2.076258
2.08778
2.46092
2.437949
2.635743
2.110566
2.210261
2.381094
2.095656
2.032379
2.11588
2.514632
2.137669
2.356475
2.29116
2.199546
2.312884
2.286779
2.096439
2.124799
2.22768
1.9605
2.084069
2.341856
2.295362
2.114453
2.315152
1.897678
2.233264
2.456413
2.186637
2.302245
2.148033
2.370303
2.213797
2.41615
2.088132
2.145602
2.638904
2.35021
2.043523
2.094615
2.348641
2.252242
2.024034
2.719961
2.327197
2.376534
2.361214
2.084401
2.423557
2.342909
2.335193
2.365956
2.412235
2.276113
2.153907
2.0957
2.464241
2.437326
2.659868
2.333479
2.173207
2.32522
2.245102
2.273575
2.292568
2.282117
2.370592
2.337338
2.064338
2.445223
2.091398
2.412747
2.291138
2.423397
2.72114
2.062004
2.176784
2.162415
2.234712
2.16403
2.680485
2.326521
2.085383
2.119029
2.329466
2.404488
2.046038
2.104187
2.239775
2.057311
2.292457
2.384127
2.397554
2.141476
2.574805
2.488178
2.336079
2.258369
2.198919
2.303907
1.900052
2.221721
2.216307
2.104906
2.362604
2.201276
2.16065
2.083338
1.868452
2.103008
2.415217
2.258823
2.373815
2.219407
1.891754
2.467341
2.341003
2.49917
2.287291
2.913157
2.12217
2.595451
2.313827
2.637281
2.730226
2.225741
2.203573
2.376712
2.497137
2.716283
2.340526
2.134671
2.569793
2.459016
2.599342
2.334642
2.471469
2.552071
2.183889
2.422248
2.065574
2.49893
2.189395
2.217608
2.374463
2.491132
2.192126
2.383412
2.263856
2.630988
2.63884
2.217284
2.335219
2.362989
2.298994
2.426496
2.100895
2.433062
2.549949
2.595342
2.21211
2.308791
2.417419
2.133384
2.141584
2.658429
2.290333
2.662186
2.232169
2.415369
2.178155
2.21084
2.27384
2.446739
2.409898
2.597818
2.278632
2.427242
2.491071
2.149133
2.758185
2.305214
2.359949
2.150204
2.261675
2.244587
2.186001
2.318465
2.452636
2.415283
2.385932
2.165495
2.363678
2.143369
2.454263
2.106185
2.093719
2.398775
2.412709
2.1083
2.455146
2.332904
2.529847
2.068018
2.391681
2.110389
2.07119
2.422463
2.198284
2.362205
2.438294
2.344776
2.264163
2.196196
2.220283
2.605282
2.008612
2.322187
2.437724
2.500354
2.177825
2.369368
2.397707
2.286332
2.460767
2.421615
2.339845
2.352408
3.021963
1.949823
2.110797
2.62013
2.224938
1.945812
2.49862
2.517197
1.991043
2.021972
2.310059
2.392771
2.699595
2.209562
2.254328
2.064269
2.180886
2.113526
2.380264
2.192267
2.110852
2.55945
2.218319
2.341475
2.239377
2.175026
2.232267
2.428427
2.617426
2.778639
2.143475
2.311826
2.233243
2.324336
2.282603
2.266293
2.449353
1.83547
2.026794
2.194623
2.263878
2.346527
2.19121
2.277225
2.362012
2.315608
2.175373
2.099637
1.92876
2.276604
2.248426
2.624953
2.301692
2.615655
2.156869
2.311503
1.985871
2.227329
2.180973
2.366241
1.964625
2.074558
2.437876
2.813216
2.496733
2.227459
2.368197
2.409088
2.635545
2.018601
2.470535
2.464488
2.838721
2.501429
2.273783
2.514106
2.339022
2.307788
2.251019
1.92301
2.13525
2.67508
2.361076
2.207274
2.516941
2.379797
2.380034
2.319639
2.265764
2.516403
2.248644
2.457325
2.577311
2.343476
2.141166
2.282314
1.981997
2.343412
2.154124
2.293642
1.988079
2.268105
2.197711
2.636835
2.359367
2.151015
2.338092
2.350762
2.294329
2.348212
2.265027
2.454259
2.558406
2.383387
2.377487
2.616909
2.407467
2.348096
2.52924
2.531053
2.528251
2.695732
2.310952
2.022839
2.258354
2.501427
2.159564
2.161493
2.416856
2.342625
2.357411
2.531819
2.703489
2.168528
2.402637
2.623015
2.389281
2.432812
2.287513
2.085447
2.428036
2.095507
2.200232
2.394376
2.342663
2.181891
2.210765
2.390912
2.261443
2.186053
2.841607
2.278825
2.431591
2.144513
2.333938
2.344317
2.407437
2.215889
2.440272
2.342184
2.249538
2.634384
2.4388
2.265012
2.028991
2.355131
2.405795
2.286853
2.447287
2.436774
2.26391
1.984605
2.311257
2.717256
2.11276
2.37253
2.28978
2.511574
2.076755
2.159739
2.378358
2.70075
2.563666
2.136529
2.351589
2.524197
2.311195
2.361523
2.329043
2.352659
2.233123
2.012556
2.243752
2.413142
2.471118
2.205573
2.318919
2.634095
2.450771
2.079136
2.498677
2.172695
2.646193
2.168368
2.419744
2.387691
2.227689
2.238077
2.327648
2.381287
2.36941
2.334147
2.301415
2.586731
2.174542
2.36361
2.256656
2.178251
2.605525
2.256308
2.523012
2.250794
2.268073
2.639121
2.280958
2.254953
2.244801
2.351981
2.472944
2.486757
2.2454
2.127973
2.141911
2.455046
2.168704
2.217439
2.469011
2.219562
2.622488
2.539784
2.420031
2.736107
2.19512
2.236843
2.271404
2.474682
2.152019
2.300393
2.346244
2.119498
2.554049
2.347966
2.288941
2.628604
2.127506
2.032539
2.361586
2.270452
2.503373
2.371928
2.335564
1.918138
2.144772
2.207054
2.419959
2.415648
2.469605
2.592516
2.243825
2.227024
2.114767
2.213372
1.896831
2.193386
2.624692
1.946262
1.872266
1.729729
2.140755
1.953514
2.701435
2.266933
2.746108
2.528121
2.191658
2.149193
2.041199
1.93293
1.962865
1.955991
2.057832
1.954055
1.992525
2.146095
2.155684
1.86844
2.147179
2.051116
1.856149
2.20396
2.0548
2.366043
1.861363
1.845395
2.070771
2.057533
2.217947
2.620774
2.345436
1.937961
1.943666
2.15818
2.335582
2.222066
2.076089
1.98823
2.103877
1.948064
2.306915
2.389039
2.281055
2.260231
2.524136
1.935444
2.387758
2.533632
1.904234
2.238431
1.975567
2.073206
2.076185
2.188595
2.143982
2.366049
1.872013
2.398561
2.104226
2.444966
2.25217
2.267792
2.144383
2.438284
2.092244
2.121736
2.049205
2.018756
2.003407
2.477166
1.912957
2.185133
2.484515
2.20668
2.128419
2.148357
2.123416
2.403911
1.981791
2.078445
2.157778
2.30688
2.382663
1.97686
2.303272
2.239141
2.305196
2.2556
2.290258
2.27863
2.066206
2.230537
2.14056
2.210669
2.10257
2.269883
2.052846
2.136606
2.189281
2.022513
2.162902
2.101827
2.06119
2.225705
2.275531
2.273121
2.425367
2.168549
2.183024
2.44003
2.207034
2.054247
2.239853
2.286103
2.253848
2.102162
2.415546
2.188458
2.158635
2.303458
2.32239
2.352908
2.393723
2.280724
2.239219
2.394438
1.938837
2.31078
2.392898
2.585229
2.241836
2.413715
2.282158
1.973827
2.436289
2.114187
2.4197
2.377193
2.135368
2.496884
2.175947
1.925315
2.492555
2.657623
2.538051
2.299638
2.513795
2.378488
2.235557
2.271087
2.32193
2.484681
2.154933
2.173106
2.165393
2.429384
2.347305
2.478473
2.413249
2.08802
2.114241
2.242124
2.312727
2.359585
2.201624
2.096829
2.45631
2.076863
2.436574
2.325439
2.475371
2.467262
2.448246
2.322677
2.103674
2.74869
2.426603
2.762093
2.546875
2.095756
2.090769
2.433736
2.237047
2.2014
2.306798
2.030333
2.481876
2.533998
2.235724
2.432745
2.258703
2.316574
2.180329
2.376265
2.565991
2.080067
2.128348
2.433751
2.408287
2.552957
2.12235
1.974528
2.280925
2.103501
2.274799
2.419476
2.106361
2.384732
2.246827
2.264264
2.41223
2.199547
2.2552
2.421596
2.442337
2.136763
2.307423
2.549281
2.191273
2.241189
2.353645
2.095539
3.171159
2.178295
2.149661
2.315007
2.451213
1.966805
2.584365
2.282349
2.552593
2.445684
2.373166
2.092512
2.15043
2.157715
2.216132
2.233358
2.564398
2.205172
2.860695
2.08779
2.457723
2.10966
2.217475
2.477272
2.145961
2.416022
2.21956
2.433509
2.392823
2.175293
2.722208
2.245998
2.323056
2.49585
2.743935
2.03109
2.048067
2.29739
2.623337
2.180083
2.06575
2.27617
2.042784
2.478705
2.457947
2.196331
2.177726
2.338451
2.420764
2.122808
2.560903
2.29854
2.121468
1.965777
2.526612
2.447343
2.359905
2.203875
2.266622
2.543313
2.266479
2.770668
2.189394
2.217325
2.049273
2.169961
2.206797
1.98235
1.953282
2.017891
2.512037
2.129516
2.415855
1.97522
2.290228
2.333435
2.234952
2.164339
2.024736
2.563172
2.475033
2.178209
2.005216
2.19624
2.216646
2.254401
2.234343
2.754206
2.644687
2.044892
2.077292
2.245298
2.461213
2.124035
2.197996
2.195441
1.981319
2.380416
2.171161
1.829748
2.263846
2.173362
2.359666
2.298222
2.039626
2.050972
2.293175
2.386643
2.118938
1.906297
2.15658
2.138045
1.846653
2.378326
2.123594
2.427457
2.152596
2.109937
1.763719
1.98278
1.925886
2.065478
2.419899
2.490158
2.813528
2.024367
2.011388
1.813811
1.909971
2.206726
2.076448
2.30696
2.374809
2.011537
1.818957
1.832204
1.696411
2.136333
2.17132
2.312032
1.968993
1.913819
2.088453
2.161174
2.173943
1.911452
1.987805
2.132679
2.597811
1.976887
1.998443
2.012655
2.497032
1.91609
1.94914
2.02861
1.956839
1.96448
2.218383
1.945376
2.197501
1.980475
2.273446
2.001015
2.479922
2.328491
2.193826
2.231324
2.547175
2.011539
2.370098
2.06988
2.474432
2.264552
2.080918
2.146341
1.937587
2.268334
2.20468
2.33564
2.163151
1.9338
2.093149
1.996984
2.17317
2.17197
1.996089
2.118112
2.14243
2.024718
2.328564
2.42089
2.325005
2.369951
2.008805
2.335628
2.297474
2.145224
2.400137
2.534064
2.427757
2.446586
2.424079
2.340485
2.223585
2.254697
2.456281
2.478983
2.53169
2.393895
2.423179
2.312353
2.861213
2.446056
2.313927
2.431719
2.022053
2.400152
2.345492
2.986899
2.346998
2.43503
2.427794
2.592337
2.320262
2.163589
2.407486
2.320721
2.135044
2.324072
2.418035
2.411223
2.350017
2.168133
2.55566
1.942881
2.165267
2.640162
2.468237
2.225434
2.119955
2.350106
2.310253
2.398288
2.214396
2.199544
2.098284
2.315197
2.631345
2.392648
2.387125
2.363613
2.431714
2.403772
2.484443
2.221565
2.293217
2.100079
2.033725
2.323975
2.631802
2.318441
2.425122
2.412749
2.177868
2.409719
2.026385
2.290194
2.190708
2.169039
2.296626
2.425482
2.405523
2.301266
2.066023
2.50555
2.384967
2.194536
2.733612
2.617056
2.619253
2.455219
2.477431
2.440317
2.677657
2.24095
2.160445
2.648669
2.097114
2.35395
2.693295
2.539926
2.121675
2.353613
2.318297
2.23445
2.276982
2.288549
2.39077
2.569101
2.643909
2.219156
2.528393
2.651585
2.411352
2.226549
2.432676
2.651904
2.502933
2.636876
2.428593
2.385796
2.21219
2.449685
2.355696
2.440027
2.654378
2.382784
2.411131
2.152068
2.314508
2.246292
2.257801
2.579767
2.334377
2.454402
2.279602
2.548064
2.349059
2.317728
2.395189
2.412386
2.214749
2.099307
2.780454
2.089591
2.487515
2.048315
2.68861
2.314612
2.259281
2.212599
2.64048
2.450637
2.320899
2.741188
2.2233
2.608882
2.197618
2.26389
2.071132
2.202935
2.176843
2.227677
1.905532
2.198689
2.112484
2.192946
2.147195
2.310246
2.226147
2.192241
2.17221
2.260442
2.204834
2.173711
2.206154
2.149237
2.614533
2.099285
2.023864
1.970196
2.064299
2.457052
1.937307
2.139862
2.016501
2.103016
2.067397
2.179237
2.178563
2.261834
2.27415
2.076576
2.18042
2.437251
2.430746
2.260583
2.05052
2.101111
1.983035
2.165354
2.013207
2.447545
2.141944
1.982312
2.075542
1.820376
2.68811
2.322253
2.286795
2.34081
2.317805
2.233808
2.028077
2.543538
2.548171
2.207903
2.507063
2.09158
2.332419
2.302087
2.503164
2.287137
2.366813
2.251681
2.428953
2.323351
2.536399
2.181015
2.363396
1.992341
2.227038
2.387908
2.447962
1.916629
2.669999
2.780092
2.385157
2.163346
2.444666
2.138573
2.376937
2.362786
2.160068
2.049237
2.077371
1.918731
2.052991
2.272433
1.911687
2.191677
2.298945
2.482686
2.238544
2.089543
2.39139
2.476722
2.258687
2.260122
2.297438
2.157367
2.17594
2.15446
2.114239
1.80446
2.526184
2.113876
1.963048
2.200091
2.095668
2.031787
2.112903
1.904525
2.115392
2.058455
2.051336
2.059327
1.888768
2.233602
2.028141
1.902982
2.083007
2.108589
2.060001
1.660132
1.958903
2.074788
1.721134
1.720029
2.055986
2.012636
1.984471
2.146449
2.081526
1.833802
2.264601
1.957519
1.973174
2.276208
2.041703
1.870127
2.121272
2.148093
2.025435
1.612141
2.254255
1.718223
2.285013
1.859214
2.329944
1.957526
2.290072
1.943252
2.169829
2.076636
1.967225
1.882409
1.867759
1.915948
1.835705
2.397995
1.652572
1.97034
1.951544
2.153086
1.780776
1.873075
1.960906
1.873586
1.931112
2.130361
1.815857
1.595674
2.428078
1.911276
1.648474
2.23209
2.010333
2.10288
2.107637
2.22276
2.018726
2.033528
2.158358
1.975332
2.120717
2.10522
2.413203
2.373128
2.06237
2.111154
2.029204
2.214686
1.82456
2.237928
2.355628
2.131337
2.121311
2.476153
1.858424
1.998134
2.329699
2.037176
2.154621
2.05943
2.065355
2.005302
2.203637
2.159034
2.313484
1.99726
1.784173
1.880661
1.981869
2.115406
2.602988
2.197538
2.088444
2.289944
2.158647
2.355253
2.288131
2.114364
2.318062
2.230708
2.251872
2.225349
2.047868
1.916302
2.464104
2.273738
1.992348
2.177666
2.031388
2.128372
1.940712
2.199035
2.323913
2.229772
2.299309
2.147249
2.839489
2.473661
2.502319
2.316655
2.518172
2.192732
2.386691
2.248477
2.244861
2.558389
2.374803
2.12106
2.287992
2.259604
2.061983
2.310135
2.552433
2.401904
2.327238
2.323274
2.495516
2.196035
1.971862
2.211501
2.338295
2.854452
2.162666
2.73604
2.425511
2.661791
2.386242
1.933695
2.43807
2.302178
2.293889
2.180419
2.257608
2.492162
2.28971
2.45917
2.278183
2.774061
2.385103
2.384005
2.073884
2.303653
2.359353
2.280302
2.623475
2.508177
2.192888
2.314802
2.392817
2.111962
2.515449
2.350485
2.381658
2.176869
2.509747
2.261269
2.336696
2.121425
2.331351
2.155474
2.030495
2.464755
2.198671
2.165036
2.476692
2.374705
2.634492
2.092505
2.222986
2.453636
2.351534
2.449006
2.17086
2.368828
2.731099
2.406718
2.381668
2.575713
2.301667
2.602562
2.644287
2.106017
2.307463
2.31267
2.554435
2.289814
2.306615
2.182512
2.183403
2.296109
2.363962
2.417843
2.298665
2.629422
2.250078
2.134853
2.461081
2.328516
2.310438
2.303199
2.369874
2.325187
2.269968
2.571544
2.620078
2.339198
2.128721
2.389466
2.586208
2.336475
2.162062
2.204194
2.319096
1.924069
2.058769
2.75612
2.040938
2.345638
2.032823
2.106239
2.323789
2.424954
2.253769
2.157916
2.035176
1.975316
2.151318
2.31315
2.120907
2.054468
2.168509
2.209002
2.452371
2.203788
2.25632
2.207665
2.080405
2.062815
2.149579
2.099669
2.355114
2.062309
2.024945
2.287379
2.35658
2.47722
2.06829
2.110333
2.450174
2.162758
2.347838
2.122441
2.274498
2.105497
2.073954
1.995023
2.149614
2.134269
2.043281
2.278078
2.67756
2.162022
2.288388
2.192504
2.348717
1.851463
2.158484
2.273912
2.24307
2.804105
2.373596
2.236325
2.100989
2.415032
2.557755
2.053422
2.391416
2.235937
2.307627
2.201703
2.377896
2.243491
2.244858
2.196546
2.061057
2.058092
2.019404
2.258252
2.156845
1.830714
1.879414
2.557049
2.22221
2.382687
2.519382
2.234529
2.152151
2.121399
1.753319
2.204153
2.177553
2.18979
2.297612
2.301955
2.110302
2.672804
2.215888
1.914599
1.606602
2.373406
2.486314
1.966717
2.391392
2.46526
2.08168
2.178196
2.102346
2.122575
1.940804
2.398737
2.167538
2.286815
2.13912
2.367197
2.266717
2.23633
2.16074
2.252733
2.237191
2.17571
2.126251
2.863548
2.395695
2.357378
2.433868
2.019875
2.109739
1.77076
2.34597
2.145684
2.360399
2.575872
2.229642
2.173554
2.21601
2.215156
2.547937
2.401887
2.102992
2.308119
2.308291
2.081218
1.869628
2.090239
2.624591
2.13185
1.983667
2.196434
2.438143
2.302942
2.487854
2.145096
2.224294
2.320877
2.455443
2.007587
2.695381
2.085035
2.077559
2.142861
2.579016
2.152493
2.248784
2.356941
2.536753
2.44156
2.303988
2.330448
2.433572
2.160961
2.243164
2.203672
2.530496
1.932644
2.167292
2.20135
2.458137
2.490537
2.158527
2.439438
2.428228
2.21826
2.429312
2.386947
2.486046
2.32822
2.136698
2.241606
2.284069
2.1826
2.334501
2.130788
2.334135
2.139368
1.838172
2.311487
1.997508
1.851057
2.107313
2.526723
2.127555
2.133999
2.500456
2.203095
2.20098
2.277733
2.153729
2.72401
1.930052
2.140716
2.278768
2.008863
2.1514
2.247102
2.182145
2.214749
2.17496
1.754013
2.146149
2.033475
2.650253
2.014112
2.319066
2.304627
2.251676
1.965871
2.229832
2.257501
2.389839
2.773802
2.375457
2.199888
1.982869
2.282611
2.598775
2.512224
2.421944
2.263764
2.216247
2.287076
2.317884
2.441893
2.202998
2.337442
2.234838
2.17403
2.189656
2.258067
2.320051
2.458655
2.330813
2.421263
2.271164
2.59462
2.220383
2.476388
2.382408
2.382701
2.346238
2.287327
2.215027
2.553603
2.779842
2.132477
2.457948
2.682415
2.507152
2.111182
2.192723
2.406527
2.329332
2.302185
2.446849
2.369327
2.148025
2.06247
2.522419
2.08354
2.356401
2.253802
2.671051
2.214052
2.035302
2.618049
2.304449
2.294907
2.339952
2.141695
2.049197
2.319989
2.466233
2.190371
2.110929
2.436657
2.2341
2.375773
2.284751
2.059611
2.033966
2.164075
2.172214
2.473196
2.486045
2.451012
2.384251
2.167665
2.453443
2.280825
2.449587
2.187092
2.322104
2.013345
2.517228
2.403012
2.200575
2.280794
2.246299
2.493919
2.286915
2.030106
2.386807
2.61569
2.562611
2.505247
2.051068
2.230933
2.015597
2.341538
2.116205
2.116578
1.996672
2.304332
2.461559
2.354387
2.454163
2.275539
2.175546
2.264357
2.121471
2.69164
2.469756
2.281895
2.680434
2.16871
2.616111
2.351643
2.026875
2.467456
2.367361
2.412154
2.560554
2.385288
2.464331
2.08102
2.533874
2.226622
2.63673
2.377535
2.385821
2.500559
2.391051
2.120008
2.210887
2.399073
2.432075
2.438684
2.228266
2.271753
2.07831
2.376954
2.362791
2.177423
2.196114
2.084906
2.611702
2.201896
2.240808
2.235749
2.086671
2.137575
2.25621
2.447977
2.119057
2.309489
2.327857
2.518858
2.064155
2.074598
2.326255
2.356421
2.472495
2.002714
2.334162
2.20612
2.053918
2.294097
2.194688
2.062767
2.418361
1.967678
2.274126
2.428666
2.58962
2.059554
2.066686
2.24546
2.227159
2.073981
2.286885
2.27813
1.93578
2.339904
2.278141
1.979687
1.931825
2.354782
1.935084
2.334959
2.011272
1.95992
2.423259
2.113944
2.224179
2.209192
2.078844
2.162124
2.150671
2.341182
2.274815
2.583701
2.368465
2.086176
2.578621
2.185127
2.151768
2.429034
2.534531
2.514462
2.12892
2.147314
2.095021
2.029966
2.328668
2.375547
2.11345
2.256763
2.287052
2.355983
2.338618
2.412837
2.161321
2.400165
2.739939
2.38938
2.513972
2.445381
2.451316
2.419494
2.293634
2.269856
2.740163
2.16622
2.098926
2.039614
2.066129
2.609776
2.554407
2.336533
2.566942
2.360978
2.158283
2.517456
2.536709
2.563508
1.958479
2.656653
2.584061
2.048464
2.077126
2.273373
2.056769
1.89014
1.966679
2.276812
2.493275
2.290479
2.414812
2.29022
2.502793
2.102879
2.067389
2.766194
2.874339
2.350428
2.406283
2.031538
2.252026
1.959864
1.804839
2.082685
2.325407
2.532928
2.151111
1.94706
2.147952
1.951449
2.149553
2.192079
2.210761
2.044837
1.945313
1.922507
2.318555
2.072447
2.214825
1.830349
2.230044
2.311377
2.424454
2.025772
2.580581
2.10622
1.953948
1.916166
2.49475
2.320278
2.49767
2.075524
2.176142
2.476404
2.094137
2.292344
2.366269
2.221537
2.065098
2.368644
2.126294
2.252697
2.390205
2.238295
2.142251
1.768755
2.326071
2.430535
2.072852
2.008072
2.215104
2.06907
2.400176
2.155496
2.147991
2.232659
1.899001
2.09013
2.143038
2.277364
2.284746
2.260622
2.168169
2.20009
2.219851
2.440153
2.034652
2.049414
1.924691
2.380142
2.183483
2.149901
2.46644
2.256258
2.12761
1.874971
2.323291
2.097482
2.138603
1.964507
2.11877
2.314827
1.966267
2.428261
2.274918
2.26436
2.186111
2.386925
2.490891
2.263298
2.327599
1.779561
2.028328
2.100726
2.193968
2.062916
2.122948
2.27363
2.049273
2.430672
2.739397
2.239747
2.254612
2.397706
2.194395
2.252917
2.192967
2.08404
2.330792
2.294262
2.104205
2.073351
2.28432
2.05596
2.056556
2.348717
2.166792
1.996434
2.2007
2.015877
2.273957
1.864864
1.986712
2.379834
2.440792
2.262113
2.338771
2.155763
2.177868
1.796489
2.297413
2.10986
2.373417
2.143351
2.426153
1.856292
2.345882
2.180529
2.327702
2.250199
2.343769
2.524046
2.032833
1.856663
1.962936
2.470216
1.89042
2.373111
1.817095
2.000205
1.944622
2.391943
2.267715
2.227458
2.354768
2.118777
2.277457
2.321198
2.129229
2.309856
2.225163
2.162192
2.439818
2.181269
2.022659
2.139564
2.361633
2.208922
2.331865
2.206728
1.980172
2.182416
2.294386
2.045906
1.860243
2.150355
2.326094
2.129884
2.283167
2.042021
2.266318
2.260755
1.874038
2.396175
2.132685
1.90668
2.264382
1.895833
2.360529
2.441386
2.10485
2.232297
2.14131
2.139737
2.097829
2.349192
2.261133
1.971049
2.291577
2.30346
2.504279
2.147901
2.325902
2.386165
2.535894
2.13002
2.003259
2.245376
2.306035
2.258203
2.360408
2.142773
1.939832
2.256844
1.954949
2.235716
2.045268
2.312742
2.093383
2.187173
2.175962
2.211989
2.376629
1.988922
2.330358
2.308767
2.26691
2.274682
2.562162
2.423783
2.362827
2.222507
2.206653
2.410527
2.514715
2.117698
2.142636
2.124893
2.442692
2.382294
2.620552
2.060092
1.861894
2.395632
2.186948
1.829526
2.101268
2.262663
2.272307
1.971018
2.397463
2.15979
2.533823
2.395423
2.641205
2.20203
1.914174
2.403369
2.348915
2.131324
2.24189
2.132403
2.349503
2.210721
2.359695
2.276927
2.176104
1.989841
2.338158
2.420228
2.086486
2.014702
2.350365
2.07778
1.991174
1.998642
1.909786
2.327373
2.130734
2.025147
2.239103
2.010905
2.011621
2.264714
1.987139
2.510084
2.014558
2.100484
2.509371
2.28892
1.980335
2.212065
2.390333
1.959666
2.201157
2.385055
2.06512
2.336594
2.047266
2.671939
2.057439
2.166156
2.227365
2.141178
2.302285
2.247288
2.194634
2.14725
2.126593
2.189783
2.379813
2.060028
2.123365
1.833253
2.157467
1.943774
2.096992
2.030802
2.539847
1.904869
1.92907
1.795918
2.060362
2.147092
1.989373
2.255192
2.151121
2.091868
2.372752
2.200474
2.345961
2.287727
2.366685
2.066941
2.34113
2.271209
2.290386
2.034192
2.180207
2.022305
2.087299
2.496078
2.23079
2.025911
2.261538
1.838787
2.020225
2.086823
2.400867
2.306945
1.965377
2.148885
2.356158
1.950116
2.198865
2.155739
2.295539
2.143259
2.420756
2.207625
2.070539
2.140308
2.089918
2.149141
2.205053
1.874002
2.342627
2.121096
2.54383
2.017063
1.983384
2.286601
2.379363
2.124035
2.030053
2.363654
2.251719
1.892836
2.406189
2.009916
1.932251
2.033158
1.770546
2.495284
2.182057
2.117612
2.039708
2.373892
2.202855
2.346801
1.987225
2.014311
2.029965
2.270936
2.237001
2.237517
2.123059
2.264331
2.461761
2.305103
2.231503
2.154124
2.480894
1.913912
2.264526
1.973819
2.069323
2.472232
2.213703
2.140855
2.526647
1.973614
2.329184
2.14169
2.241555
2.244821
1.986068
2.203437
2.355969
2.417863
2.457105
2.08211
2.239655
2.34745
2.799214
2.325311
2.198895
2.291858
2.404213
2.207639
2.222191
2.190787
2.628941
2.23493
2.524763
2.197095
2.074107
2.116411
2.297403
2.427694
2.058057
2.376331
2.606479
2.616607
2.423474
2.014251
2.178579
2.099316
2.118799
2.297646
2.500038
1.909813
2.139616
2.385858
2.497758
1.969322
1.973878
2.502698
2.105285
1.84867
2.091611
2.089939
2.231187
2.252024
2.127784
2.063881
1.897174
2.174734
2.024006
2.178803
1.948386
2.287507
2.404261
2.127849
1.946957
2.446624
2.118426
2.38901
2.000791
2.199947
1.97769
2.257915
2.228709
2.193184
2.189607
2.312325
2.204425
2.263017
2.20265
2.086574
2.281681
2.432511
2.121448
2.090226
2.105271
2.356226
2.256654
2.084337
2.165553
2.463571
2.520545
2.407852
2.039303
2.236057
2.357737
2.265499
2.413053
1.935185
2.550765
2.410591
2.065968
2.539046
2.027743
2.446367
1.932435
2.340282
2.301741
2.124624
1.929894
2.360954
2.586928
2.191053
2.352645
2.367915
2.347901
2.516502
2.465651
2.694785
2.314407
2.190911
2.061251
2.709899
2.169647
1.920537
2.388368
2.269577
2.261245
2.288195
2.40539
2.323346
2.123864
2.204482
2.199242
2.550655
2.045636
2.227208
2.399123
2.410752
2.65224
2.326123
2.112934
2.143553
2.347947
2.195441
2.301112
1.935999
2.32707
1.906552
2.117554
1.931258
2.261961
2.094869
2.050779
1.900459
1.977116
2.185577
2.203415
2.32161
2.207916
2.103279
2.163792
2.497414
1.815071
2.430199
2.327053
2.261013
2.385524
2.16821
2.26662
2.271201
2.295951
2.002381
2.167609
2.469376
2.495184
2.254053
2.148958
2.094998
2.231959
2.081476
2.383466
2.175188
2.301481
2.304024
2.300825
1.812842
1.995183
2.208817
2.206059
2.261064
2.006942
2.002747
2.020718
2.248053
2.065746
1.852364
2.693657
2.340501
2.096975
2.427448
2.253467
2.143098
2.19305
2.437821
2.440498
2.325905
2.313717
2.39566
2.254882
2.18009
2.57276
1.850319
2.121391
2.344474
2.169473
2.402738
2.504891
2.424719
2.420555
2.587182
2.40901
2.303307
2.206837
2.314295
2.544501
2.367464
2.530127
2.342448
2.227498
2.49386
1.929208
2.269804
2.327922
2.03682
2.231832
2.342198
2.474177
2.008204
2.070349
2.416587
2.331335
2.147571
2.616897
2.145012
2.152823
2.329071
2.365718
2.290733
2.641337
2.574764
1.962201
2.457394
2.25419
2.110215
2.557335
2.4506
2.044219
2.487589
2.037592
2.661768
2.190952
2.41675
2.066623
2.517991
2.290204
2.309644
2.207409
2.288079
2.219868
2.335087
2.435715
2.326928
2.09591
2.305678
2.382222
2.616913
2.152281
2.04344
2.04776
2.292819
2.258397
2.491654
2.275012
2.139964
2.352942
2.064162
2.042839
2.171
2.123895
2.270314
2.474631
2.118401
2.139053
2.238515
2.168728
2.707076
2.173424
2.236842
2.059758
2.312524
2.178892
2.370074
2.087014
2.446693
2.326817
2.063267
2.388488
1.899167
2.223412
2.100395
2.022217
2.150675
2.13703
2.195784
2.303341
2.057007
2.213348
2.331634
2.132421
2.207945
2.139253
2.014776
2.564854
2.286613
1.840436
1.970986
1.965765
2.149644
2.082222
2.022506
2.121627
2.247035
2.547345
2.292838
2.169041
2.097474
2.320993
2.4995
2.215035
2.096588
2.109391
1.997259
2.217612
2.264719
2.261411
2.048558
2.457739
2.246771
2.320909
2.213381
2.149018
2.015651
2.548674
2.364939
2.205393
2.219353
2.163243
2.156664
2.213038
2.350969
2.051832
2.172231
2.100157
2.157775
2.223525
1.850124
2.141871
2.049149
2.154962
2.175477
2.028928
2.330392
2.323431
2.241097
2.309323
2.141419
2.111513
2.037097
2.32798
2.145273
2.199339
2.158427
2.031577
2.176863
1.89168
2.567516
2.623406
2.073732
2.349171
2.04548
2.350196
2.209792
2.156554
2.102507
2.297844
2.223307
2.190674
1.973367
2.343134
2.055458
2.039905
2.12561
2.127618
2.11792
2.325338
2.195967
2.211834
2.12695
2.561858
2.358331
2.374147
2.310048
2.055108
2.555316
2.123872
2.288102
1.963895
1.951346
2.14078
2.10495
2.179874
2.373001
1.969351
1.958007
1.97226
2.145249
2.208313
2.057438
1.876414
2.013326
1.8598
2.461378
1.853711
2.412772
2.058321
2.53056
2.133216
1.828453
2.039033
2.195035
1.944429
1.947154
2.363777
2.327605
2.246514
2.224858
2.125968
1.973245
2.172471
2.21656
2.035163
1.986853
2.238614
2.233987
2.371751
2.309237
2.095827
1.900973
2.138752
2.371323
2.137006
2.320823
2.251428
2.303857
2.420421
2.746222
2.246771
2.419322
2.414477
2.256558
2.330616
2.067987
2.385818
2.417389
2.235497
2.321657
2.251783
2.619743
2.325363
2.356141
1.883201
2.317537
2.181652
2.317873
2.241191
2.431726
2.498582
2.393793
2.319689
2.584131
2.293846
2.398134
2.378629
2.005096
2.160184
2.279641
2.191106
2.058461
2.741997
2.414397
2.316966
2.638708
2.447308
2.234835
2.325361
2.318848
2.395473
2.624365
2.557553
2.23688
2.150352
2.235748
2.467769
2.125125
2.474319
2.218551
2.440336
2.441978
2.220448
2.061612
2.116888
2.442915
2.246634
2.325268
2.266586
2.303998
2.566587
2.135688
2.405732
2.471782
1.990799
1.967495
2.289446
2.246206
2.423699
2.160067
2.444728
2.000698
2.352781
2.294188
2.146286
2.417208
1.946674
2.001401
2.223221
2.055574
2.780374
2.321664
2.427293
1.906341
2.428156
2.39801
2.188832
2.037561
2.545777
2.302926
2.497153
2.276724
2.211941
2.38995
2.19573
2.363015
1.958057
2.33338
2.525901
2.361288
2.470177
2.376231
2.164785
2.337068
2.395573
2.241359
2.447932
2.264401
2.39316
2.069244
1.981586
2.257356
2.503015
1.974094
2.490422
1.967212
2.105696
2.113398
2.354451
2.287663
2.171007
2.009405
2.277875
2.172105
1.8625
2.224056
2.258078
2.48382
2.253652
2.093226
2.245269
2.548295
2.290424
2.435477
2.175767
2.07972
2.359571
2.432747
2.228422
2.312596
2.131932
2.373284
2.073503
2.153833
2.185658
2.108922
2.392942
2.573632
2.295319
2.196857
2.432454
2.141663
2.308336
2.068143
2.043361
2.686128
2.422879
2.438881
2.319113
2.179668
2.243267
2.084591
2.148552
2.471117
2.144381
2.510661
2.232763
2.047354
2.316291
2.219347
2.002253
2.12267
2.758353
2.489176
2.366024
2.241577
2.331111
2.399835
2.105538
2.546224
2.343557
2.746681
2.376999
2.67327
2.152251
2.430138
2.449663
2.488997
2.321232
2.429337
2.370266
2.205398
2.796935
2.386286
2.419024
2.488815
2.178148
2.447458
2.019717
2.168497
2.089334
2.779964
2.103967
2.327994
2.320058
2.349356
2.230647
2.169641
2.245342
2.165643
2.197258
2.36652
2.181887
2.145349
2.333617
2.208393
2.409281
2.355659
2.620493
2.559076
2.296683
2.416384
2.391557
2.347065
2.585727
2.453346
2.218234
2.356669
2.33362
2.039969
2.162898
2.144454
2.676495
2.517261
2.383656
2.210001
2.636237
2.513283
2.131337
2.109689
2.21396
2.12732
2.389585
2.560444
2.327277
2.192992
2.267197
2.517008
2.294911
2.256384
2.12811
2.213198
2.284768
1.954112
2.127584
2.316407
2.343445
2.212902
2.578885
2.321407
2.515097
2.012539
2.2082
2.363646
2.476414
2.754474
2.013524
2.47102
2.469046
2.476781
2.301849
2.233023
2.201616
1.850346
2.279584
2.161945
2.14687
2.196667
2.047154
2.188311
2.120719
2.087129
1.976859
2.487596
2.10368
2.375236
2.141252
2.115972
2.341441
2.141307
2.412014
2.210526
2.119583
2.185388
2.324987
2.090916
2.368158
2.133283
2.372281
1.960723
2.074116
2.30016
2.060906
2.027339
2.06047
2.067305
2.215452
2.036352
2.068418
2.215869
1.930707
2.054918
1.989383
2.373812
2.219036
2.05581
2.186295
2.0108
2.248168
2.220394
2.705022
2.209215
2.616788
2.186731
2.080298
1.939372
2.313028
2.145927
2.120626
2.220354
2.397092
2.264882
2.29084
2.108424
2.133563
2.268477
2.179104
2.154499
2.156566
2.563234
2.013799
2.102473
2.395782
2.398443
2.638308
2.465365
2.002931
2.152434
2.472464
2.0663
2.253329
1.999604
2.190934
2.067005
1.936302
1.981147
2.224425
2.282031
2.236502
2.191201
2.52299
2.37276
2.402903
2.148577
2.255606
2.480326
2.52083
2.013278
2.382367
2.654434
2.07153
2.143803
2.087713
2.01139
2.057498
2.227042
2.240737
2.262094
2.157907
2.284112
2.16767
2.007034
2.418677
2.107958
2.72754
1.906766
2.595128
2.313949
2.383279
2.126689
2.402324
2.601607
2.205716
2.376568
2.686654
2.113288
2.412846
2.160808
2.062865
2.302649
2.458404
2.132297
2.24262
1.948478
2.144469
2.244505
2.402259
2.200402
2.474106
2.238355
2.360505
2.39213
2.258066
1.976972
2.160954
2.297236
2.02042
2.135436
2.604588
2.327842
2.786714
2.137316
2.209769
2.280448
2.123228
2.280505
2.216521
2.134907
2.2931
2.069915
2.215286
2.084721
2.494038
2.239224
2.019499
2.566541
2.2638
2.355991
2.121753
1.937893
2.014865
2.399394
2.047401
1.77583
2.497068
2.408185
2.3326
2.477831
2.292808
2.67048
2.387044
1.92976
1.978047
2.372772
1.977406
2.332773
2.482096
2.276887
2.205305
2.503206
2.23758
2.328548
2.319922
1.913234
2.470046
2.119253
2.18855
2.05141
2.200146
2.515058
1.715927
2.133742
1.90149
2.093841
2.089072
2.083011
2.23105
2.22011
2.174848
2.253105
2.503388
2.308204
2.047457
1.915574
2.190191
2.052733
2.365189
2.161809
2.015824
1.974464
2.192869
1.931901
1.896555
2.13851
2.144367
1.835465
2.276357
1.890834
2.374449
2.20413
2.618833
2.333285
1.63968
2.016691
2.050807
2.106922
1.85962
2.314809
2.11843
1.761723
2.232384
2.038796
2.438291
1.983719
2.111137
2.202602
1.963345
2.129606
1.848583
2.161366
2.476122
2.235881
2.191651
1.970396
1.986507
2.182502
2.118469
2.646809
2.149852
2.330023
2.238342
2.120963
2.4948
2.132553
2.157026
2.599006
2.080259
2.097094
2.166587
2.182921
2.697666
2.230476
2.139811
2.285829
2.386294
2.164037
2.202961
2.295342
2.169463
2.180137
2.37168
2.529824
2.403084
1.902983
2.461984
1.938836
2.307168
2.260228
2.509713
2.470014
2.287019
1.867346
2.37539
2.381255
2.158677
2.0565
2.2219
2.225486
2.185296
2.514942
2.830112
2.216511
2.07573
2.38583
2.2782
2.309505
2.137911
2.093842
2.240529
2.347117
2.347404
2.420792
2.220472
2.213135
2.405132
2.220521
2.584223
2.251731
2.286262
2.174043
2.304021
2.244977
2.284968
2.173695
2.039078
2.113045
2.555305
2.485672
2.65923
2.338675
2.245885
2.167932
2.236505
2.253156
2.311101
2.244798
2.369978
2.150744
2.532418
2.218414
2.05144
2.108774
2.685042
2.231385
2.270414
2.512431
2.413735
2.34722
2.61399
2.597852
2.459051
2.349832
2.50091
2.429607
2.706616
2.451595
2.578603
2.491574
2.182051
2.426019
2.190369
2.080523
2.312501
2.103692
2.425821
2.307341
2.490784
2.537299
2.401979
2.460645
2.352293
2.310511
2.445185
2.526764
2.027146
2.095821
2.474536
2.527084
2.254164
2.424033
2.398518
2.058402
2.198876
2.414647
2.517955
2.450871
2.28552
2.306896
2.635192
2.233335
2.409493
2.324425
2.344486
2.06619
2.307216
2.552524
2.049771
2.527908
2.200209
2.185404
2.789112
2.12691
2.183387
2.19532
2.453548
2.506998
2.166751
2.279227
2.148293
2.474664
2.246672
2.57385
2.167502
2.476586
2.427524
2.542445
2.391267
2.248179
2.520128
2.228529
2.279597
2.461924
2.151065
2.229459
2.370792
2.418637
2.411833
2.19309
2.190249
2.147154
2.013476
2.116634
2.102618
2.146303
2.153868
1.952058
2.159109
2.321464
2.222013
2.646575
2.145922
2.39828
2.279654
2.506412
2.262907
2.362732
2.146366
2.259477
2.090066
2.250251
2.400966
2.218162
2.32123
1.997243
1.999033
2.073152
2.357046
2.166194
2.289964
2.435329
2.377777
2.326418
2.274587
2.505951
2.218747
2.21633
2.289204
2.404908
2.279072
2.114779
2.384733
2.304151
2.510166
2.361578
2.387652
2.451354
2.029156
2.196895
2.136838
2.184857
2.231663
1.99094
2.348638
2.222396
2.23971
2.451109
2.505214
2.249543
2.508286
2.255112
2.194812
1.999742
2.179274
2.401952
2.295662
2.401357
2.489104
2.152514
2.164035
2.308062
2.204101
2.408279
2.292411
2.180986
2.369866
2.327777
2.743242
2.420338
2.4129
2.355115
2.541742
2.100553
2.378193
2.281365
2.074788
2.271733
2.201524
2.375154
1.880967
2.314854
2.070858
2.531215
2.235324
2.527303
2.322586
2.142963
2.267698
2.259719
2.167647
2.408224
2.210874
2.273577
2.436471
2.164725
2.017354
2.128229
2.324404
2.135114
2.289816
2.525535
2.123578
2.305517
2.404358
2.278541
2.343708
2.343373
2.591787
2.17948
2.578412
2.287094
2.454631
2.637635
1.939758
2.112247
2.332099
2.288626
2.260169
2.268179
2.245188
2.274211
2.488129
2.278968
2.150641
2.196364
2.240881
2.25132
2.247358
2.429636
2.147168
2.903264
2.251472
2.241992
2.633012
2.339647
2.190611
2.20239
2.629992
2.441289
2.296254
2.343971
2.068484
2.20812
2.333503
2.151535
2.35754
2.196382
2.019925
2.19933
2.485894
2.293575
2.496334
2.078173
2.139411
2.038913
1.979936
2.542882
2.16769
2.208136
2.282839
2.802795
2.327092
2.316874
2.147237
2.427235
2.291073
2.210646
2.183904
2.292693
2.189638
2.047178
2.319734
2.810739
2.625699
2.293695
2.110072
2.415032
2.289454
2.301355
2.161498
2.205245
1.981806
2.615625
2.04149
2.50554
2.180663
2.031474
2.266453
1.94575
2.277551
2.350029
2.353125
2.144314
2.108086
2.215585
2.042732
2.403062
2.088703
1.933464
2.023865
2.420944
2.667947
2.284187
1.853719
2.457705
2.205747
2.035502
2.492533
2.380599
2.236062
2.111756
2.374462
2.504888
2.175231
2.314111
2.289965
2.597696
2.230051
2.14718
2.280942
2.340167
2.428438
2.379199
2.170576
1.973594
2.404642
2.370148
2.209284
2.084244
2.241724
2.102186
2.289612
2.195096
1.897431
2.051154
2.200195
2.422315
2.439413
2.37175
2.347266
2.319925
2.233109
2.283008
2.111388
2.099825
2.011455
1.936811
2.18862
2.229504
2.187094
1.966052
2.175486
2.345494
2.134948
2.335779
2.050624
2.314282
1.988741
2.141659
2.061686
2.128266
2.210103
1.89207
2.337049
1.961918
2.13439
2.288702
2.358317
2.314731
2.617903
2.532496
2.587556
1.952001
2.612658
2.373312
2.404967
2.135357
2.704531
2.444676
2.157652
2.035052
2.464752
2.175338
2.233648
2.027634
2.053076
2.108259
2.269746
1.99291
2.292833
2.308158
1.961533
1.848862
2.717358
1.873897
2.393571
2.143166
2.273962
2.265238
2.07747
2.219707
2.358411
2.520174
2.177319
2.131653
2.263325
2.114676
1.950913
2.33564
2.244494
2.387977
2.355577
2.259824
2.370961
2.056854
2.201967
2.154028
2.062979
2.44583
2.378358
2.31257
2.299629
2.315689
2.279382
2.036707
2.575856
2.349429
2.924076
2.478102
2.050823
2.217723
2.129368
2.265448
2.172735
2.37096
2.415723
2.16802
2.12056
2.206777
2.12007
1.822463
2.243572
1.831993
2.029088
2.16494
1.974558
2.470629
2.662546
2.077156
2.197515
2.316028
2.16099
2.008429
2.197119
2.137595
2.317239
2.197434
2.382895
2.476272
2.179492
2.219217
2.19539
2.43293
2.050309
2.316107
2.271403
2.014202
2.260238
2.059539
1.994849
2.661859
1.981829
2.23179
2.279803
2.690771
2.623436
2.731648
1.982823
2.462199
2.015654
2.544803
2.180082
2.034862
2.280111
2.487416
2.32433
2.247062
2.227615
2.216449
2.206233
2.17848
2.464836
2.141136
2.294516
1.930852
2.364849
2.216978
2.169851
2.334312
2.172813
2.400455
2.300033
2.219771
2.197666
2.364591
2.167193
2.214985
2.255134
2.359066
2.083036
2.269875
2.045431
2.409197
2.035191
2.12656
2.426091
2.099381
2.377788
2.162052
2.278734
2.182175
2.488538
2.410523
2.490563
2.524107
1.956487
2.594852
2.092956
1.968514
2.262337
2.080521
2.447187
2.228965
2.569293
2.313836
2.622705
2.415051
2.340208
2.363938
2.49587
2.165892
1.94598
2.089756
1.999462
2.347226
2.096123
2.233305
2.165848
2.39921
2.194468
2.211626
2.147245
2.092025
2.651052
2.208319
2.024815
2.416453
2.204363
2.404086
2.133041
2.177219
2.43442
2.59218
2.4332
2.278299
2.370282
2.169244
2.99777
1.938756
2.244481
1.97218
2.327685
2.107712
2.022608
2.207981
2.257445
2.042255
2.094152
2.530967
2.078089
2.081908
2.306592
2.128565
2.441166
2.072942
2.194882
2.147364
2.297474
2.067572
1.986848
2.28265
2.135448
2.414252
2.01818
2.333354
2.058823
2.056267
2.618856
2.012972
2.219895
2.549573
2.381176
1.968556
2.361871
2.164085
2.82813
2.441545
2.096168
2.713647
2.002725
1.834149
2.263131
1.988062
2.329154
1.913697
1.922768
2.492905
1.941344
2.134282
2.168242
2.073232
2.063293
