2.922769e-05
2.749893e-05
2.741685e-05
2.55998e-05
2.455612e-05
2.150482e-05
1.916732e-05
1.977101e-05
1.918073e-05
2.056449e-05
2.161178e-05
1.994074e-05
2.066544e-05
2.09257e-05
2.097552e-05
2.11544e-05
2.142149e-05
2.187871e-05
2.325892e-05
2.549144e-05
2.469796e-05
2.658144e-05
2.821382e-05
2.807693e-05
2.784279e-05
2.628355e-05
2.822991e-05
2.782255e-05
2.684757e-05
2.528594e-05
2.414938e-05
2.574498e-05
2.542965e-05
2.618993e-05
2.4775e-05
2.436476e-05
2.41759e-05
2.361118e-05
2.348791e-05
2.582317e-05
2.488524e-05
2.300658e-05
2.382776e-05
2.443459e-05
2.487628e-05
2.319895e-05
2.362413e-05
2.315072e-05
2.329934e-05
2.399533e-05
2.462849e-05
2.514343e-05
2.258143e-05
2.28628e-05
2.33967e-05
2.369391e-05
2.363011e-05
2.245001e-05
2.177981e-05
2.163329e-05
2.099226e-05
2.164976e-05
2.14833e-05
2.218684e-05
1.921978e-05
1.917147e-05
2.043712e-05
2.013682e-05
1.97881e-05
2.115133e-05
2.021327e-05
2.042746e-05
1.985784e-05
1.922106e-05
1.910741e-05
1.981008e-05
2.015316e-05
2.15013e-05
2.068574e-05
2.162586e-05
2.186916e-05
2.345559e-05
2.414858e-05
2.451511e-05
2.511482e-05
2.382516e-05
2.321908e-05
2.310691e-05
2.243598e-05
2.191714e-05
2.181869e-05
2.322802e-05
2.175653e-05
2.129677e-05
2.312382e-05
2.557105e-05
2.744265e-05
2.843896e-05
2.773849e-05
2.776008e-05
2.779669e-05
2.770919e-05
2.762577e-05
2.775476e-05
2.675509e-05
2.577676e-05
2.803454e-05
2.904795e-05
2.974901e-05
3.043902e-05
2.956564e-05
2.954131e-05
2.864711e-05
2.650827e-05
2.580882e-05
2.50082e-05
2.41686e-05
2.411108e-05
2.366127e-05
2.355481e-05
2.426358e-05
2.696185e-05
2.946941e-05
3.06661e-05
3.031452e-05
2.54359e-05
2.452563e-05
2.182712e-05
2.107085e-05
1.76255e-05
1.682753e-05
1.663018e-05
1.667234e-05
1.823301e-05
1.74938e-05
1.987775e-05
1.897321e-05
1.896414e-05
1.842735e-05
1.923569e-05
1.720333e-05
1.673961e-05
1.665281e-05
1.738031e-05
1.764274e-05
1.578433e-05
1.702273e-05
1.776754e-05
1.749504e-05
1.688113e-05
1.624325e-05
1.55801e-05
1.637952e-05
1.686808e-05
1.775038e-05
1.665435e-05
1.632099e-05
1.758117e-05
1.867179e-05
1.810983e-05
2.001102e-05
2.025419e-05
1.981179e-05
1.885496e-05
2.028651e-05
2.088661e-05
2.222854e-05
2.206093e-05
2.099396e-05
2.218091e-05
2.190186e-05
2.043784e-05
2.035511e-05
1.941606e-05
1.984479e-05
2.183231e-05
2.264627e-05
2.408936e-05
2.244854e-05
2.572018e-05
2.477462e-05
2.506868e-05
2.804689e-05
2.903728e-05
2.950298e-05
3.013683e-05
3.278096e-05
3.235894e-05
3.36151e-05
3.201002e-05
2.963667e-05
3.09157e-05
2.88399e-05
2.968116e-05
2.881106e-05
2.899353e-05
2.936346e-05
3.082315e-05
2.963799e-05
3.01088e-05
2.925775e-05
2.923167e-05
2.690774e-05
2.618834e-05
2.71054e-05
2.851068e-05
3.130527e-05
3.284745e-05
3.422324e-05
3.163243e-05
3.212325e-05
3.321318e-05
3.25384e-05
3.1476e-05
3.036824e-05
2.885488e-05
2.549719e-05
2.419517e-05
2.360451e-05
2.174069e-05
2.314504e-05
2.201476e-05
2.250896e-05
2.196444e-05
2.286342e-05
2.290077e-05
2.374971e-05
2.329305e-05
2.372414e-05
2.561297e-05
2.476222e-05
2.605227e-05
2.780033e-05
2.635267e-05
2.660444e-05
2.75028e-05
2.685419e-05
3.01505e-05
2.771403e-05
2.637079e-05
2.505442e-05
2.474071e-05
2.464809e-05
2.618597e-05
2.729043e-05
2.905274e-05
3.026103e-05
3.216395e-05
2.882602e-05
3.07698e-05
3.190508e-05
3.248127e-05
3.086747e-05
3.302631e-05
3.299934e-05
3.275064e-05
3.107023e-05
2.761219e-05
2.567695e-05
2.471243e-05
2.605114e-05
2.413501e-05
2.354132e-05
2.47961e-05
2.335824e-05
2.426367e-05
2.357e-05
2.285053e-05
2.160997e-05
2.356954e-05
2.63532e-05
2.498155e-05
2.516931e-05
2.848159e-05
2.671174e-05
2.565496e-05
2.586147e-05
2.270644e-05
2.344748e-05
2.2456e-05
2.476519e-05
2.226223e-05
2.293608e-05
2.335047e-05
2.170963e-05
2.289163e-05
2.318545e-05
2.317089e-05
2.462275e-05
2.751937e-05
2.71706e-05
2.993937e-05
3.072882e-05
2.848221e-05
2.896e-05
3.107544e-05
3.086556e-05
3.076344e-05
3.129542e-05
3.029725e-05
3.299364e-05
3.097209e-05
3.363246e-05
3.480837e-05
3.150213e-05
3.237998e-05
2.948741e-05
2.753781e-05
2.902499e-05
2.957648e-05
2.939271e-05
3.06206e-05
3.00835e-05
3.312596e-05
2.929897e-05
2.835165e-05
2.656819e-05
2.831248e-05
2.959646e-05
2.822082e-05
2.778284e-05
2.714965e-05
2.621097e-05
2.833163e-05
2.673812e-05
2.847907e-05
2.895146e-05
3.154894e-05
3.290827e-05
3.286844e-05
3.323038e-05
3.418524e-05
3.378755e-05
3.57982e-05
3.496342e-05
3.168333e-05
3.26259e-05
3.123867e-05
3.226901e-05
2.884269e-05
2.800226e-05
2.873929e-05
2.940861e-05
3.122057e-05
3.510796e-05
3.536889e-05
3.260915e-05
3.314066e-05
3.248924e-05
3.121172e-05
3.373895e-05
3.603076e-05
3.729479e-05
3.7554e-05
3.661246e-05
3.938194e-05
3.61534e-05
3.908683e-05
3.691154e-05
3.310386e-05
3.062193e-05
3.230744e-05
3.125913e-05
3.120428e-05
3.058575e-05
2.864449e-05
2.92115e-05
2.928538e-05
2.858588e-05
2.95155e-05
3.028791e-05
2.803552e-05
3.053179e-05
3.142522e-05
3.315605e-05
3.064787e-05
3.001298e-05
3.392572e-05
3.473903e-05
3.496075e-05
3.27862e-05
3.124123e-05
2.99997e-05
3.308553e-05
2.920958e-05
3.007844e-05
2.73218e-05
2.55052e-05
2.736935e-05
3.045456e-05
2.82521e-05
2.99003e-05
2.771832e-05
2.677063e-05
2.801172e-05
3.196322e-05
3.271551e-05
3.146998e-05
3.05345e-05
2.838488e-05
2.864733e-05
2.75621e-05
3.075352e-05
3.316685e-05
3.491964e-05
3.389584e-05
3.514756e-05
3.341222e-05
3.175522e-05
3.345965e-05
3.427475e-05
3.328776e-05
3.231934e-05
3.368893e-05
3.438968e-05
3.222778e-05
2.906384e-05
2.714994e-05
2.61998e-05
2.604547e-05
2.599622e-05
2.591318e-05
2.446959e-05
2.240108e-05
2.369038e-05
2.261872e-05
2.350528e-05
2.420288e-05
2.413883e-05
2.55767e-05
2.639474e-05
2.646662e-05
2.528371e-05
2.672124e-05
2.635941e-05
2.736925e-05
2.595985e-05
2.718399e-05
2.661206e-05
2.673626e-05
2.30381e-05
2.255429e-05
2.19675e-05
2.209606e-05
2.223748e-05
2.276584e-05
2.211679e-05
2.168337e-05
2.171629e-05
2.280283e-05
2.213041e-05
2.177189e-05
2.120619e-05
2.294937e-05
2.400981e-05
2.425055e-05
2.506892e-05
2.384086e-05
2.491293e-05
2.399136e-05
2.287126e-05
2.62229e-05
2.470691e-05
2.641444e-05
2.901918e-05
2.952092e-05
2.614658e-05
2.624109e-05
2.457974e-05
2.566856e-05
2.729832e-05
2.533708e-05
2.466485e-05
2.455591e-05
2.591601e-05
2.612312e-05
2.765186e-05
2.933553e-05
2.982986e-05
2.994859e-05
2.969419e-05
3.142794e-05
3.21643e-05
3.171559e-05
3.31866e-05
3.855417e-05
3.727434e-05
3.698046e-05
3.788403e-05
3.637784e-05
3.686231e-05
3.371872e-05
3.274007e-05
3.528268e-05
3.300333e-05
3.565134e-05
3.814925e-05
4.140932e-05
4.262799e-05
4.347915e-05
4.21367e-05
3.903132e-05
3.686087e-05
3.918478e-05
3.773425e-05
3.703906e-05
3.737186e-05
3.612206e-05
3.731079e-05
3.584331e-05
3.259132e-05
3.651295e-05
3.505797e-05
3.254849e-05
3.439302e-05
3.073232e-05
2.758603e-05
3.148118e-05
3.356452e-05
3.209178e-05
3.252026e-05
3.261939e-05
3.473838e-05
3.215451e-05
3.183895e-05
2.845351e-05
3.120116e-05
2.987141e-05
2.990905e-05
3.131046e-05
3.211904e-05
3.036694e-05
2.971041e-05
3.000737e-05
3.143421e-05
2.933546e-05
3.006718e-05
2.890625e-05
2.831622e-05
3.031071e-05
3.02367e-05
3.072507e-05
3.107746e-05
3.170022e-05
3.051208e-05
2.840699e-05
2.93557e-05
2.706969e-05
2.732111e-05
2.741774e-05
2.854411e-05
3.015037e-05
2.967741e-05
2.872646e-05
2.776854e-05
2.661602e-05
2.794617e-05
3.001857e-05
3.003704e-05
3.351944e-05
3.045102e-05
3.102497e-05
3.21652e-05
3.228197e-05
3.127709e-05
3.427402e-05
3.455982e-05
3.458754e-05
3.380111e-05
3.649904e-05
3.524046e-05
3.672077e-05
3.56779e-05
3.524411e-05
3.442421e-05
3.456906e-05
3.123063e-05
2.97439e-05
2.95935e-05
2.80373e-05
2.79309e-05
2.919444e-05
2.877701e-05
2.806326e-05
2.712457e-05
2.760516e-05
2.672e-05
2.581097e-05
2.406929e-05
2.45211e-05
2.468024e-05
2.544165e-05
2.606443e-05
2.406425e-05
2.506198e-05
2.332314e-05
2.431717e-05
2.268511e-05
2.235289e-05
2.500086e-05
2.597421e-05
2.634698e-05
2.540251e-05
2.576481e-05
2.663008e-05
2.501946e-05
2.521004e-05
2.691852e-05
2.548958e-05
2.379445e-05
2.238234e-05
2.418765e-05
2.203294e-05
2.201775e-05
2.313185e-05
2.283875e-05
2.447721e-05
2.451451e-05
2.114696e-05
1.932309e-05
1.729604e-05
1.794808e-05
1.754631e-05
1.770514e-05
1.701744e-05
1.662213e-05
1.652845e-05
1.673808e-05
1.555668e-05
1.639611e-05
1.52718e-05
1.599731e-05
1.677683e-05
1.692832e-05
1.590269e-05
1.518192e-05
1.563796e-05
1.508013e-05
1.553902e-05
1.562917e-05
1.544256e-05
1.650224e-05
1.779244e-05
1.66299e-05
1.739988e-05
1.722993e-05
1.694561e-05
1.775043e-05
1.747638e-05
1.659155e-05
1.54844e-05
1.608433e-05
1.674217e-05
1.775216e-05
1.735608e-05
1.697603e-05
1.71634e-05
1.629506e-05
1.511546e-05
1.462199e-05
1.430702e-05
1.460751e-05
1.513216e-05
1.442156e-05
1.534377e-05
1.585122e-05
1.697987e-05
1.78699e-05
1.786648e-05
1.939003e-05
1.947523e-05
2.178259e-05
2.072274e-05
1.922923e-05
1.908476e-05
2.033627e-05
2.356251e-05
2.466365e-05
2.288286e-05
2.231498e-05
2.356284e-05
2.34254e-05
2.204334e-05
2.217174e-05
2.137905e-05
2.014355e-05
1.95846e-05
2.116937e-05
2.166392e-05
2.091957e-05
2.093239e-05
1.983618e-05
1.912013e-05
1.770871e-05
1.763547e-05
1.854917e-05
1.993605e-05
1.892374e-05
1.849263e-05
1.622233e-05
1.633702e-05
1.587293e-05
1.648693e-05
1.706182e-05
1.811037e-05
1.795672e-05
1.77912e-05
1.782814e-05
1.636832e-05
1.719641e-05
1.901937e-05
2.017192e-05
2.003675e-05
1.998704e-05
1.920228e-05
1.963591e-05
1.893339e-05
1.77239e-05
1.852058e-05
1.973967e-05
2.067508e-05
1.97326e-05
2.115193e-05
2.183194e-05
2.104835e-05
2.045136e-05
1.771969e-05
1.7383e-05
1.73351e-05
1.683755e-05
1.618076e-05
1.534787e-05
1.540457e-05
1.681248e-05
1.720569e-05
1.679015e-05
1.831767e-05
1.850436e-05
1.80036e-05
1.962293e-05
2.028142e-05
1.867848e-05
1.748999e-05
1.825476e-05
1.613394e-05
1.60084e-05
1.5627e-05
1.637578e-05
1.813823e-05
1.884706e-05
1.903225e-05
1.893298e-05
1.98627e-05
2.024306e-05
1.978514e-05
1.967969e-05
1.916745e-05
1.881283e-05
1.999889e-05
2.078015e-05
1.961996e-05
2.02204e-05
1.913465e-05
1.739146e-05
1.785015e-05
1.639103e-05
1.642142e-05
1.655462e-05
1.547771e-05
1.64322e-05
1.571968e-05
1.542649e-05
1.435207e-05
1.519069e-05
1.491246e-05
1.487534e-05
1.546914e-05
1.453062e-05
1.338334e-05
1.336309e-05
1.362422e-05
1.339323e-05
1.237888e-05
1.235237e-05
1.268507e-05
1.23911e-05
1.345518e-05
1.316839e-05
1.249786e-05
1.231431e-05
1.222106e-05
1.303398e-05
1.384041e-05
1.479422e-05
1.62111e-05
1.647198e-05
1.640822e-05
1.71641e-05
1.754835e-05
1.583816e-05
1.639239e-05
1.810633e-05
1.905728e-05
2.06238e-05
2.013793e-05
1.966809e-05
1.977812e-05
2.012509e-05
2.126352e-05
2.271075e-05
2.23651e-05
2.222124e-05
2.394991e-05
2.333497e-05
2.344055e-05
2.266526e-05
2.211803e-05
2.190093e-05
2.126756e-05
2.111735e-05
2.272702e-05
2.250599e-05
2.160252e-05
2.173531e-05
2.027197e-05
2.119786e-05
1.999407e-05
2.114035e-05
2.162672e-05
2.382485e-05
2.290486e-05
2.168187e-05
2.276419e-05
2.32933e-05
2.231212e-05
2.208825e-05
2.179757e-05
2.121807e-05
2.124193e-05
2.090401e-05
2.178485e-05
2.110289e-05
2.057706e-05
1.990823e-05
1.952753e-05
2.148731e-05
2.189477e-05
2.292628e-05
2.486436e-05
2.415529e-05
2.398544e-05
2.466468e-05
2.503518e-05
2.674039e-05
2.712979e-05
2.754648e-05
2.825129e-05
2.80575e-05
2.646888e-05
2.805085e-05
3.014459e-05
3.031209e-05
3.044436e-05
2.753493e-05
2.846797e-05
2.677572e-05
2.692502e-05
2.846799e-05
3.013727e-05
3.091686e-05
3.097544e-05
3.017171e-05
3.118169e-05
3.044938e-05
3.004395e-05
3.03245e-05
3.137952e-05
3.096891e-05
3.417017e-05
3.595732e-05
3.729789e-05
3.494559e-05
3.385925e-05
3.12803e-05
3.206655e-05
3.00311e-05
2.89736e-05
2.847626e-05
2.893308e-05
2.920191e-05
2.795895e-05
2.825994e-05
2.903982e-05
2.847666e-05
3.070371e-05
3.14429e-05
2.922856e-05
2.907083e-05
2.728053e-05
2.766747e-05
2.856661e-05
2.818083e-05
2.793842e-05
2.63711e-05
2.585739e-05
2.599898e-05
2.568219e-05
2.640803e-05
2.404458e-05
2.338356e-05
2.058429e-05
2.070776e-05
1.990727e-05
2.134517e-05
2.111291e-05
2.047022e-05
2.014776e-05
2.133315e-05
2.244813e-05
2.395412e-05
2.516046e-05
2.627036e-05
2.605455e-05
2.622037e-05
2.600672e-05
2.75099e-05
2.788415e-05
2.76177e-05
2.792994e-05
2.898215e-05
2.709202e-05
2.392778e-05
2.379349e-05
2.578041e-05
2.614195e-05
2.72166e-05
2.682176e-05
2.579526e-05
2.466535e-05
2.405974e-05
2.510639e-05
2.433829e-05
2.433489e-05
2.323982e-05
2.296973e-05
2.215076e-05
2.311219e-05
2.22768e-05
2.262801e-05
2.309643e-05
2.312221e-05
2.412624e-05
2.355941e-05
2.129032e-05
1.992136e-05
2.228161e-05
2.342801e-05
2.450328e-05
2.783782e-05
2.534632e-05
2.706845e-05
2.781702e-05
2.740456e-05
2.577414e-05
2.847733e-05
2.950471e-05
2.860354e-05
2.693423e-05
2.448253e-05
2.444129e-05
2.648009e-05
2.846365e-05
2.9749e-05
3.040415e-05
2.917349e-05
2.916021e-05
2.996434e-05
3.265131e-05
3.406832e-05
3.239734e-05
3.356691e-05
3.338766e-05
3.089213e-05
3.201591e-05
3.287691e-05
3.337551e-05
3.413494e-05
2.895589e-05
2.71519e-05
2.553936e-05
2.273289e-05
2.395264e-05
2.537979e-05
2.633729e-05
2.577647e-05
2.58396e-05
2.626837e-05
2.823351e-05
2.928183e-05
2.881029e-05
2.763625e-05
2.756368e-05
2.855818e-05
2.829552e-05
2.862248e-05
2.874033e-05
2.791239e-05
3.023213e-05
2.971815e-05
3.268288e-05
3.078864e-05
3.194929e-05
2.979606e-05
3.144964e-05
2.664894e-05
2.554362e-05
2.257373e-05
2.214813e-05
2.06431e-05
2.061061e-05
2.134386e-05
2.168047e-05
2.019369e-05
2.014234e-05
1.985487e-05
2.115834e-05
2.12217e-05
2.114957e-05
2.40988e-05
2.283713e-05
2.299825e-05
2.041536e-05
2.042766e-05
2.039504e-05
2.006663e-05
1.943981e-05
2.091711e-05
1.993608e-05
2.054882e-05
2.182684e-05
2.118668e-05
2.313696e-05
2.361827e-05
2.361575e-05
2.099137e-05
2.068688e-05
2.073087e-05
1.988242e-05
2.126917e-05
2.391809e-05
2.174609e-05
2.27436e-05
2.263936e-05
2.330093e-05
2.338905e-05
2.465017e-05
2.598561e-05
2.29253e-05
2.304883e-05
2.571998e-05
2.464517e-05
2.776932e-05
2.818919e-05
2.660263e-05
2.485646e-05
2.58515e-05
2.749416e-05
2.791939e-05
2.781788e-05
2.724713e-05
2.776283e-05
2.670931e-05
2.418276e-05
2.287922e-05
2.158031e-05
2.101002e-05
2.302165e-05
2.330486e-05
2.305857e-05
2.428338e-05
2.287627e-05
2.151243e-05
1.905971e-05
1.953144e-05
1.653613e-05
1.625857e-05
1.671076e-05
1.801927e-05
1.864465e-05
1.900241e-05
1.93782e-05
1.848712e-05
1.78027e-05
1.615661e-05
1.627427e-05
1.756645e-05
1.630604e-05
1.614499e-05
1.774868e-05
1.594244e-05
1.555284e-05
1.527487e-05
1.592283e-05
1.576621e-05
1.553068e-05
1.485022e-05
1.562818e-05
1.515344e-05
1.621607e-05
1.602023e-05
1.505621e-05
1.523514e-05
1.482978e-05
1.450018e-05
1.477462e-05
1.427727e-05
1.319104e-05
1.377228e-05
1.438703e-05
1.472854e-05
1.405858e-05
1.402757e-05
1.431119e-05
1.306659e-05
1.326837e-05
1.301164e-05
1.347734e-05
1.392292e-05
1.32152e-05
1.53118e-05
1.489727e-05
1.645922e-05
1.646287e-05
1.660699e-05
1.669501e-05
1.677729e-05
1.713051e-05
1.677425e-05
1.706322e-05
1.575461e-05
1.468655e-05
1.355213e-05
1.422144e-05
1.455721e-05
1.53745e-05
1.609822e-05
1.679493e-05
1.498718e-05
1.44773e-05
1.445005e-05
1.47237e-05
1.465835e-05
1.64962e-05
1.766011e-05
2.016902e-05
2.193075e-05
2.416599e-05
2.121628e-05
1.957645e-05
2.074207e-05
2.11092e-05
2.081088e-05
1.983699e-05
2.157627e-05
2.059455e-05
2.224069e-05
2.128899e-05
1.959692e-05
1.898112e-05
1.90004e-05
1.797225e-05
1.988183e-05
1.868782e-05
1.771477e-05
1.847321e-05
1.675968e-05
1.737752e-05
1.66084e-05
1.637043e-05
1.598022e-05
1.662192e-05
1.58311e-05
1.558891e-05
1.58765e-05
1.62454e-05
1.692784e-05
1.710325e-05
1.82534e-05
1.862381e-05
1.915003e-05
1.892421e-05
2.010731e-05
2.129216e-05
2.087621e-05
2.302709e-05
2.46099e-05
2.427813e-05
2.394929e-05
2.333217e-05
2.583111e-05
2.666372e-05
2.64867e-05
2.575482e-05
2.413753e-05
2.41737e-05
2.435922e-05
2.509347e-05
2.612609e-05
2.519827e-05
2.505909e-05
2.556738e-05
2.532885e-05
2.522145e-05
2.64726e-05
2.508011e-05
2.582706e-05
2.595474e-05
2.449757e-05
2.539087e-05
2.601907e-05
2.593147e-05
2.583185e-05
2.630599e-05
2.451291e-05
2.499541e-05
2.491194e-05
2.577643e-05
2.682413e-05
2.692664e-05
2.647806e-05
2.711367e-05
2.659645e-05
2.32588e-05
2.229098e-05
2.200659e-05
2.263049e-05
2.251233e-05
2.219836e-05
2.209212e-05
2.159121e-05
2.037165e-05
2.001751e-05
1.901876e-05
1.988169e-05
1.901297e-05
1.84118e-05
1.969175e-05
1.94527e-05
1.677199e-05
1.594427e-05
1.609188e-05
1.59482e-05
1.555369e-05
1.479885e-05
1.579568e-05
1.574817e-05
1.56695e-05
1.63816e-05
1.687651e-05
1.791742e-05
1.961879e-05
1.913784e-05
1.87418e-05
1.78443e-05
1.72474e-05
1.741591e-05
1.713511e-05
1.756809e-05
1.712829e-05
1.81565e-05
1.930453e-05
2.080464e-05
2.162723e-05
2.104177e-05
2.131587e-05
1.874869e-05
1.994779e-05
1.887342e-05
1.844069e-05
1.835393e-05
1.689039e-05
1.740091e-05
1.608601e-05
1.689006e-05
1.922827e-05
1.957255e-05
1.890172e-05
1.837366e-05
1.656095e-05
1.753748e-05
1.653419e-05
1.790042e-05
1.819222e-05
1.748045e-05
1.645044e-05
1.60253e-05
1.51093e-05
1.404731e-05
1.467448e-05
1.476814e-05
1.669299e-05
1.752707e-05
1.591164e-05
1.623906e-05
1.670307e-05
1.605147e-05
1.51901e-05
1.567044e-05
1.560978e-05
1.577343e-05
1.542639e-05
1.519496e-05
1.414179e-05
1.462523e-05
1.426872e-05
1.504185e-05
1.533916e-05
1.571044e-05
1.671814e-05
1.665145e-05
1.659907e-05
1.655193e-05
1.628437e-05
1.503371e-05
1.58216e-05
1.662977e-05
1.5487e-05
1.565948e-05
1.48996e-05
1.459567e-05
1.541668e-05
1.504184e-05
1.587535e-05
1.606904e-05
1.659659e-05
1.546913e-05
1.544642e-05
1.586052e-05
1.585977e-05
1.537429e-05
1.638197e-05
1.620184e-05
1.51143e-05
1.566201e-05
1.462956e-05
1.373536e-05
1.412346e-05
1.430838e-05
1.465816e-05
1.400058e-05
1.366209e-05
1.358012e-05
1.375865e-05
1.393129e-05
1.412812e-05
1.434636e-05
1.338647e-05
1.356554e-05
1.332017e-05
1.378652e-05
1.454067e-05
1.499086e-05
1.544016e-05
1.651858e-05
1.563825e-05
1.460581e-05
1.474017e-05
1.539128e-05
1.505099e-05
1.45093e-05
1.348485e-05
1.257038e-05
1.315337e-05
1.359944e-05
1.418614e-05
1.410938e-05
1.425871e-05
1.402965e-05
1.380942e-05
1.401183e-05
1.33531e-05
1.394202e-05
1.397212e-05
1.407204e-05
1.438807e-05
1.46602e-05
1.368404e-05
1.410603e-05
1.434858e-05
1.505506e-05
1.532388e-05
1.656432e-05
1.750279e-05
1.825566e-05
1.812499e-05
1.579774e-05
1.587997e-05
1.545792e-05
1.672272e-05
1.61706e-05
1.623062e-05
1.727108e-05
1.815053e-05
1.845873e-05
1.950941e-05
1.792893e-05
1.761045e-05
1.950675e-05
1.937314e-05
2.059846e-05
1.951524e-05
1.91834e-05
2.110306e-05
2.341651e-05
2.254979e-05
2.119157e-05
2.146415e-05
2.00986e-05
1.999676e-05
1.946579e-05
1.978263e-05
1.941675e-05
2.050605e-05
2.018282e-05
2.002163e-05
2.068219e-05
2.136443e-05
2.05515e-05
1.977494e-05
1.875758e-05
1.830245e-05
1.771361e-05
1.757571e-05
1.663565e-05
1.647654e-05
1.662215e-05
1.549281e-05
1.5022e-05
1.51518e-05
1.605322e-05
1.42942e-05
1.573021e-05
1.678256e-05
1.751609e-05
1.997541e-05
2.107243e-05
2.055631e-05
2.078626e-05
2.111063e-05
2.097928e-05
2.148403e-05
2.20779e-05
2.202675e-05
2.357128e-05
2.514816e-05
2.499805e-05
2.494096e-05
2.54046e-05
2.797867e-05
3.016417e-05
3.117979e-05
3.181171e-05
3.124956e-05
3.088817e-05
3.000925e-05
3.289691e-05
3.3743e-05
3.729057e-05
3.75063e-05
3.607121e-05
3.605648e-05
3.717375e-05
3.835685e-05
3.655361e-05
3.975736e-05
3.890337e-05
3.905477e-05
3.774314e-05
3.539177e-05
3.645701e-05
3.833081e-05
3.85507e-05
3.699016e-05
3.601419e-05
3.393936e-05
3.630652e-05
3.464286e-05
3.463629e-05
3.428131e-05
3.218475e-05
3.350394e-05
3.738626e-05
4.185184e-05
3.944016e-05
3.604335e-05
3.660319e-05
3.597822e-05
3.689506e-05
3.46399e-05
3.621942e-05
3.756801e-05
3.832947e-05
3.523556e-05
3.39038e-05
3.214626e-05
3.480565e-05
3.291047e-05
3.048531e-05
2.932235e-05
2.778159e-05
2.458428e-05
2.546982e-05
2.680604e-05
2.670419e-05
2.393764e-05
2.351317e-05
2.335051e-05
2.446663e-05
2.57157e-05
2.476954e-05
2.523277e-05
2.678693e-05
2.889646e-05
3.112344e-05
2.768783e-05
3.010291e-05
3.212107e-05
3.360392e-05
3.112776e-05
3.024376e-05
3.046586e-05
3.186568e-05
3.150987e-05
3.168535e-05
3.23768e-05
3.080585e-05
3.095366e-05
3.201457e-05
3.022468e-05
3.15014e-05
3.193231e-05
3.287653e-05
3.29379e-05
3.115399e-05
3.175119e-05
3.0337e-05
3.063156e-05
3.192638e-05
3.185754e-05
3.052133e-05
2.945835e-05
2.77816e-05
2.724749e-05
3.149489e-05
2.858338e-05
2.785455e-05
2.679078e-05
2.436441e-05
2.545163e-05
2.654332e-05
2.823067e-05
2.689752e-05
2.406333e-05
2.503349e-05
2.531971e-05
2.590735e-05
2.468188e-05
2.314315e-05
2.316681e-05
2.334999e-05
2.1711e-05
2.486111e-05
2.676771e-05
2.520826e-05
2.325915e-05
2.263315e-05
2.171804e-05
2.448605e-05
2.454797e-05
2.739993e-05
2.752671e-05
2.853925e-05
2.936304e-05
2.735081e-05
2.707864e-05
2.44671e-05
2.270868e-05
2.282564e-05
2.58641e-05
2.687249e-05
2.689631e-05
2.574679e-05
2.823745e-05
2.881577e-05
2.812548e-05
2.472937e-05
2.407625e-05
2.356017e-05
2.285301e-05
2.519397e-05
2.295576e-05
2.185692e-05
2.338054e-05
2.419804e-05
2.299608e-05
2.219174e-05
2.059782e-05
1.846097e-05
2.003048e-05
1.978873e-05
1.983153e-05
1.956332e-05
2.072971e-05
2.150871e-05
2.373707e-05
2.493439e-05
2.392068e-05
2.347259e-05
2.36711e-05
2.389069e-05
2.196041e-05
1.993409e-05
1.901783e-05
1.885172e-05
1.762088e-05
1.822554e-05
1.790906e-05
1.71222e-05
1.747245e-05
1.712457e-05
1.657488e-05
1.653984e-05
1.832884e-05
1.771093e-05
1.755895e-05
1.724016e-05
1.648388e-05
1.576912e-05
1.777766e-05
1.875439e-05
1.695839e-05
1.687991e-05
1.739516e-05
1.630715e-05
1.574489e-05
1.541133e-05
1.639903e-05
1.684553e-05
1.709131e-05
1.684249e-05
1.644635e-05
1.744037e-05
1.514686e-05
1.522613e-05
1.70352e-05
1.724447e-05
1.766035e-05
1.968857e-05
1.9797e-05
1.739768e-05
1.839227e-05
1.811633e-05
1.789022e-05
1.796327e-05
1.688724e-05
1.747606e-05
1.757604e-05
1.800628e-05
1.886801e-05
1.881292e-05
1.925934e-05
1.984676e-05
1.954885e-05
1.719437e-05
1.743839e-05
1.697145e-05
1.657028e-05
1.690082e-05
1.538927e-05
1.643705e-05
1.6631e-05
1.729767e-05
1.863221e-05
1.97813e-05
2.00562e-05
1.927138e-05
2.02831e-05
2.029662e-05
2.018385e-05
1.908881e-05
2.02662e-05
2.045033e-05
1.971099e-05
1.915235e-05
2.030867e-05
1.820795e-05
1.739117e-05
1.871153e-05
1.874876e-05
1.776661e-05
1.876175e-05
1.818349e-05
1.8415e-05
1.858833e-05
1.813289e-05
1.847838e-05
1.7558e-05
1.706949e-05
1.773671e-05
1.774907e-05
1.856344e-05
1.800418e-05
1.751979e-05
1.747715e-05
1.717157e-05
1.738465e-05
1.63549e-05
1.624602e-05
1.686664e-05
1.859709e-05
1.904046e-05
1.770971e-05
1.836621e-05
1.904486e-05
1.816511e-05
1.959771e-05
2.053537e-05
1.952236e-05
2.01459e-05
1.858002e-05
1.812072e-05
1.917797e-05
1.785572e-05
1.90939e-05
1.922472e-05
1.851062e-05
1.772043e-05
1.758561e-05
1.57877e-05
1.591795e-05
1.658079e-05
1.700686e-05
1.753847e-05
1.749966e-05
1.812762e-05
1.958274e-05
2.134846e-05
2.009397e-05
1.835478e-05
1.833424e-05
1.867516e-05
1.946132e-05
2.072229e-05
2.189035e-05
2.280044e-05
2.493849e-05
2.598434e-05
2.689012e-05
3.064085e-05
2.538061e-05
2.540353e-05
2.395846e-05
2.345971e-05
2.350727e-05
2.329387e-05
2.393707e-05
2.330193e-05
2.55311e-05
2.599572e-05
2.585141e-05
2.5489e-05
2.537561e-05
2.735333e-05
2.952346e-05
3.046025e-05
3.037579e-05
3.213127e-05
3.388199e-05
3.265092e-05
3.414453e-05
3.118449e-05
3.267392e-05
3.394798e-05
3.066153e-05
2.821786e-05
2.910725e-05
2.744598e-05
2.691127e-05
2.727872e-05
2.860828e-05
2.753236e-05
2.991861e-05
2.807442e-05
2.764116e-05
2.975336e-05
3.192075e-05
3.544206e-05
3.647313e-05
3.492948e-05
3.638229e-05
3.87336e-05
3.626771e-05
3.678662e-05
3.704074e-05
3.583652e-05
3.377426e-05
3.413047e-05
3.446825e-05
3.679371e-05
3.890857e-05
3.821663e-05
3.834535e-05
3.258371e-05
3.286473e-05
3.461602e-05
3.586054e-05
3.903313e-05
3.99724e-05
4.149173e-05
4.483694e-05
4.471588e-05
4.692525e-05
4.756498e-05
4.887e-05
4.773112e-05
4.411666e-05
4.178494e-05
4.017091e-05
3.8395e-05
3.917025e-05
4.206997e-05
4.125141e-05
4.063763e-05
4.220073e-05
3.767007e-05
3.896847e-05
3.98699e-05
3.70854e-05
3.593644e-05
3.901417e-05
3.636446e-05
3.565277e-05
3.515558e-05
3.595004e-05
3.831814e-05
4.046877e-05
3.926925e-05
3.628499e-05
3.697778e-05
3.564862e-05
3.343912e-05
3.087494e-05
3.383687e-05
3.171362e-05
3.226836e-05
3.157274e-05
3.287363e-05
3.211539e-05
3.144792e-05
3.17104e-05
2.655449e-05
2.710652e-05
2.839347e-05
2.780334e-05
2.941837e-05
2.973358e-05
3.042293e-05
2.99038e-05
3.127142e-05
2.820023e-05
2.635925e-05
2.621708e-05
2.460657e-05
2.476697e-05
2.439177e-05
2.45205e-05
2.431531e-05
2.381131e-05
2.426015e-05
2.506702e-05
2.354328e-05
2.523019e-05
2.479361e-05
2.340767e-05
2.078524e-05
2.158021e-05
2.039164e-05
2.155262e-05
2.097065e-05
2.045774e-05
1.981635e-05
1.946449e-05
2.204478e-05
2.319939e-05
2.439974e-05
2.442393e-05
2.366059e-05
2.151147e-05
1.937488e-05
1.918459e-05
1.889057e-05
1.949928e-05
1.764937e-05
1.579832e-05
1.638978e-05
1.6011e-05
1.548177e-05
1.649354e-05
1.602205e-05
1.564857e-05
1.640024e-05
1.603163e-05
1.465706e-05
1.610525e-05
1.624536e-05
1.644616e-05
1.570722e-05
1.779077e-05
1.740394e-05
1.895216e-05
1.97504e-05
1.879274e-05
1.782821e-05
1.844044e-05
1.734678e-05
1.71267e-05
1.673235e-05
1.911272e-05
1.877036e-05
2.0737e-05
2.063227e-05
2.113964e-05
2.198902e-05
2.235328e-05
2.262677e-05
2.123696e-05
2.11966e-05
2.020403e-05
2.044372e-05
1.82064e-05
1.653899e-05
1.494825e-05
1.508016e-05
1.633722e-05
1.621249e-05
1.587401e-05
1.643481e-05
1.685981e-05
1.774989e-05
1.71964e-05
1.69368e-05
1.540804e-05
1.62459e-05
1.749825e-05
1.771847e-05
1.758112e-05
1.729184e-05
1.811019e-05
1.685968e-05
1.595395e-05
1.547428e-05
1.524681e-05
1.567209e-05
1.593819e-05
1.63545e-05
1.54821e-05
1.510392e-05
1.41855e-05
1.372738e-05
1.387229e-05
1.339579e-05
1.359009e-05
1.460828e-05
1.451594e-05
1.462813e-05
1.503345e-05
1.387617e-05
1.450998e-05
1.276293e-05
1.229955e-05
1.279305e-05
1.299451e-05
1.410297e-05
1.361073e-05
1.380682e-05
1.323605e-05
1.283575e-05
1.327426e-05
1.392587e-05
1.481179e-05
1.478457e-05
1.48714e-05
1.406445e-05
1.386642e-05
1.411543e-05
1.409008e-05
1.331407e-05
1.349704e-05
1.215798e-05
1.213336e-05
1.16964e-05
1.127935e-05
1.156901e-05
1.155039e-05
1.155085e-05
1.227591e-05
1.176444e-05
1.253299e-05
1.26948e-05
1.2792e-05
1.276199e-05
1.397075e-05
1.418215e-05
1.437409e-05
1.446395e-05
1.320571e-05
1.360694e-05
1.367369e-05
1.330499e-05
1.417062e-05
1.568381e-05
1.578244e-05
1.63748e-05
1.768946e-05
1.740574e-05
1.526542e-05
1.575937e-05
1.591943e-05
1.5566e-05
1.606061e-05
1.647817e-05
1.796542e-05
1.741461e-05
1.646232e-05
1.584888e-05
1.688084e-05
1.839498e-05
1.992643e-05
1.92292e-05
1.876448e-05
1.919571e-05
2.02934e-05
2.205904e-05
2.287474e-05
2.354478e-05
2.389295e-05
2.427573e-05
2.506302e-05
2.639149e-05
2.423879e-05
2.366062e-05
2.543605e-05
2.767706e-05
2.599163e-05
2.644258e-05
2.458136e-05
2.545082e-05
2.710508e-05
2.67543e-05
2.77652e-05
2.767953e-05
2.941116e-05
2.899371e-05
3.28227e-05
3.557197e-05
3.427842e-05
3.191485e-05
3.154941e-05
3.261038e-05
2.878419e-05
2.992781e-05
3.200942e-05
2.97586e-05
2.858773e-05
3.285026e-05
3.337815e-05
3.117746e-05
3.10751e-05
3.073155e-05
3.261803e-05
3.288674e-05
3.32643e-05
2.996153e-05
2.780814e-05
2.672255e-05
2.485253e-05
2.270447e-05
2.270129e-05
2.504739e-05
2.677209e-05
2.363334e-05
2.553429e-05
2.518082e-05
2.582241e-05
2.497589e-05
2.788375e-05
2.893255e-05
2.723715e-05
2.955945e-05
2.955492e-05
2.956381e-05
2.850625e-05
2.567133e-05
2.275366e-05
2.326415e-05
2.204068e-05
2.161844e-05
2.106998e-05
2.131807e-05
2.072358e-05
1.986067e-05
1.882906e-05
1.926325e-05
2.184371e-05
2.213133e-05
2.305664e-05
2.250651e-05
2.062047e-05
2.043002e-05
2.302315e-05
2.609821e-05
2.700854e-05
2.91481e-05
3.155699e-05
3.003871e-05
3.06716e-05
2.896999e-05
3.020644e-05
3.016819e-05
3.273645e-05
2.836864e-05
3.012827e-05
2.822715e-05
2.831008e-05
3.103588e-05
2.898497e-05
3.102431e-05
3.074003e-05
3.38598e-05
3.276433e-05
3.505337e-05
3.318678e-05
3.280215e-05
3.354165e-05
3.399292e-05
3.398294e-05
3.482151e-05
3.874233e-05
3.901023e-05
4.219657e-05
4.298501e-05
4.312698e-05
4.375353e-05
4.316652e-05
4.414497e-05
4.68792e-05
4.681379e-05
4.716471e-05
4.842995e-05
4.774405e-05
5.050308e-05
5.236154e-05
5.195287e-05
5.244963e-05
5.54413e-05
5.477531e-05
5.72531e-05
6.252169e-05
6.717637e-05
7.355863e-05
7.515684e-05
7.746657e-05
7.45288e-05
7.289875e-05
6.846387e-05
6.298275e-05
6.220416e-05
6.013676e-05
5.632185e-05
5.182068e-05
4.876946e-05
4.992756e-05
5.155819e-05
5.26082e-05
5.353356e-05
5.383355e-05
5.358718e-05
5.337656e-05
5.205461e-05
5.338818e-05
5.664586e-05
5.833715e-05
5.494215e-05
5.835462e-05
5.686242e-05
5.295797e-05
5.556596e-05
5.628236e-05
5.448122e-05
5.755187e-05
6.059953e-05
6.120717e-05
6.108226e-05
6.241729e-05
6.264303e-05
6.081837e-05
6.052576e-05
6.01205e-05
5.891278e-05
5.3635e-05
5.04462e-05
5.817616e-05
5.948205e-05
5.659616e-05
5.480801e-05
5.482672e-05
5.523066e-05
5.225152e-05
4.883623e-05
4.878102e-05
4.730751e-05
4.637272e-05
4.565684e-05
4.500441e-05
4.384778e-05
4.507343e-05
4.404954e-05
4.624704e-05
4.435918e-05
4.143728e-05
4.090749e-05
4.048467e-05
3.927821e-05
3.710104e-05
3.769329e-05
3.535836e-05
3.545453e-05
3.447413e-05
3.578572e-05
3.441259e-05
3.835964e-05
3.530641e-05
3.264686e-05
3.331199e-05
3.339873e-05
3.081112e-05
3.047002e-05
3.116146e-05
3.07089e-05
3.153809e-05
2.795217e-05
2.810332e-05
2.780408e-05
2.89502e-05
2.895072e-05
2.841664e-05
2.79576e-05
2.97579e-05
2.777043e-05
2.756505e-05
2.877242e-05
2.884924e-05
2.823992e-05
2.864508e-05
3.054658e-05
2.792095e-05
2.713133e-05
2.985063e-05
3.16218e-05
3.068446e-05
3.234079e-05
3.160368e-05
2.917167e-05
2.766531e-05
2.668113e-05
2.847195e-05
2.732468e-05
2.815828e-05
2.768646e-05
2.589368e-05
2.529723e-05
2.606624e-05
2.351452e-05
2.340483e-05
2.326792e-05
2.293931e-05
2.308086e-05
2.280499e-05
2.057879e-05
2.058576e-05
1.997848e-05
2.029843e-05
1.968811e-05
1.831692e-05
1.887873e-05
1.758793e-05
1.850189e-05
1.731064e-05
1.607898e-05
1.569705e-05
1.476363e-05
1.361904e-05
1.263203e-05
1.298559e-05
1.294329e-05
1.194964e-05
1.182919e-05
1.164146e-05
1.160397e-05
1.230801e-05
1.172067e-05
1.278872e-05
1.24194e-05
1.344468e-05
1.36543e-05
1.531824e-05
1.542109e-05
1.572791e-05
1.649577e-05
1.62809e-05
1.749091e-05
1.778206e-05
1.750358e-05
1.859433e-05
1.761334e-05
1.731894e-05
1.658451e-05
1.560649e-05
1.56664e-05
1.697331e-05
1.884016e-05
1.880674e-05
1.967276e-05
1.923729e-05
1.981016e-05
1.788321e-05
1.652371e-05
1.618938e-05
1.624844e-05
1.644866e-05
1.621067e-05
1.606136e-05
1.626404e-05
1.667103e-05
1.624925e-05
1.673726e-05
1.622146e-05
1.640881e-05
1.635238e-05
1.839868e-05
1.734591e-05
1.749785e-05
1.613042e-05
1.605338e-05
1.567137e-05
1.513261e-05
1.5093e-05
1.486527e-05
1.367712e-05
1.33527e-05
1.422942e-05
1.348533e-05
1.250403e-05
1.293106e-05
1.27834e-05
1.368312e-05
1.47408e-05
1.445907e-05
1.439443e-05
1.379462e-05
1.438243e-05
1.495345e-05
1.379785e-05
1.35329e-05
1.397886e-05
1.340898e-05
1.349042e-05
1.372691e-05
1.467553e-05
1.505357e-05
1.561897e-05
1.476934e-05
1.432859e-05
1.465941e-05
1.712521e-05
1.721341e-05
1.846512e-05
1.841204e-05
1.89239e-05
1.81058e-05
1.89173e-05
1.891249e-05
1.872254e-05
1.833232e-05
1.882674e-05
1.928284e-05
1.897665e-05
1.917174e-05
1.992532e-05
2.079976e-05
1.950661e-05
2.054423e-05
2.137311e-05
2.170131e-05
2.054075e-05
2.254196e-05
2.297971e-05
2.309681e-05
2.382532e-05
2.366474e-05
2.340677e-05
2.444447e-05
2.556423e-05
2.601926e-05
2.672157e-05
2.730437e-05
2.789959e-05
2.806e-05
2.831832e-05
2.666486e-05
2.728273e-05
3.084282e-05
3.276222e-05
3.07612e-05
3.379289e-05
3.611673e-05
3.384655e-05
3.338461e-05
2.998159e-05
3.187856e-05
3.093568e-05
3.108759e-05
3.005046e-05
2.702661e-05
2.501523e-05
2.431811e-05
2.325715e-05
2.164982e-05
2.039265e-05
2.306496e-05
2.524751e-05
2.459504e-05
2.418258e-05
2.527962e-05
2.925566e-05
2.976141e-05
2.9317e-05
3.000368e-05
3.225752e-05
3.257056e-05
3.010539e-05
2.85121e-05
2.664272e-05
2.721202e-05
3.078082e-05
3.192956e-05
3.020371e-05
3.052743e-05
2.960598e-05
2.967395e-05
2.778941e-05
2.970691e-05
2.965995e-05
2.730192e-05
2.706639e-05
2.493569e-05
2.564083e-05
2.442899e-05
2.555099e-05
2.762791e-05
2.692075e-05
2.625532e-05
2.551578e-05
2.515265e-05
2.572754e-05
2.488971e-05
2.29314e-05
2.484359e-05
2.404627e-05
2.363152e-05
2.437927e-05
2.49121e-05
2.515496e-05
2.52466e-05
2.740505e-05
2.717377e-05
2.709204e-05
2.685512e-05
2.717805e-05
2.841721e-05
2.861897e-05
2.937403e-05
3.068757e-05
3.032819e-05
2.955869e-05
2.973231e-05
2.973189e-05
3.221552e-05
3.006376e-05
2.971208e-05
2.960188e-05
3.071139e-05
3.041829e-05
2.899602e-05
2.67412e-05
2.75434e-05
2.5386e-05
2.386499e-05
2.513061e-05
2.530548e-05
2.480473e-05
2.407663e-05
2.206238e-05
2.181525e-05
2.307091e-05
2.656696e-05
2.628996e-05
2.513872e-05
2.525146e-05
2.466285e-05
2.478472e-05
2.557409e-05
2.476614e-05
2.573949e-05
2.658111e-05
2.354324e-05
2.380662e-05
2.487138e-05
2.44578e-05
2.539696e-05
2.449473e-05
2.439012e-05
2.367485e-05
2.242267e-05
2.255713e-05
2.322247e-05
2.495394e-05
2.435071e-05
2.390132e-05
2.503134e-05
2.353801e-05
2.300229e-05
2.213513e-05
2.177036e-05
2.301243e-05
2.3189e-05
2.213422e-05
2.323645e-05
2.437907e-05
2.478007e-05
2.306861e-05
2.224733e-05
2.312112e-05
2.459097e-05
2.443093e-05
2.619974e-05
2.319671e-05
2.416321e-05
2.340319e-05
2.502985e-05
2.571655e-05
2.44543e-05
2.526736e-05
2.493457e-05
2.601772e-05
2.316487e-05
2.358608e-05
2.156973e-05
2.046436e-05
2.002132e-05
1.922361e-05
2.018319e-05
1.931826e-05
1.759071e-05
1.905948e-05
1.982727e-05
2.082767e-05
2.036482e-05
1.995698e-05
2.306557e-05
2.231053e-05
2.234483e-05
2.512466e-05
2.695804e-05
2.794834e-05
3.025459e-05
2.913924e-05
2.814004e-05
2.79544e-05
3.095515e-05
2.873382e-05
2.70008e-05
2.645672e-05
2.592709e-05
2.53644e-05
2.440003e-05
2.373382e-05
2.167723e-05
2.270506e-05
2.318181e-05
2.329578e-05
2.373358e-05
2.613589e-05
2.792247e-05
2.871343e-05
3.168268e-05
3.018955e-05
3.017325e-05
2.973935e-05
2.948017e-05
2.841424e-05
2.810386e-05
2.970206e-05
3.058355e-05
3.100955e-05
3.253134e-05
2.980266e-05
3.020956e-05
2.682865e-05
2.666788e-05
2.793911e-05
3.07818e-05
3.332519e-05
3.061697e-05
2.918208e-05
2.718659e-05
2.771956e-05
2.567253e-05
2.467649e-05
2.307091e-05
2.141584e-05
2.110262e-05
1.87819e-05
1.868489e-05
1.823183e-05
1.694986e-05
1.690152e-05
1.662882e-05
1.64615e-05
1.607038e-05
1.652403e-05
1.546033e-05
1.600551e-05
1.60585e-05
1.589048e-05
1.639882e-05
1.612893e-05
1.465249e-05
1.441725e-05
1.467668e-05
1.399465e-05
1.550607e-05
1.424332e-05
1.228689e-05
1.280563e-05
1.254523e-05
1.180965e-05
1.304759e-05
1.292359e-05
1.408176e-05
1.458958e-05
1.488642e-05
1.471199e-05
1.495901e-05
1.488473e-05
1.626572e-05
1.664431e-05
1.706833e-05
1.65066e-05
1.652873e-05
1.789789e-05
1.829487e-05
1.699585e-05
1.69635e-05
1.670876e-05
1.838472e-05
1.806313e-05
1.872497e-05
1.90231e-05
1.934701e-05
1.902912e-05
2.040218e-05
2.164618e-05
2.054436e-05
1.962344e-05
1.922053e-05
1.922749e-05
1.90969e-05
2.06756e-05
2.196371e-05
2.10789e-05
2.144403e-05
2.174853e-05
2.067556e-05
2.150662e-05
2.090093e-05
1.898434e-05
1.855801e-05
1.871285e-05
1.932549e-05
1.977539e-05
2.032717e-05
1.963053e-05
1.841336e-05
1.640361e-05
1.484791e-05
1.523299e-05
1.553427e-05
1.672745e-05
1.667658e-05
1.574467e-05
1.604934e-05
1.473793e-05
1.463138e-05
1.358458e-05
1.492176e-05
1.608434e-05
1.864978e-05
1.741056e-05
1.623156e-05
1.595357e-05
1.556482e-05
1.673999e-05
1.853177e-05
1.809077e-05
1.907813e-05
1.941817e-05
1.954463e-05
1.847214e-05
1.87603e-05
1.796995e-05
1.768773e-05
1.761947e-05
1.711931e-05
1.764411e-05
1.612303e-05
1.514207e-05
1.597166e-05
1.670041e-05
1.648607e-05
1.560943e-05
1.594347e-05
1.578464e-05
1.531988e-05
1.510676e-05
1.554592e-05
1.413674e-05
1.346113e-05
1.371507e-05
1.452203e-05
1.473208e-05
1.388337e-05
1.407703e-05
1.490325e-05
1.671712e-05
1.572998e-05
1.480705e-05
1.45662e-05
1.52532e-05
1.660656e-05
1.698268e-05
1.734895e-05
1.838379e-05
1.866348e-05
1.97598e-05
2.060857e-05
2.170573e-05
2.039349e-05
2.014467e-05
2.179111e-05
2.239199e-05
2.190199e-05
2.362842e-05
2.403233e-05
2.381399e-05
2.536508e-05
2.667253e-05
2.740101e-05
2.510903e-05
2.371455e-05
2.201226e-05
2.277711e-05
2.059054e-05
2.073165e-05
2.083599e-05
2.019353e-05
2.151983e-05
2.136886e-05
2.315671e-05
2.331603e-05
2.422022e-05
2.495716e-05
2.55366e-05
2.687297e-05
2.909012e-05
2.881454e-05
2.840928e-05
2.861249e-05
2.605774e-05
2.857767e-05
3.145783e-05
3.594645e-05
3.671378e-05
3.541686e-05
3.324551e-05
3.153229e-05
3.056511e-05
2.996467e-05
2.719019e-05
2.923625e-05
2.801969e-05
3.010896e-05
3.250762e-05
3.35147e-05
3.259202e-05
3.057318e-05
3.023015e-05
2.82571e-05
2.658007e-05
2.44667e-05
2.542002e-05
2.466808e-05
2.515969e-05
2.361636e-05
2.392315e-05
2.219688e-05
2.244217e-05
2.089499e-05
2.109996e-05
1.915623e-05
1.944519e-05
2.001747e-05
1.987765e-05
1.919945e-05
2.055498e-05
2.102352e-05
2.314846e-05
2.309224e-05
2.151407e-05
2.225097e-05
2.369051e-05
2.328694e-05
2.410037e-05
2.351256e-05
2.401183e-05
2.210768e-05
2.105149e-05
2.073248e-05
1.990633e-05
2.24467e-05
2.242236e-05
2.304024e-05
2.213373e-05
2.043895e-05
2.195076e-05
2.179776e-05
2.051265e-05
2.036853e-05
2.010154e-05
1.893835e-05
2.032475e-05
1.956663e-05
1.900209e-05
2.096439e-05
2.085612e-05
2.010231e-05
2.096963e-05
2.127272e-05
2.191145e-05
2.101789e-05
2.178685e-05
2.252153e-05
2.207414e-05
2.396878e-05
2.49696e-05
2.498889e-05
2.376811e-05
2.343449e-05
2.417995e-05
2.287266e-05
2.233194e-05
2.135678e-05
2.065214e-05
1.997093e-05
1.963484e-05
1.923751e-05
1.933947e-05
1.964668e-05
2.236332e-05
2.303202e-05
2.732939e-05
2.682857e-05
2.411028e-05
2.650732e-05
2.733348e-05
2.796177e-05
2.762348e-05
2.761321e-05
2.805023e-05
2.724278e-05
2.808682e-05
2.83964e-05
2.828094e-05
2.783217e-05
2.629618e-05
2.496944e-05
2.459177e-05
2.595055e-05
2.39818e-05
2.493925e-05
2.646014e-05
2.773933e-05
2.634875e-05
2.650127e-05
2.538546e-05
2.389114e-05
2.252016e-05
2.44372e-05
2.428696e-05
2.520536e-05
2.635829e-05
2.69245e-05
2.993624e-05
2.793399e-05
2.799034e-05
2.77713e-05
2.907188e-05
2.832585e-05
2.905811e-05
2.98836e-05
3.155362e-05
3.322518e-05
3.277724e-05
3.373999e-05
3.352542e-05
3.534675e-05
3.735868e-05
3.605997e-05
3.564423e-05
3.57142e-05
3.448045e-05
3.731981e-05
3.675387e-05
3.767167e-05
3.767168e-05
3.846563e-05
3.974267e-05
3.78818e-05
4.206762e-05
4.110219e-05
3.784845e-05
3.687601e-05
3.455035e-05
3.461981e-05
3.477771e-05
3.694169e-05
3.922501e-05
3.463066e-05
3.176848e-05
3.096233e-05
2.692403e-05
2.469243e-05
2.514618e-05
2.238333e-05
2.343895e-05
2.219119e-05
2.314096e-05
2.374088e-05
2.465531e-05
2.495378e-05
2.344916e-05
2.337064e-05
2.410217e-05
2.347073e-05
2.177055e-05
1.969387e-05
2.07156e-05
2.1768e-05
1.8984e-05
1.937938e-05
1.903144e-05
1.936506e-05
1.981712e-05
2.19725e-05
2.123323e-05
2.384195e-05
2.357253e-05
2.519702e-05
2.523288e-05
2.506121e-05
2.478045e-05
2.304467e-05
2.475067e-05
2.207884e-05
2.337411e-05
2.4634e-05
2.446784e-05
2.48416e-05
2.780067e-05
2.767703e-05
2.950925e-05
3.135116e-05
3.249744e-05
3.387645e-05
3.234252e-05
3.16458e-05
3.270295e-05
3.700135e-05
3.922167e-05
3.910562e-05
3.84822e-05
4.047277e-05
3.824245e-05
3.733605e-05
3.633087e-05
3.579593e-05
3.378519e-05
3.630742e-05
3.60452e-05
3.55565e-05
3.287385e-05
3.304712e-05
3.278005e-05
3.178483e-05
3.18751e-05
3.206735e-05
3.310444e-05
3.28212e-05
3.089136e-05
3.143362e-05
3.242509e-05
3.052379e-05
3.070823e-05
2.821089e-05
2.829356e-05
2.88663e-05
3.067801e-05
3.136348e-05
3.169617e-05
2.887399e-05
2.913713e-05
2.973803e-05
3.018614e-05
2.85495e-05
2.814027e-05
2.699098e-05
2.867831e-05
2.761746e-05
2.482299e-05
2.360916e-05
2.344654e-05
2.376956e-05
2.317735e-05
2.158018e-05
2.143704e-05
2.124654e-05
2.174037e-05
2.184712e-05
2.423593e-05
2.487923e-05
2.722439e-05
3.032815e-05
2.668316e-05
2.850674e-05
2.977189e-05
3.072959e-05
2.79139e-05
2.855703e-05
2.994113e-05
3.018208e-05
3.056181e-05
2.949934e-05
2.984638e-05
3.194399e-05
3.100217e-05
3.122737e-05
3.232204e-05
3.596032e-05
3.78131e-05
4.029924e-05
3.894662e-05
3.670871e-05
3.447642e-05
3.091655e-05
3.028867e-05
3.09489e-05
3.166026e-05
2.877364e-05
2.636571e-05
2.51054e-05
2.577298e-05
2.808394e-05
2.426121e-05
2.441433e-05
2.224122e-05
2.051301e-05
1.996941e-05
2.00507e-05
2.080725e-05
2.189263e-05
2.337331e-05
2.324224e-05
2.396486e-05
2.312535e-05
2.589786e-05
2.827075e-05
2.969128e-05
2.76365e-05
3.08367e-05
2.808805e-05
2.757949e-05
2.678653e-05
2.691168e-05
2.684856e-05
2.871682e-05
2.684486e-05
2.444546e-05
2.263096e-05
2.326418e-05
2.331989e-05
2.448436e-05
2.172368e-05
2.294072e-05
2.366006e-05
2.448996e-05
2.47493e-05
2.539886e-05
2.531191e-05
2.531087e-05
2.557949e-05
2.588749e-05
2.724857e-05
2.553014e-05
2.523454e-05
2.710514e-05
2.785424e-05
2.878759e-05
2.91818e-05
3.079189e-05
3.098157e-05
3.18917e-05
2.992981e-05
2.915251e-05
2.862739e-05
2.975041e-05
3.271022e-05
3.652916e-05
3.560464e-05
3.769174e-05
3.614907e-05
3.472339e-05
3.774176e-05
3.888974e-05
3.661125e-05
3.495232e-05
3.12448e-05
3.107998e-05
2.974529e-05
2.906834e-05
2.670869e-05
2.669667e-05
2.762517e-05
2.623724e-05
2.786175e-05
2.998019e-05
3.001207e-05
3.153114e-05
3.409109e-05
3.615012e-05
3.551411e-05
2.977005e-05
3.191849e-05
3.124776e-05
3.196944e-05
3.069145e-05
3.41791e-05
3.403547e-05
3.226819e-05
3.022258e-05
3.013584e-05
3.08523e-05
3.214199e-05
3.233511e-05
3.024207e-05
2.917005e-05
2.834794e-05
2.845913e-05
2.681315e-05
2.571467e-05
2.474834e-05
2.395579e-05
2.4911e-05
2.383953e-05
2.635204e-05
2.705492e-05
2.680583e-05
2.9171e-05
3.057835e-05
3.004033e-05
3.131316e-05
3.106967e-05
3.073071e-05
2.928017e-05
2.91705e-05
3.224358e-05
3.265003e-05
3.356714e-05
3.380901e-05
3.362891e-05
3.167144e-05
3.106133e-05
3.099069e-05
3.104825e-05
3.233492e-05
3.486388e-05
3.241511e-05
3.044289e-05
2.861165e-05
2.890496e-05
2.800359e-05
2.881998e-05
2.992221e-05
2.857723e-05
2.81242e-05
2.670945e-05
2.69502e-05
2.888189e-05
2.811643e-05
2.901305e-05
3.131441e-05
2.766386e-05
2.706047e-05
2.579122e-05
2.705546e-05
2.805808e-05
2.816103e-05
2.842212e-05
2.966693e-05
3.149998e-05
3.103496e-05
3.076472e-05
3.065647e-05
3.242579e-05
3.268384e-05
3.189622e-05
2.979252e-05
3.143143e-05
3.382483e-05
3.251798e-05
3.145171e-05
3.114449e-05
3.167674e-05
3.399832e-05
3.266433e-05
3.310675e-05
3.086071e-05
3.200462e-05
3.282236e-05
3.392358e-05
3.388246e-05
3.324075e-05
3.209839e-05
3.29459e-05
3.234488e-05
3.085572e-05
2.87734e-05
2.663683e-05
2.901819e-05
2.946512e-05
2.99886e-05
2.912889e-05
3.027533e-05
3.065286e-05
2.999488e-05
3.045132e-05
3.132812e-05
3.096196e-05
3.023629e-05
2.963092e-05
3.11082e-05
3.272222e-05
3.541917e-05
3.346109e-05
3.044375e-05
3.117095e-05
3.006945e-05
2.921206e-05
2.938618e-05
2.817213e-05
2.606903e-05
2.638071e-05
2.627682e-05
2.518431e-05
2.6234e-05
2.958863e-05
2.923683e-05
2.99988e-05
3.344552e-05
3.288375e-05
3.315136e-05
3.083167e-05
2.905218e-05
2.794921e-05
2.878842e-05
2.815519e-05
2.567332e-05
2.427522e-05
2.341146e-05
2.42847e-05
2.416693e-05
2.450237e-05
2.557272e-05
2.453498e-05
2.283466e-05
2.108529e-05
2.066157e-05
2.064549e-05
2.165434e-05
2.131096e-05
2.022897e-05
2.074172e-05
1.994579e-05
2.209468e-05
2.221058e-05
2.334798e-05
2.456841e-05
2.785004e-05
2.640769e-05
2.666191e-05
2.530081e-05
2.593911e-05
2.547309e-05
2.522006e-05
2.624678e-05
2.510796e-05
2.432147e-05
2.161451e-05
2.19697e-05
2.21108e-05
2.24374e-05
2.359873e-05
2.372058e-05
2.495971e-05
2.521595e-05
2.522875e-05
2.63504e-05
2.688199e-05
2.593304e-05
2.658226e-05
2.766866e-05
2.772176e-05
2.796563e-05
3.019624e-05
3.346139e-05
3.109697e-05
3.074254e-05
2.782094e-05
2.616272e-05
2.68522e-05
2.736353e-05
2.898668e-05
2.887968e-05
3.198061e-05
3.39688e-05
3.134095e-05
2.960054e-05
2.948638e-05
2.91366e-05
2.752746e-05
2.603657e-05
2.653637e-05
2.884941e-05
2.934995e-05
2.804496e-05
2.973274e-05
2.689493e-05
2.740657e-05
2.740523e-05
2.718355e-05
2.539336e-05
2.474047e-05
2.379653e-05
2.414683e-05
2.281122e-05
2.292551e-05
2.094579e-05
2.068159e-05
2.024563e-05
2.003727e-05
1.96608e-05
1.968802e-05
2.10058e-05
1.905893e-05
1.774948e-05
1.827605e-05
1.890298e-05
1.921833e-05
1.776446e-05
1.760178e-05
1.786706e-05
1.819402e-05
1.833834e-05
1.922793e-05
1.935374e-05
1.992054e-05
2.099512e-05
1.927685e-05
1.711768e-05
1.788042e-05
1.71243e-05
1.640223e-05
1.575833e-05
1.556691e-05
1.559513e-05
1.654358e-05
1.626208e-05
1.736422e-05
1.91005e-05
1.878527e-05
1.914538e-05
1.911775e-05
1.992897e-05
1.934295e-05
1.927876e-05
1.892398e-05
2.088727e-05
2.171766e-05
2.075697e-05
2.154888e-05
2.224549e-05
2.193695e-05
2.289315e-05
2.228061e-05
2.465108e-05
2.44083e-05
2.236345e-05
2.414016e-05
2.570338e-05
2.575064e-05
2.713023e-05
2.735883e-05
2.519156e-05
2.541352e-05
2.460682e-05
2.568066e-05
2.750373e-05
2.855687e-05
3.104677e-05
3.423239e-05
3.698349e-05
3.603775e-05
3.589044e-05
3.307645e-05
3.239365e-05
3.196178e-05
2.942891e-05
2.730435e-05
3.011971e-05
3.021543e-05
2.968207e-05
3.323005e-05
3.360568e-05
3.121614e-05
2.972455e-05
2.816638e-05
3.27022e-05
2.985062e-05
2.758802e-05
2.644261e-05
2.836697e-05
2.934831e-05
2.907342e-05
2.691361e-05
2.904891e-05
2.832963e-05
2.636622e-05
2.885734e-05
2.8021e-05
2.864422e-05
2.969086e-05
2.985635e-05
3.067926e-05
3.123903e-05
3.143471e-05
3.031594e-05
3.254973e-05
3.292045e-05
3.609675e-05
3.497656e-05
3.4973e-05
3.261011e-05
3.324598e-05
3.542721e-05
3.304478e-05
3.426497e-05
3.484951e-05
3.387837e-05
3.363284e-05
3.44743e-05
3.056634e-05
3.103164e-05
3.286983e-05
3.264484e-05
2.933579e-05
2.991901e-05
2.46805e-05
2.576008e-05
2.301936e-05
2.094595e-05
2.025833e-05
1.959434e-05
1.845177e-05
1.971795e-05
1.804473e-05
1.888319e-05
1.910745e-05
1.818079e-05
1.94207e-05
1.860046e-05
1.819975e-05
1.820414e-05
1.75338e-05
1.733064e-05
1.790108e-05
1.675284e-05
1.531385e-05
1.440162e-05
1.52032e-05
1.514014e-05
1.622413e-05
1.663911e-05
1.716005e-05
1.712457e-05
1.751516e-05
1.83149e-05
1.903676e-05
1.916424e-05
2.065907e-05
2.082392e-05
2.227465e-05
2.32457e-05
2.221665e-05
2.100746e-05
2.350299e-05
2.224744e-05
2.073249e-05
1.913373e-05
1.886966e-05
1.616168e-05
1.518099e-05
1.611239e-05
1.620869e-05
1.678335e-05
1.701483e-05
1.89381e-05
1.832653e-05
2.024869e-05
1.842059e-05
1.764363e-05
1.782709e-05
1.798518e-05
1.813814e-05
1.774117e-05
1.824499e-05
1.830683e-05
1.96377e-05
1.934065e-05
1.879736e-05
1.940125e-05
1.858592e-05
1.896814e-05
1.921311e-05
1.932667e-05
2.068348e-05
2.139172e-05
2.284926e-05
2.344079e-05
2.329372e-05
2.308184e-05
2.342049e-05
2.496189e-05
2.413979e-05
2.424679e-05
2.425736e-05
2.464432e-05
2.556853e-05
2.632453e-05
2.922424e-05
3.105327e-05
3.416781e-05
3.583401e-05
3.30247e-05
3.405272e-05
2.878907e-05
2.892571e-05
2.739955e-05
2.476399e-05
2.378303e-05
2.391118e-05
2.494239e-05
2.419599e-05
2.425571e-05
2.365888e-05
2.359315e-05
2.285055e-05
2.298085e-05
2.279642e-05
2.222818e-05
2.397704e-05
2.366433e-05
2.399531e-05
2.332234e-05
2.51603e-05
2.518719e-05
2.697062e-05
2.686431e-05
2.716471e-05
2.911451e-05
2.912885e-05
2.916889e-05
2.820154e-05
2.971333e-05
2.821811e-05
2.737482e-05
3.104049e-05
3.076082e-05
3.248272e-05
2.82792e-05
2.705675e-05
2.526078e-05
2.279503e-05
2.093463e-05
2.054064e-05
2.142501e-05
2.266213e-05
2.142274e-05
2.344979e-05
2.384292e-05
2.375687e-05
2.186085e-05
2.382231e-05
2.234689e-05
2.137e-05
2.227006e-05
2.245404e-05
2.187632e-05
2.168916e-05
2.019884e-05
2.045456e-05
2.091186e-05
2.205667e-05
2.387718e-05
2.360156e-05
2.589489e-05
2.674181e-05
2.804857e-05
2.788885e-05
3.066126e-05
2.812389e-05
2.895508e-05
2.917765e-05
2.878138e-05
2.839378e-05
2.598773e-05
2.565189e-05
2.539777e-05
2.52386e-05
2.624198e-05
2.852557e-05
2.692352e-05
2.449646e-05
2.468771e-05
2.772686e-05
2.69829e-05
2.574857e-05
2.715539e-05
2.821984e-05
2.846059e-05
3.001222e-05
3.036635e-05
3.110394e-05
2.95516e-05
2.842522e-05
3.168576e-05
3.046054e-05
3.051088e-05
2.831944e-05
2.864624e-05
2.942235e-05
3.098049e-05
2.952887e-05
2.953189e-05
3.040591e-05
3.14964e-05
2.921188e-05
2.906981e-05
2.735727e-05
2.906213e-05
3.063003e-05
2.96237e-05
2.951167e-05
2.929937e-05
2.804258e-05
2.819378e-05
2.765973e-05
2.832287e-05
3.09836e-05
2.861342e-05
2.958708e-05
2.839847e-05
2.749279e-05
2.902076e-05
3.135583e-05
2.747177e-05
2.680564e-05
2.554191e-05
2.703845e-05
2.738814e-05
2.970326e-05
2.934294e-05
3.014765e-05
3.140678e-05
3.055593e-05
3.134762e-05
3.170685e-05
3.272755e-05
3.241488e-05
3.327591e-05
3.461119e-05
3.466857e-05
3.403308e-05
3.70076e-05
3.813414e-05
3.742034e-05
3.8061e-05
3.524874e-05
3.588882e-05
3.828612e-05
3.760834e-05
3.667713e-05
3.371115e-05
3.5902e-05
3.58757e-05
3.691717e-05
3.5727e-05
3.563082e-05
3.447705e-05
3.574043e-05
3.271581e-05
3.167446e-05
2.88333e-05
3.008125e-05
2.916979e-05
2.676631e-05
2.728928e-05
2.936211e-05
2.825397e-05
2.386403e-05
2.608195e-05
2.668193e-05
2.524605e-05
2.513161e-05
2.348114e-05
2.313235e-05
2.24554e-05
1.957367e-05
1.883657e-05
1.809396e-05
1.82104e-05
1.778347e-05
1.79216e-05
1.915734e-05
1.913084e-05
1.839795e-05
1.789834e-05
1.825792e-05
1.8168e-05
1.853025e-05
1.810165e-05
1.853712e-05
1.882884e-05
1.879353e-05
1.944674e-05
2.109404e-05
2.026659e-05
2.22074e-05
2.350931e-05
2.304347e-05
2.108253e-05
2.077424e-05
1.980263e-05
2.16853e-05
2.3343e-05
2.173241e-05
2.232342e-05
2.235278e-05
2.075205e-05
2.033716e-05
1.945172e-05
1.970665e-05
1.781052e-05
1.692217e-05
1.533162e-05
1.57392e-05
1.419191e-05
1.478031e-05
1.40581e-05
1.375302e-05
1.309394e-05
1.421231e-05
1.37482e-05
1.369493e-05
1.348105e-05
1.444632e-05
1.457524e-05
1.483577e-05
1.661381e-05
1.622549e-05
1.736167e-05
1.977317e-05
1.979701e-05
1.848275e-05
1.928236e-05
1.822885e-05
1.860089e-05
1.884768e-05
2.059055e-05
1.928808e-05
1.749998e-05
1.747871e-05
1.769572e-05
1.726703e-05
1.860852e-05
1.917668e-05
1.854421e-05
1.864105e-05
1.929152e-05
2.048613e-05
2.027e-05
2.059929e-05
2.154085e-05
2.159651e-05
2.226696e-05
2.16616e-05
2.172732e-05
2.35503e-05
2.282678e-05
2.267921e-05
2.111723e-05
2.009511e-05
2.159508e-05
2.219633e-05
2.30008e-05
2.278836e-05
2.248558e-05
2.221177e-05
2.277586e-05
2.134882e-05
2.110041e-05
1.99572e-05
2.135401e-05
2.226021e-05
2.253208e-05
2.264052e-05
2.110386e-05
2.120439e-05
2.212508e-05
2.1332e-05
2.056379e-05
1.89743e-05
1.767265e-05
2.004949e-05
1.996155e-05
2.032552e-05
2.265046e-05
2.400723e-05
2.472952e-05
2.670461e-05
2.856948e-05
2.911156e-05
2.776087e-05
2.945319e-05
2.813674e-05
2.637598e-05
2.528488e-05
2.558024e-05
2.810111e-05
2.49666e-05
2.471611e-05
2.448227e-05
2.324655e-05
2.464166e-05
2.363474e-05
2.338411e-05
2.436364e-05
2.479959e-05
2.531678e-05
2.581023e-05
2.614775e-05
2.437722e-05
2.204857e-05
2.049671e-05
1.961272e-05
2.109423e-05
2.264727e-05
2.251438e-05
2.221803e-05
2.38435e-05
2.402108e-05
2.361717e-05
2.338908e-05
2.328791e-05
2.279828e-05
2.364425e-05
2.307361e-05
2.447526e-05
2.461049e-05
2.425848e-05
2.191183e-05
2.162673e-05
2.082216e-05
2.061314e-05
1.986608e-05
1.923602e-05
1.932324e-05
1.96835e-05
2.118888e-05
2.222241e-05
2.221641e-05
2.247306e-05
2.069382e-05
2.006848e-05
2.118106e-05
2.251082e-05
2.07019e-05
1.971129e-05
1.965812e-05
1.922072e-05
1.812815e-05
1.793434e-05
1.6214e-05
1.641124e-05
1.68382e-05
1.667115e-05
1.789643e-05
1.769435e-05
1.951246e-05
1.948681e-05
1.957716e-05
1.916339e-05
1.958742e-05
1.900103e-05
1.948848e-05
1.930642e-05
1.790626e-05
1.916075e-05
2.05541e-05
2.019903e-05
2.038175e-05
1.937656e-05
1.929209e-05
1.865642e-05
1.839152e-05
1.805739e-05
1.856456e-05
1.765983e-05
1.578775e-05
1.69736e-05
1.645769e-05
1.70124e-05
1.622931e-05
1.57913e-05
1.566286e-05
1.654402e-05
1.517286e-05
1.502058e-05
1.466203e-05
1.461767e-05
1.460174e-05
1.598582e-05
1.675463e-05
1.859305e-05
1.8734e-05
1.86525e-05
1.699656e-05
1.530706e-05
1.45985e-05
1.475949e-05
1.535913e-05
1.524168e-05
1.525465e-05
1.426812e-05
1.326796e-05
1.516875e-05
1.64647e-05
1.62205e-05
1.642432e-05
1.67512e-05
1.47611e-05
1.477752e-05
1.538777e-05
1.525496e-05
1.513625e-05
1.491864e-05
1.525763e-05
1.63386e-05
1.652713e-05
1.677697e-05
1.682416e-05
1.609251e-05
1.601792e-05
1.617573e-05
1.684105e-05
1.634579e-05
1.599244e-05
1.61121e-05
1.822411e-05
1.749659e-05
1.756371e-05
1.657875e-05
1.690975e-05
1.702922e-05
1.706951e-05
1.689659e-05
1.815931e-05
1.92315e-05
1.980869e-05
1.85439e-05
1.937467e-05
1.910876e-05
2.14353e-05
2.340123e-05
2.273352e-05
2.11096e-05
2.159347e-05
2.336514e-05
2.502764e-05
2.434852e-05
2.29443e-05
2.273059e-05
2.216527e-05
2.388198e-05
2.241097e-05
2.52719e-05
2.487285e-05
2.567315e-05
2.595436e-05
2.529308e-05
2.521828e-05
2.758306e-05
2.917632e-05
2.865558e-05
2.733465e-05
2.910455e-05
2.937181e-05
3.037181e-05
3.020068e-05
3.049853e-05
3.093098e-05
2.993892e-05
3.103361e-05
3.308839e-05
3.353071e-05
3.422534e-05
3.257634e-05
3.376652e-05
3.140576e-05
3.092409e-05
2.967871e-05
2.661374e-05
2.825741e-05
2.961183e-05
3.154365e-05
3.076089e-05
3.058693e-05
3.040744e-05
3.054351e-05
2.98961e-05
2.974004e-05
2.925577e-05
3.30258e-05
3.472446e-05
3.383113e-05
2.998677e-05
3.103364e-05
3.112276e-05
3.021651e-05
2.982703e-05
2.981747e-05
2.985157e-05
2.958745e-05
3.116777e-05
3.030661e-05
2.968367e-05
3.063093e-05
3.428051e-05
3.746642e-05
3.339346e-05
3.450026e-05
3.446422e-05
3.443414e-05
3.422382e-05
3.284819e-05
3.319382e-05
3.115631e-05
2.879509e-05
2.80574e-05
2.663338e-05
2.416987e-05
2.605325e-05
2.431055e-05
2.207376e-05
2.122188e-05
2.182752e-05
2.18597e-05
2.517319e-05
2.439454e-05
2.546554e-05
2.777044e-05
2.712188e-05
3.012494e-05
3.054473e-05
2.936766e-05
2.922272e-05
2.766725e-05
2.776388e-05
2.823481e-05
2.798423e-05
2.817325e-05
2.81352e-05
2.849824e-05
3.031221e-05
2.75314e-05
2.814575e-05
2.833439e-05
2.912701e-05
2.926621e-05
2.924368e-05
2.928607e-05
2.816342e-05
2.821864e-05
2.813652e-05
2.493125e-05
2.765403e-05
2.640225e-05
2.603969e-05
2.65646e-05
2.54687e-05
2.437017e-05
2.293187e-05
2.242056e-05
2.425272e-05
2.284031e-05
2.266324e-05
2.475365e-05
2.28007e-05
2.414111e-05
2.40457e-05
2.54255e-05
2.545036e-05
2.573368e-05
2.487498e-05
2.359936e-05
2.358981e-05
2.24047e-05
2.142965e-05
2.165851e-05
2.159866e-05
2.156239e-05
2.403878e-05
2.3972e-05
2.470258e-05
2.607158e-05
2.662926e-05
2.537497e-05
2.597684e-05
2.297518e-05
2.609847e-05
2.552708e-05
2.440015e-05
2.5003e-05
2.345685e-05
2.183782e-05
2.150256e-05
2.299745e-05
2.371404e-05
2.242405e-05
2.166847e-05
2.105225e-05
2.099111e-05
2.139232e-05
2.239616e-05
2.398129e-05
2.645966e-05
2.742183e-05
2.80719e-05
2.637324e-05
2.515921e-05
2.60813e-05
2.807884e-05
3.062703e-05
3.024368e-05
2.727466e-05
2.712862e-05
2.66289e-05
2.694752e-05
2.647801e-05
2.68675e-05
2.832286e-05
2.889777e-05
2.767748e-05
2.765448e-05
2.870986e-05
2.967268e-05
3.007661e-05
2.996351e-05
3.144342e-05
2.819362e-05
2.933806e-05
2.826849e-05
2.681127e-05
2.579166e-05
2.344025e-05
2.374618e-05
2.669236e-05
2.348463e-05
2.429648e-05
2.467595e-05
2.451638e-05
2.127668e-05
2.016942e-05
2.086465e-05
2.42815e-05
2.754564e-05
2.751759e-05
2.798128e-05
3.04141e-05
3.15246e-05
3.307908e-05
3.484659e-05
3.344594e-05
3.348152e-05
3.522385e-05
3.413371e-05
3.331245e-05
3.440433e-05
3.256958e-05
3.727435e-05
3.852499e-05
3.946808e-05
4.027462e-05
4.238038e-05
4.543867e-05
4.452869e-05
4.369987e-05
4.101194e-05
4.141082e-05
4.267192e-05
4.425441e-05
4.569756e-05
5.055841e-05
5.297568e-05
4.802483e-05
4.401411e-05
4.592246e-05
4.564613e-05
4.546462e-05
4.394017e-05
4.468183e-05
4.303892e-05
3.701803e-05
3.844857e-05
4.073577e-05
4.412017e-05
4.239082e-05
4.271031e-05
4.499834e-05
4.734369e-05
4.790063e-05
4.526345e-05
4.441426e-05
4.623405e-05
4.626164e-05
4.642318e-05
3.948622e-05
3.88045e-05
3.80342e-05
3.677739e-05
3.865072e-05
3.713303e-05
3.52275e-05
3.342137e-05
3.125616e-05
3.093766e-05
2.845867e-05
2.833984e-05
2.637134e-05
2.721842e-05
2.452006e-05
2.488294e-05
2.704609e-05
2.499718e-05
2.497571e-05
2.619565e-05
2.693968e-05
2.726245e-05
2.651912e-05
2.595966e-05
2.549887e-05
2.440573e-05
2.264412e-05
2.383107e-05
2.505089e-05
2.555302e-05
2.500131e-05
2.540887e-05
2.590471e-05
2.44516e-05
2.489858e-05
2.518982e-05
2.797617e-05
2.747285e-05
2.80612e-05
2.536519e-05
2.63419e-05
2.419096e-05
2.282558e-05
2.238212e-05
1.980976e-05
1.876618e-05
1.75959e-05
1.809985e-05
1.755624e-05
1.855867e-05
1.794782e-05
1.87546e-05
1.747372e-05
1.881669e-05
1.984719e-05
1.892167e-05
1.997466e-05
2.039175e-05
2.152533e-05
2.120979e-05
2.171673e-05
2.22984e-05
2.530542e-05
2.551568e-05
2.712019e-05
2.818485e-05
2.713165e-05
2.745226e-05
3.029818e-05
3.076448e-05
2.949186e-05
3.166062e-05
3.046042e-05
2.99017e-05
2.605186e-05
2.573578e-05
2.690284e-05
2.656456e-05
2.666872e-05
2.580993e-05
2.555754e-05
2.410863e-05
2.428568e-05
2.159668e-05
1.977422e-05
2.081816e-05
2.131464e-05
2.125108e-05
2.030844e-05
1.930733e-05
1.915227e-05
1.872663e-05
1.742245e-05
1.843672e-05
1.818444e-05
1.919699e-05
1.879199e-05
1.798392e-05
1.802476e-05
1.725842e-05
1.601836e-05
1.569108e-05
1.510035e-05
1.457896e-05
1.440703e-05
1.463802e-05
1.397215e-05
1.471641e-05
1.59726e-05
1.798651e-05
1.828161e-05
1.830101e-05
1.77653e-05
1.757143e-05
1.690891e-05
1.703704e-05
1.841821e-05
1.779041e-05
1.749847e-05
1.874031e-05
1.828385e-05
1.796701e-05
1.682448e-05
1.693757e-05
1.674374e-05
1.627124e-05
1.755532e-05
1.701963e-05
1.633814e-05
1.627938e-05
1.709146e-05
1.536683e-05
1.565204e-05
1.554393e-05
1.534572e-05
1.520861e-05
1.469361e-05
1.372609e-05
1.380222e-05
1.416553e-05
1.450233e-05
1.370561e-05
1.349062e-05
1.419024e-05
1.322258e-05
1.315474e-05
1.325654e-05
1.412267e-05
1.384799e-05
1.373844e-05
1.414978e-05
1.458299e-05
1.435205e-05
1.501613e-05
1.542267e-05
1.623685e-05
1.715907e-05
1.885865e-05
1.922603e-05
2.047586e-05
1.94541e-05
1.971557e-05
1.849825e-05
1.889554e-05
2.037518e-05
2.102026e-05
2.224514e-05
2.354135e-05
2.275762e-05
2.284465e-05
2.099298e-05
2.036641e-05
2.087287e-05
2.048105e-05
1.873141e-05
1.921695e-05
1.988907e-05
1.885511e-05
2.10494e-05
2.280117e-05
2.076223e-05
2.104306e-05
2.292816e-05
2.444034e-05
2.567746e-05
2.521065e-05
2.655417e-05
2.366231e-05
2.425129e-05
2.412944e-05
2.59527e-05
2.600274e-05
2.634484e-05
2.558277e-05
2.566393e-05
2.608361e-05
2.630459e-05
2.359937e-05
2.350988e-05
2.47458e-05
2.351848e-05
2.431445e-05
2.230756e-05
2.225427e-05
2.068505e-05
2.036725e-05
1.838615e-05
1.872953e-05
2.109232e-05
2.06667e-05
2.150511e-05
2.058099e-05
1.891561e-05
2.03389e-05
1.981349e-05
2.056303e-05
2.080784e-05
2.221993e-05
2.10661e-05
2.140716e-05
2.189106e-05
2.232196e-05
2.540914e-05
2.577501e-05
2.401264e-05
2.402601e-05
2.29077e-05
2.226937e-05
2.120064e-05
2.111083e-05
2.043056e-05
2.063654e-05
2.221194e-05
2.116524e-05
2.021881e-05
2.076591e-05
2.114968e-05
2.156084e-05
2.092504e-05
2.087928e-05
2.183927e-05
2.085167e-05
2.111853e-05
2.157754e-05
1.963701e-05
1.934812e-05
1.824948e-05
1.744172e-05
1.798307e-05
1.761459e-05
1.903039e-05
2.004396e-05
1.983798e-05
1.930473e-05
1.887598e-05
1.823825e-05
1.780299e-05
1.809209e-05
1.755962e-05
1.804599e-05
1.787651e-05
1.964992e-05
1.911267e-05
1.580909e-05
1.688313e-05
1.690615e-05
1.711746e-05
1.865181e-05
1.789021e-05
1.659585e-05
1.635639e-05
1.444953e-05
1.58196e-05
1.667529e-05
1.652004e-05
1.663203e-05
1.764979e-05
1.63516e-05
1.744547e-05
1.810832e-05
1.909675e-05
2.104919e-05
2.093756e-05
2.237415e-05
2.243866e-05
2.152805e-05
2.044823e-05
1.886841e-05
1.926971e-05
2.060252e-05
1.983359e-05
1.973801e-05
1.838839e-05
1.823236e-05
1.890732e-05
1.874871e-05
1.936191e-05
2.042153e-05
1.942146e-05
1.982852e-05
2.011189e-05
1.848124e-05
1.868634e-05
1.88328e-05
1.908394e-05
2.026974e-05
1.896915e-05
1.792888e-05
1.673015e-05
1.777688e-05
1.86206e-05
1.806804e-05
1.751516e-05
1.604615e-05
1.658657e-05
1.926441e-05
1.996128e-05
2.192231e-05
2.112825e-05
2.143487e-05
2.149981e-05
2.305864e-05
2.120916e-05
2.211326e-05
2.093082e-05
1.87703e-05
1.89443e-05
1.771845e-05
1.772897e-05
1.72031e-05
1.667544e-05
1.806833e-05
2.006852e-05
2.110649e-05
2.1042e-05
2.108305e-05
1.916106e-05
2.031875e-05
2.277535e-05
2.165105e-05
2.134275e-05
2.234943e-05
2.133522e-05
2.169992e-05
2.215087e-05
2.171532e-05
2.160095e-05
2.369492e-05
2.297435e-05
2.119606e-05
2.2431e-05
2.457911e-05
2.292482e-05
2.34041e-05
2.20651e-05
2.312215e-05
2.645131e-05
2.85542e-05
2.947301e-05
2.835647e-05
2.814811e-05
2.501916e-05
2.376883e-05
2.565185e-05
2.583851e-05
2.387985e-05
2.347607e-05
2.297362e-05
2.247376e-05
2.288883e-05
2.257495e-05
2.118681e-05
2.208011e-05
2.282957e-05
2.37589e-05
2.328263e-05
2.528528e-05
2.705667e-05
2.638475e-05
2.79928e-05
2.794027e-05
2.480903e-05
2.72685e-05
2.833195e-05
2.625255e-05
2.621655e-05
2.774236e-05
2.947685e-05
2.895784e-05
2.773939e-05
2.849916e-05
3.072846e-05
3.344743e-05
3.340433e-05
3.243705e-05
3.019388e-05
2.853545e-05
2.899261e-05
2.771744e-05
2.672711e-05
2.521891e-05
2.456689e-05
2.369333e-05
2.363265e-05
2.158872e-05
2.144763e-05
2.350872e-05
2.196172e-05
2.275778e-05
2.232204e-05
2.197142e-05
2.240263e-05
2.353424e-05
2.38787e-05
2.41626e-05
2.344006e-05
2.448522e-05
2.278589e-05
2.354417e-05
2.325712e-05
2.328927e-05
2.332803e-05
2.536072e-05
2.671815e-05
2.713321e-05
2.685659e-05
2.847557e-05
2.882381e-05
2.662415e-05
2.370408e-05
2.443617e-05
2.345577e-05
2.366327e-05
2.809676e-05
2.652294e-05
2.806996e-05
2.767972e-05
2.71328e-05
2.796754e-05
2.827369e-05
3.118656e-05
3.191719e-05
3.24019e-05
3.10779e-05
3.25209e-05
3.063611e-05
2.711345e-05
2.854995e-05
3.133589e-05
2.983692e-05
3.250052e-05
3.536772e-05
3.695886e-05
3.529155e-05
3.36575e-05
3.426199e-05
3.432421e-05
3.463642e-05
3.091267e-05
3.024514e-05
2.986777e-05
2.978631e-05
2.894763e-05
2.731208e-05
2.821841e-05
2.684358e-05
2.647286e-05
2.735939e-05
2.593177e-05
2.678239e-05
2.753364e-05
2.627314e-05
2.756309e-05
2.825642e-05
2.970436e-05
2.875245e-05
2.787548e-05
2.495827e-05
2.283814e-05
2.53391e-05
2.62758e-05
2.371506e-05
2.534398e-05
2.63939e-05
3.091861e-05
3.175715e-05
3.164691e-05
3.395506e-05
3.669804e-05
3.540028e-05
3.362187e-05
3.154463e-05
3.079532e-05
2.925778e-05
2.936526e-05
2.890964e-05
2.878125e-05
2.945516e-05
2.959656e-05
2.802029e-05
2.512967e-05
2.44513e-05
2.595425e-05
2.762108e-05
2.846939e-05
2.599032e-05
2.724439e-05
2.796011e-05
2.943631e-05
2.650348e-05
2.387265e-05
2.360911e-05
2.119037e-05
2.054244e-05
1.982737e-05
1.907027e-05
2.100742e-05
2.185468e-05
2.101706e-05
1.811305e-05
1.938798e-05
1.868179e-05
1.939833e-05
1.907828e-05
2.080456e-05
1.991264e-05
2.194404e-05
2.19862e-05
2.256449e-05
2.377069e-05
2.454122e-05
2.562399e-05
2.600615e-05
2.862374e-05
3.148674e-05
3.145504e-05
3.30868e-05
3.102666e-05
3.040243e-05
3.061779e-05
3.050522e-05
2.904883e-05
2.893075e-05
2.845788e-05
2.818658e-05
2.675705e-05
2.575238e-05
2.751817e-05
2.647235e-05
2.592575e-05
2.618891e-05
2.708965e-05
2.801855e-05
2.896865e-05
2.731831e-05
2.87844e-05
3.020784e-05
3.161189e-05
3.196092e-05
2.870709e-05
2.547574e-05
2.655198e-05
2.668419e-05
2.544058e-05
2.310368e-05
2.449584e-05
2.405465e-05
2.498138e-05
2.56568e-05
2.609933e-05
2.655008e-05
2.600434e-05
2.593424e-05
2.565363e-05
2.441175e-05
2.354458e-05
2.382074e-05
2.25567e-05
2.120338e-05
1.957847e-05
1.784247e-05
1.808976e-05
1.862995e-05
1.894413e-05
2.073016e-05
2.29289e-05
2.261071e-05
2.197353e-05
2.087288e-05
2.111367e-05
2.08294e-05
2.049862e-05
2.06204e-05
2.146787e-05
2.206599e-05
2.207436e-05
2.425738e-05
2.576749e-05
2.567304e-05
2.330128e-05
2.47942e-05
2.183574e-05
2.131703e-05
2.329778e-05
2.356748e-05
2.321133e-05
2.383399e-05
2.531085e-05
2.497402e-05
2.5031e-05
2.527245e-05
2.465081e-05
2.342802e-05
2.165449e-05
2.147804e-05
1.941847e-05
1.88122e-05
1.822911e-05
1.877078e-05
1.973167e-05
2.135996e-05
2.282606e-05
2.364075e-05
2.176443e-05
2.433221e-05
2.31247e-05
2.386718e-05
2.255054e-05
2.388268e-05
2.349914e-05
2.218385e-05
2.377639e-05
2.384586e-05
2.467127e-05
2.762553e-05
2.942166e-05
2.926908e-05
2.634482e-05
2.557568e-05
2.416877e-05
2.761632e-05
3.042271e-05
2.895513e-05
2.942332e-05
2.863802e-05
2.983554e-05
2.857287e-05
2.806621e-05
2.317215e-05
2.398695e-05
2.533314e-05
2.558884e-05
2.560028e-05
2.707385e-05
2.672215e-05
2.519907e-05
2.609356e-05
2.627344e-05
2.544688e-05
2.545642e-05
2.619809e-05
2.668343e-05
2.710662e-05
2.611554e-05
2.495757e-05
2.491541e-05
2.411548e-05
2.59802e-05
2.397889e-05
2.490442e-05
2.638847e-05
2.738974e-05
2.666897e-05
2.840056e-05
2.989803e-05
3.156037e-05
2.763993e-05
2.623947e-05
2.807837e-05
2.688986e-05
2.806727e-05
2.746072e-05
2.886418e-05
2.967411e-05
3.064934e-05
3.216616e-05
3.306088e-05
3.081352e-05
3.189494e-05
3.012305e-05
3.141166e-05
3.123408e-05
3.234673e-05
3.164709e-05
3.20013e-05
3.452549e-05
3.692365e-05
3.94635e-05
4.153655e-05
4.177356e-05
4.337783e-05
4.419926e-05
4.151885e-05
3.78163e-05
3.905882e-05
3.680152e-05
3.584136e-05
3.709309e-05
4.067611e-05
4.314101e-05
4.033393e-05
4.129433e-05
4.096045e-05
4.303832e-05
4.249626e-05
4.115193e-05
