1.403211e-05
1.733376e-05
1.741556e-05
1.706195e-05
1.780961e-05
1.784574e-05
1.718017e-05
1.761187e-05
1.741067e-05
1.662245e-05
1.536499e-05
1.675304e-05
1.793934e-05
2.005998e-05
2.071373e-05
1.976001e-05
2.068226e-05
2.073857e-05
2.151244e-05
2.246437e-05
2.267082e-05
2.310049e-05
2.272842e-05
2.206386e-05
2.179465e-05
2.128712e-05
2.197668e-05
2.10778e-05
1.941324e-05
1.920588e-05
1.848239e-05
1.955139e-05
2.045372e-05
2.045708e-05
2.05744e-05
1.968374e-05
1.79093e-05
1.573967e-05
1.601154e-05
1.579916e-05
1.711795e-05
1.793378e-05
1.738811e-05
1.698814e-05
1.739389e-05
1.663553e-05
1.68804e-05
1.679585e-05
1.543414e-05
1.673421e-05
1.605671e-05
1.386154e-05
1.27438e-05
1.230219e-05
1.217291e-05
1.284845e-05
1.366421e-05
1.235093e-05
1.130948e-05
1.063481e-05
1.056111e-05
1.073857e-05
1.100653e-05
1.105188e-05
1.196354e-05
1.210787e-05
1.316238e-05
1.229948e-05
1.203786e-05
1.270098e-05
1.349074e-05
1.391972e-05
1.408795e-05
1.338177e-05
1.372119e-05
1.30578e-05
1.286933e-05
1.152363e-05
1.138457e-05
1.21423e-05
1.140373e-05
1.097396e-05
1.11148e-05
1.117013e-05
1.097461e-05
1.051822e-05
1.096732e-05
1.027267e-05
1.007268e-05
1.035126e-05
1.000604e-05
1.043989e-05
9.832835e-06
9.338059e-06
1.016345e-05
9.282311e-06
8.998506e-06
8.821938e-06
9.636438e-06
9.963953e-06
9.591908e-06
9.355713e-06
8.882525e-06
8.94741e-06
9.23517e-06
9.404365e-06
9.172564e-06
8.712635e-06
9.557609e-06
9.182346e-06
9.394613e-06
1.004236e-05
1.041035e-05
1.03537e-05
9.896234e-06
1.125184e-05
1.183203e-05
1.174468e-05
1.232387e-05
1.137356e-05
1.139815e-05
1.153995e-05
1.125993e-05
1.052913e-05
1.083813e-05
1.096752e-05
1.148315e-05
1.195333e-05
1.270854e-05
1.435021e-05
1.429534e-05
1.415381e-05
1.501159e-05
1.480085e-05
1.433993e-05
1.404649e-05
1.489745e-05
1.48353e-05
1.442886e-05
1.474258e-05
1.515934e-05
1.381576e-05
1.470887e-05
1.49639e-05
1.313716e-05
1.41014e-05
1.297113e-05
1.316135e-05
1.213444e-05
1.296146e-05
1.390602e-05
1.397423e-05
1.402562e-05
1.503013e-05
1.487517e-05
1.393389e-05
1.396036e-05
1.423913e-05
1.375777e-05
1.374608e-05
1.297075e-05
1.361944e-05
1.188262e-05
1.166959e-05
1.363436e-05
1.386413e-05
1.364811e-05
1.40849e-05
1.529899e-05
1.452327e-05
1.422013e-05
1.428613e-05
1.501283e-05
1.454331e-05
1.5516e-05
1.681082e-05
1.736123e-05
1.671545e-05
1.680267e-05
1.643555e-05
1.850344e-05
1.754599e-05
1.749479e-05
1.796768e-05
1.750744e-05
1.917412e-05
2.005051e-05
2.034102e-05
1.794359e-05
1.722283e-05
1.636627e-05
1.734882e-05
1.751356e-05
1.591597e-05
1.599946e-05
1.497982e-05
1.422916e-05
1.681457e-05
1.690486e-05
1.730329e-05
1.913345e-05
1.995546e-05
1.983068e-05
1.902431e-05
1.99047e-05
2.152811e-05
2.118391e-05
2.048522e-05
1.977379e-05
1.827027e-05
1.807592e-05
2.076712e-05
2.188984e-05
1.987285e-05
2.001899e-05
1.896832e-05
1.711793e-05
1.442774e-05
1.397049e-05
1.366052e-05
1.332504e-05
1.2539e-05
1.104346e-05
1.139949e-05
1.230233e-05
1.22167e-05
1.150384e-05
1.106929e-05
1.038863e-05
1.130168e-05
1.175868e-05
1.212336e-05
1.31077e-05
1.307277e-05
1.322456e-05
1.326026e-05
1.328448e-05
1.291129e-05
1.240864e-05
1.320262e-05
1.42215e-05
1.385442e-05
1.293463e-05
1.186823e-05
1.226789e-05
1.180656e-05
1.108636e-05
1.12111e-05
1.155444e-05
1.296719e-05
1.2589e-05
1.262414e-05
1.255673e-05
1.297561e-05
1.402097e-05
1.48665e-05
1.585368e-05
1.600767e-05
1.46733e-05
1.552642e-05
1.674927e-05
1.610875e-05
1.602111e-05
1.553035e-05
1.667016e-05
1.691891e-05
1.615569e-05
1.682896e-05
1.605425e-05
1.574022e-05
1.620653e-05
1.692819e-05
1.520854e-05
1.451331e-05
1.501206e-05
1.398157e-05
1.562467e-05
1.701426e-05
1.543259e-05
1.639124e-05
1.549076e-05
1.47447e-05
1.424288e-05
1.631489e-05
1.651038e-05
1.686495e-05
1.646647e-05
1.455114e-05
1.41107e-05
1.534428e-05
1.657057e-05
1.689307e-05
1.663325e-05
1.726808e-05
1.676945e-05
1.688889e-05
1.607479e-05
1.644328e-05
1.54111e-05
1.656882e-05
1.695667e-05
1.753331e-05
1.714301e-05
1.876908e-05
1.718613e-05
1.576526e-05
1.487654e-05
1.410547e-05
1.412594e-05
1.393882e-05
1.425843e-05
1.410118e-05
1.496286e-05
1.440377e-05
1.466776e-05
1.446391e-05
1.473869e-05
1.333825e-05
1.308768e-05
1.27531e-05
1.279907e-05
1.147374e-05
1.06004e-05
1.145468e-05
1.098991e-05
1.097917e-05
1.186641e-05
1.193014e-05
1.378434e-05
1.384893e-05
1.362357e-05
1.378141e-05
1.381903e-05
1.425294e-05
1.366865e-05
1.468563e-05
1.358884e-05
1.258995e-05
1.320417e-05
1.350908e-05
1.250542e-05
1.307851e-05
1.270282e-05
1.267391e-05
1.347923e-05
1.366946e-05
1.513518e-05
1.501453e-05
1.630123e-05
1.462041e-05
1.504452e-05
1.515708e-05
1.51819e-05
1.536102e-05
1.460067e-05
1.541775e-05
1.381249e-05
1.336156e-05
1.29328e-05
1.18818e-05
1.159237e-05
1.082098e-05
1.17592e-05
1.054171e-05
1.030674e-05
1.069775e-05
1.019373e-05
1.043199e-05
1.153526e-05
1.207728e-05
1.292839e-05
1.305727e-05
1.295143e-05
1.40305e-05
1.580957e-05
1.697956e-05
1.691086e-05
1.659545e-05
1.715172e-05
1.685825e-05
1.781748e-05
1.777908e-05
1.539443e-05
1.554559e-05
1.54468e-05
1.43276e-05
1.551885e-05
1.438873e-05
1.444581e-05
1.393408e-05
1.304668e-05
1.247453e-05
1.296667e-05
1.341323e-05
1.314401e-05
1.264806e-05
1.301287e-05
1.280049e-05
1.271519e-05
1.272322e-05
1.453256e-05
1.544559e-05
1.610318e-05
1.712857e-05
1.679318e-05
1.496119e-05
1.393689e-05
1.390965e-05
1.453417e-05
1.512292e-05
1.474305e-05
1.396226e-05
1.462649e-05
1.413849e-05
1.471988e-05
1.279252e-05
1.315387e-05
1.244894e-05
1.243321e-05
1.418369e-05
1.38008e-05
1.331269e-05
1.423963e-05
1.384356e-05
1.315382e-05
1.245694e-05
1.253621e-05
1.275037e-05
1.281456e-05
1.235448e-05
1.207963e-05
1.261981e-05
1.233541e-05
1.287204e-05
1.261329e-05
1.262116e-05
1.278984e-05
1.21265e-05
1.243778e-05
1.153538e-05
1.170888e-05
1.192183e-05
1.118412e-05
1.186631e-05
1.238648e-05
1.340345e-05
1.381451e-05
1.279878e-05
1.305068e-05
1.312466e-05
1.318895e-05
1.387893e-05
1.424629e-05
1.463169e-05
1.481504e-05
1.504697e-05
1.465708e-05
1.334768e-05
1.300307e-05
1.262502e-05
1.291919e-05
1.329587e-05
1.311738e-05
1.477015e-05
1.466293e-05
1.511936e-05
1.565673e-05
1.478706e-05
1.411811e-05
1.504528e-05
1.505279e-05
1.407755e-05
1.404004e-05
1.642912e-05
1.600928e-05
1.52379e-05
1.470899e-05
1.444018e-05
1.346627e-05
1.524137e-05
1.58185e-05
1.550991e-05
1.594885e-05
1.679208e-05
1.660743e-05
1.493453e-05
1.394173e-05
1.519243e-05
1.55621e-05
1.639329e-05
1.700037e-05
1.66229e-05
1.62096e-05
1.701404e-05
1.738703e-05
1.810044e-05
1.70339e-05
1.712167e-05
1.644148e-05
1.571733e-05
1.425911e-05
1.470511e-05
1.479019e-05
1.555566e-05
1.400692e-05
1.336438e-05
1.308414e-05
1.286729e-05
1.110402e-05
1.162331e-05
1.264573e-05
1.268066e-05
1.354063e-05
1.332354e-05
1.413955e-05
1.286743e-05
1.331969e-05
1.320955e-05
1.345665e-05
1.255279e-05
1.272902e-05
1.293209e-05
1.223324e-05
1.191859e-05
1.243901e-05
1.160014e-05
1.099952e-05
1.050491e-05
1.111112e-05
1.045654e-05
1.040658e-05
1.013673e-05
9.252662e-06
9.490407e-06
9.060729e-06
8.775655e-06
8.418415e-06
8.129278e-06
8.581181e-06
8.662741e-06
8.795626e-06
9.157625e-06
9.27465e-06
8.247726e-06
8.325494e-06
8.227923e-06
8.91723e-06
8.580688e-06
8.672358e-06
8.130024e-06
7.620147e-06
7.964662e-06
7.85947e-06
7.206135e-06
7.245147e-06
7.966971e-06
7.990654e-06
7.798395e-06
7.647708e-06
7.543727e-06
8.532308e-06
9.199776e-06
9.215061e-06
9.176499e-06
8.967237e-06
9.283751e-06
9.428866e-06
8.988797e-06
8.508298e-06
8.176206e-06
7.80697e-06
7.063232e-06
6.19234e-06
7.458693e-06
7.797791e-06
8.459452e-06
8.399333e-06
8.32441e-06
8.303457e-06
8.318317e-06
8.534759e-06
8.513702e-06
9.530083e-06
9.699491e-06
9.984945e-06
1.063235e-05
1.159952e-05
1.022421e-05
1.005548e-05
9.76854e-06
9.48807e-06
1.057565e-05
1.018621e-05
1.06851e-05
1.018043e-05
9.604829e-06
9.174683e-06
9.505759e-06
9.703224e-06
9.18687e-06
9.143097e-06
8.95381e-06
8.783185e-06
8.98777e-06
8.893181e-06
9.41139e-06
8.907022e-06
8.802091e-06
9.609924e-06
9.636582e-06
9.66268e-06
9.367223e-06
9.055727e-06
9.5307e-06
9.593533e-06
9.638484e-06
1.016539e-05
9.65472e-06
8.804108e-06
8.393121e-06
8.305783e-06
8.466214e-06
8.524668e-06
8.779536e-06
8.591292e-06
8.492447e-06
8.749788e-06
8.067626e-06
8.133527e-06
7.825435e-06
8.273912e-06
8.158344e-06
7.773833e-06
8.89394e-06
9.297828e-06
1.01037e-05
1.076015e-05
1.100281e-05
1.132907e-05
1.121205e-05
1.174973e-05
1.148637e-05
1.096625e-05
1.103918e-05
1.146998e-05
1.116831e-05
1.062046e-05
1.104694e-05
1.04505e-05
1.030045e-05
9.947053e-06
1.032861e-05
9.854518e-06
9.551298e-06
9.267969e-06
9.664255e-06
9.744486e-06
1.061086e-05
1.08845e-05
1.058795e-05
1.110921e-05
1.224699e-05
1.178564e-05
1.193799e-05
1.174759e-05
1.090584e-05
1.036055e-05
1.086209e-05
1.033574e-05
1.038733e-05
9.935455e-06
1.040597e-05
1.159917e-05
1.126695e-05
1.1865e-05
1.209772e-05
1.315301e-05
1.296572e-05
1.366427e-05
1.333077e-05
1.293158e-05
1.354505e-05
1.38437e-05
1.331951e-05
1.405813e-05
1.411709e-05
1.364325e-05
1.361552e-05
1.22355e-05
1.238082e-05
1.245309e-05
1.236313e-05
1.293513e-05
1.352302e-05
1.409032e-05
1.419194e-05
1.395138e-05
1.480839e-05
1.472606e-05
1.361861e-05
1.355649e-05
1.440803e-05
1.463847e-05
1.432409e-05
1.544139e-05
1.504884e-05
1.420033e-05
1.523015e-05
1.634508e-05
1.518832e-05
1.62663e-05
1.510011e-05
1.573492e-05
1.608697e-05
1.716254e-05
1.812927e-05
1.838127e-05
1.856486e-05
1.94712e-05
1.765407e-05
1.623661e-05
1.676955e-05
1.765424e-05
1.75778e-05
1.691139e-05
1.711436e-05
1.760878e-05
1.932211e-05
1.950535e-05
1.874842e-05
1.832687e-05
1.832963e-05
1.861089e-05
2.008732e-05
1.987028e-05
2.024726e-05
2.118673e-05
2.16553e-05
2.335147e-05
2.1531e-05
2.110255e-05
2.212686e-05
2.164391e-05
2.172349e-05
2.310974e-05
2.240425e-05
2.255461e-05
2.323074e-05
2.367689e-05
2.38268e-05
2.217877e-05
2.187208e-05
2.065816e-05
2.235511e-05
2.466736e-05
2.502925e-05
2.604128e-05
2.807088e-05
2.682927e-05
2.68261e-05
2.749361e-05
2.682667e-05
2.726936e-05
2.651345e-05
2.773286e-05
2.719602e-05
2.643333e-05
2.600479e-05
2.5286e-05
2.42894e-05
2.287266e-05
2.503157e-05
2.704729e-05
2.807403e-05
2.801336e-05
2.770592e-05
2.781134e-05
2.63706e-05
2.625996e-05
2.703829e-05
2.60694e-05
2.46006e-05
2.625258e-05
2.552512e-05
2.624582e-05
2.799903e-05
2.831225e-05
2.93182e-05
3.137334e-05
3.172971e-05
3.201526e-05
3.112921e-05
2.999679e-05
3.043684e-05
2.90092e-05
2.896278e-05
2.748823e-05
2.871353e-05
2.76342e-05
2.568477e-05
2.23636e-05
2.127182e-05
2.0829e-05
1.960757e-05
2.119333e-05
2.089711e-05
2.122204e-05
2.21973e-05
2.26284e-05
2.299147e-05
2.5555e-05
2.41655e-05
2.554896e-05
2.58642e-05
2.642971e-05
2.558254e-05
2.538703e-05
2.660985e-05
2.694529e-05
2.783285e-05
2.593047e-05
2.597183e-05
2.718912e-05
2.510774e-05
2.48334e-05
2.478709e-05
2.646786e-05
2.805903e-05
2.831773e-05
2.970244e-05
3.012777e-05
3.070508e-05
2.866532e-05
3.099326e-05
2.8454e-05
2.695609e-05
2.522343e-05
2.345042e-05
2.329625e-05
2.319854e-05
2.280384e-05
2.240103e-05
1.94256e-05
1.921538e-05
1.982869e-05
1.837009e-05
1.803915e-05
1.767259e-05
1.80898e-05
1.831652e-05
1.695112e-05
1.816966e-05
1.782139e-05
1.857283e-05
1.871726e-05
1.82178e-05
1.893929e-05
1.791876e-05
1.802194e-05
1.742218e-05
1.772373e-05
1.881124e-05
1.951037e-05
1.778462e-05
1.755369e-05
1.642969e-05
1.489804e-05
1.396318e-05
1.445054e-05
1.509383e-05
1.498499e-05
1.438685e-05
1.414459e-05
1.430447e-05
1.342199e-05
1.378656e-05
1.376337e-05
1.224546e-05
1.219371e-05
1.166338e-05
1.19845e-05
1.156916e-05
1.153084e-05
1.181763e-05
1.294089e-05
1.373171e-05
1.448421e-05
1.500996e-05
1.471357e-05
1.540084e-05
1.497634e-05
1.548873e-05
1.602617e-05
1.617066e-05
1.609777e-05
1.669548e-05
1.513808e-05
1.384435e-05
1.432223e-05
1.497714e-05
1.593885e-05
1.584631e-05
1.491255e-05
1.502519e-05
1.532078e-05
1.555445e-05
1.631114e-05
1.549291e-05
1.678489e-05
1.74143e-05
1.791086e-05
1.700247e-05
1.550616e-05
1.583811e-05
1.571016e-05
1.65552e-05
1.653617e-05
1.665527e-05
1.571848e-05
1.641485e-05
1.863841e-05
2.050941e-05
2.053419e-05
2.13985e-05
2.260073e-05
2.047268e-05
1.918608e-05
1.911234e-05
1.973574e-05
2.067642e-05
2.078722e-05
1.855073e-05
1.869872e-05
1.945097e-05
2.122819e-05
2.186162e-05
2.276866e-05
2.149953e-05
2.410193e-05
2.39509e-05
2.337711e-05
2.44457e-05
2.36784e-05
2.355706e-05
2.450068e-05
2.405161e-05
2.181497e-05
2.245807e-05
2.005307e-05
2.004867e-05
2.07578e-05
2.093556e-05
2.055913e-05
1.858471e-05
1.76511e-05
1.822446e-05
1.806908e-05
1.814664e-05
1.832921e-05
1.8118e-05
1.760277e-05
1.806095e-05
1.895047e-05
1.906153e-05
1.819192e-05
1.779813e-05
1.75204e-05
1.643163e-05
1.591702e-05
1.627149e-05
1.550235e-05
1.440962e-05
1.48451e-05
1.496919e-05
1.5179e-05
1.444831e-05
1.448485e-05
1.451044e-05
1.564442e-05
1.42023e-05
1.432074e-05
1.418523e-05
1.541723e-05
1.481605e-05
1.322246e-05
1.176569e-05
1.16599e-05
1.249148e-05
1.20411e-05
1.096468e-05
1.09435e-05
1.169393e-05
1.130152e-05
1.278356e-05
1.207485e-05
1.252781e-05
1.292705e-05
1.358749e-05
1.196843e-05
1.227551e-05
1.205449e-05
1.310077e-05
1.341301e-05
1.314589e-05
1.419839e-05
1.547598e-05
1.558601e-05
1.593683e-05
1.688707e-05
1.654226e-05
1.600583e-05
1.602292e-05
1.646159e-05
1.608012e-05
1.718236e-05
1.712033e-05
1.804255e-05
1.911468e-05
1.874054e-05
1.741442e-05
1.505147e-05
1.407697e-05
1.43313e-05
1.413424e-05
1.509088e-05
1.488091e-05
1.489958e-05
1.467533e-05
1.423037e-05
1.573239e-05
1.54638e-05
1.464942e-05
1.399746e-05
1.453749e-05
1.449359e-05
1.489458e-05
1.540379e-05
1.624776e-05
1.617615e-05
1.606453e-05
1.582721e-05
1.498679e-05
1.347953e-05
1.301461e-05
1.315147e-05
1.262727e-05
1.200643e-05
1.173644e-05
1.153842e-05
1.169992e-05
1.130349e-05
1.127444e-05
1.228559e-05
1.212534e-05
1.120498e-05
1.158272e-05
1.106388e-05
1.094126e-05
1.168175e-05
1.229579e-05
1.146755e-05
1.204035e-05
1.172553e-05
1.092853e-05
1.016439e-05
8.831269e-06
7.715998e-06
8.08124e-06
7.582725e-06
8.401331e-06
8.322997e-06
8.060232e-06
8.573933e-06
9.444846e-06
8.683246e-06
8.853713e-06
8.077277e-06
8.044333e-06
8.381111e-06
8.646544e-06
8.555612e-06
8.837079e-06
8.944487e-06
9.287529e-06
9.044881e-06
9.98697e-06
9.818304e-06
9.917423e-06
9.779787e-06
9.842129e-06
9.996681e-06
9.728243e-06
9.006326e-06
9.362304e-06
8.693979e-06
9.50645e-06
9.713668e-06
9.302241e-06
8.14917e-06
8.990722e-06
8.618775e-06
8.496974e-06
8.646707e-06
8.625934e-06
8.156233e-06
8.484359e-06
8.150913e-06
7.695978e-06
7.361646e-06
7.161066e-06
7.260937e-06
7.23338e-06
7.118917e-06
7.182553e-06
7.415072e-06
7.004392e-06
7.102421e-06
7.143607e-06
7.215935e-06
7.315771e-06
7.60955e-06
7.432036e-06
7.245732e-06
7.697214e-06
7.560699e-06
7.208051e-06
6.241069e-06
6.860994e-06
7.384763e-06
7.087066e-06
6.386202e-06
6.440779e-06
6.438336e-06
6.676945e-06
7.079284e-06
7.960161e-06
7.226899e-06
7.386286e-06
7.681702e-06
8.005559e-06
9.245071e-06
9.932803e-06
9.342419e-06
9.55514e-06
1.013612e-05
1.107745e-05
1.123604e-05
1.05366e-05
1.077405e-05
1.138584e-05
1.163359e-05
1.156915e-05
1.301294e-05
1.255741e-05
1.221669e-05
1.153621e-05
1.126612e-05
1.204753e-05
1.154607e-05
1.258037e-05
1.189518e-05
1.198046e-05
1.155673e-05
1.160215e-05
1.232504e-05
1.2481e-05
1.257023e-05
1.217153e-05
1.108317e-05
1.086101e-05
1.099246e-05
1.085606e-05
1.109867e-05
1.046941e-05
1.098245e-05
1.100735e-05
1.07716e-05
1.022602e-05
1.039089e-05
1.06573e-05
1.019959e-05
9.286191e-06
9.503301e-06
9.836257e-06
9.556942e-06
9.896112e-06
9.194134e-06
9.522529e-06
9.659101e-06
1.040512e-05
1.027366e-05
1.101669e-05
1.127388e-05
1.171714e-05
1.148768e-05
1.175991e-05
1.228539e-05
1.340066e-05
1.242841e-05
1.268124e-05
1.355205e-05
1.251813e-05
1.197124e-05
1.113815e-05
1.080299e-05
1.002934e-05
1.085985e-05
1.082293e-05
1.098568e-05
1.087226e-05
9.850527e-06
1.00187e-05
1.057768e-05
1.156791e-05
1.239357e-05
1.177618e-05
1.169106e-05
1.230186e-05
1.211192e-05
1.257748e-05
1.18807e-05
1.250567e-05
1.253899e-05
1.274583e-05
1.235128e-05
1.292498e-05
1.108112e-05
1.086596e-05
1.064788e-05
9.738415e-06
9.540691e-06
9.101825e-06
9.46207e-06
1.00117e-05
1.018572e-05
1.008401e-05
9.696173e-06
9.127839e-06
9.896507e-06
9.896758e-06
1.044406e-05
1.020881e-05
9.675193e-06
9.29277e-06
9.293948e-06
9.04995e-06
9.235273e-06
9.269906e-06
9.558159e-06
9.415549e-06
8.357116e-06
8.392779e-06
8.576375e-06
8.727327e-06
8.306209e-06
8.47897e-06
8.910217e-06
9.868617e-06
1.034141e-05
1.031014e-05
1.028569e-05
1.050647e-05
1.101574e-05
1.070041e-05
1.18614e-05
1.168038e-05
1.070001e-05
1.109021e-05
1.155938e-05
1.209052e-05
1.172566e-05
1.061522e-05
1.027374e-05
1.080703e-05
1.141012e-05
9.884915e-06
1.062717e-05
1.148493e-05
1.129411e-05
1.172196e-05
1.127444e-05
1.133195e-05
1.247189e-05
1.305163e-05
1.373244e-05
1.280369e-05
1.358338e-05
1.373732e-05
1.389103e-05
1.283405e-05
1.27418e-05
1.208901e-05
1.254562e-05
1.272339e-05
1.218253e-05
1.301174e-05
1.304151e-05
1.294619e-05
1.317783e-05
1.380029e-05
1.397118e-05
1.375624e-05
1.406815e-05
1.409034e-05
1.503428e-05
1.500021e-05
1.68937e-05
1.572953e-05
1.792031e-05
1.84473e-05
1.801656e-05
1.962239e-05
1.833387e-05
1.704729e-05
1.527505e-05
1.415712e-05
1.435818e-05
1.456872e-05
1.485939e-05
1.56821e-05
1.620563e-05
1.583586e-05
1.710241e-05
1.654073e-05
1.575641e-05
1.499453e-05
1.348434e-05
1.250634e-05
1.202853e-05
1.172861e-05
1.200054e-05
1.213097e-05
1.180885e-05
1.24736e-05
1.282208e-05
1.160705e-05
1.138328e-05
1.272305e-05
1.176206e-05
1.133307e-05
1.026372e-05
1.07773e-05
1.063871e-05
1.146951e-05
1.095374e-05
1.108521e-05
1.18581e-05
1.205104e-05
1.125571e-05
1.163612e-05
1.052573e-05
1.086615e-05
1.077638e-05
1.021302e-05
1.056901e-05
1.08845e-05
1.075886e-05
1.102283e-05
1.195003e-05
1.337953e-05
1.237566e-05
1.25343e-05
1.265069e-05
1.159022e-05
1.163844e-05
1.129736e-05
1.224819e-05
1.284415e-05
1.243422e-05
1.227427e-05
1.418016e-05
1.344307e-05
1.36353e-05
1.337999e-05
1.272699e-05
1.250571e-05
1.13408e-05
1.112384e-05
1.081037e-05
1.124974e-05
1.201386e-05
1.06927e-05
1.099693e-05
1.200925e-05
1.214804e-05
1.174971e-05
1.044111e-05
1.041268e-05
1.031547e-05
9.542574e-06
8.868596e-06
8.299895e-06
8.716419e-06
9.203661e-06
9.564015e-06
8.776316e-06
8.147505e-06
7.745819e-06
7.432387e-06
7.88066e-06
7.338968e-06
7.503079e-06
7.10113e-06
7.769506e-06
7.800779e-06
7.670109e-06
7.792367e-06
7.71617e-06
7.325826e-06
7.862814e-06
7.275361e-06
7.417591e-06
7.79e-06
7.210494e-06
7.774439e-06
7.942468e-06
7.340308e-06
7.41882e-06
6.775242e-06
6.53529e-06
6.141122e-06
6.317172e-06
5.866025e-06
5.984341e-06
5.901655e-06
5.82944e-06
6.387397e-06
6.80744e-06
6.420425e-06
6.351807e-06
6.218411e-06
6.647229e-06
5.974779e-06
6.556865e-06
6.37716e-06
6.004612e-06
6.416146e-06
6.664478e-06
6.888384e-06
6.714252e-06
6.906194e-06
7.366209e-06
8.202669e-06
8.052659e-06
7.910015e-06
7.979454e-06
8.246328e-06
8.495632e-06
9.798792e-06
1.049196e-05
1.117927e-05
1.127789e-05
1.095773e-05
1.162874e-05
1.155567e-05
1.113792e-05
1.03373e-05
1.074901e-05
1.068541e-05
1.18265e-05
1.258545e-05
1.309454e-05
1.333374e-05
1.370348e-05
1.370153e-05
1.384783e-05
1.38677e-05
1.376305e-05
1.502475e-05
1.409313e-05
1.321838e-05
1.301497e-05
1.308017e-05
1.338657e-05
1.340659e-05
1.471459e-05
1.547375e-05
1.557659e-05
1.607306e-05
1.575695e-05
1.618427e-05
1.589627e-05
1.561861e-05
1.713884e-05
1.745437e-05
1.632658e-05
1.56729e-05
1.584013e-05
1.479868e-05
1.3708e-05
1.348488e-05
1.404576e-05
1.386347e-05
1.381115e-05
1.39857e-05
1.362967e-05
1.24674e-05
1.155614e-05
1.234321e-05
1.150932e-05
1.106233e-05
1.156559e-05
1.129726e-05
1.073265e-05
1.178478e-05
1.217416e-05
1.287504e-05
1.301623e-05
1.403194e-05
1.442872e-05
1.324152e-05
1.321456e-05
1.215425e-05
1.233466e-05
1.270074e-05
1.42265e-05
1.356837e-05
1.410245e-05
1.482827e-05
1.412345e-05
1.474822e-05
1.358915e-05
1.488839e-05
1.546339e-05
1.578105e-05
1.5761e-05
1.592862e-05
1.548504e-05
1.581096e-05
1.433763e-05
1.473447e-05
1.402422e-05
1.262538e-05
1.196199e-05
1.194846e-05
1.15472e-05
1.316257e-05
1.336049e-05
1.31677e-05
1.274897e-05
1.237606e-05
1.370512e-05
1.254871e-05
1.16774e-05
1.269308e-05
1.181177e-05
1.167508e-05
1.082227e-05
1.20624e-05
1.274341e-05
1.28154e-05
1.371704e-05
1.351615e-05
1.349914e-05
1.384842e-05
1.401162e-05
1.359473e-05
1.418309e-05
1.477256e-05
1.46478e-05
1.583759e-05
1.421956e-05
1.422138e-05
1.418257e-05
1.395013e-05
1.511302e-05
1.554913e-05
1.533624e-05
1.55268e-05
1.787523e-05
1.692976e-05
1.839281e-05
1.952601e-05
1.903678e-05
1.86054e-05
1.804299e-05
1.682541e-05
1.870765e-05
1.984597e-05
2.012496e-05
2.022817e-05
2.01503e-05
2.127963e-05
2.09124e-05
2.107478e-05
2.087329e-05
1.926516e-05
1.925141e-05
2.104297e-05
2.031992e-05
1.954555e-05
1.766462e-05
1.605841e-05
1.648668e-05
1.5529e-05
1.585194e-05
1.620791e-05
1.57475e-05
1.56524e-05
1.730997e-05
1.651009e-05
1.796355e-05
1.714707e-05
1.597922e-05
1.466726e-05
1.449887e-05
1.41204e-05
1.394964e-05
1.341327e-05
1.386725e-05
1.435845e-05
1.428057e-05
1.332541e-05
1.30346e-05
1.269694e-05
1.292394e-05
1.265402e-05
1.280279e-05
1.299584e-05
1.350409e-05
1.30678e-05
1.242508e-05
1.166672e-05
1.200436e-05
1.256508e-05
1.313563e-05
1.479265e-05
1.489502e-05
1.45682e-05
1.452581e-05
1.541372e-05
1.444069e-05
1.401609e-05
1.398339e-05
1.493607e-05
1.392379e-05
1.399823e-05
1.365545e-05
1.436877e-05
1.635824e-05
1.57931e-05
1.429133e-05
1.376306e-05
1.407727e-05
1.379635e-05
1.319402e-05
1.465484e-05
1.35667e-05
1.406369e-05
1.316749e-05
1.206415e-05
1.294341e-05
1.245791e-05
1.352343e-05
1.492421e-05
1.61649e-05
1.80546e-05
1.815749e-05
1.822169e-05
1.862968e-05
1.857166e-05
1.800103e-05
1.876374e-05
1.712906e-05
1.778487e-05
1.825295e-05
1.861425e-05
1.933948e-05
1.752701e-05
1.733388e-05
1.792293e-05
1.895802e-05
1.866837e-05
1.7297e-05
1.715534e-05
1.799683e-05
1.762856e-05
1.709769e-05
1.752535e-05
1.746792e-05
1.703794e-05
1.50932e-05
1.518036e-05
1.515913e-05
1.510287e-05
1.532539e-05
1.52202e-05
1.556675e-05
1.65724e-05
1.529561e-05
1.707638e-05
1.822128e-05
1.782983e-05
1.81874e-05
1.748944e-05
1.860016e-05
1.843479e-05
1.722897e-05
1.644805e-05
1.761805e-05
1.930927e-05
1.888447e-05
1.932583e-05
1.886442e-05
1.900717e-05
2.066315e-05
1.910981e-05
1.950973e-05
1.879041e-05
1.718969e-05
1.735073e-05
1.683899e-05
1.628985e-05
1.613137e-05
1.603738e-05
1.688753e-05
1.749897e-05
1.688799e-05
1.396064e-05
1.409985e-05
1.47873e-05
1.423277e-05
1.381452e-05
1.379858e-05
1.365375e-05
1.253365e-05
1.254566e-05
1.171304e-05
1.091133e-05
1.099617e-05
1.088274e-05
1.108728e-05
1.185628e-05
1.220044e-05
1.247463e-05
1.115751e-05
1.100666e-05
1.162095e-05
1.148189e-05
1.207787e-05
1.257859e-05
1.287184e-05
1.217682e-05
1.118377e-05
1.239869e-05
1.304907e-05
1.316448e-05
1.367793e-05
1.463802e-05
1.400434e-05
1.478727e-05
1.335385e-05
1.321013e-05
1.295528e-05
1.249593e-05
1.301926e-05
1.305068e-05
1.301911e-05
1.399925e-05
1.509837e-05
1.608833e-05
1.483843e-05
1.572603e-05
1.52688e-05
1.451694e-05
1.437189e-05
1.384141e-05
1.418006e-05
1.361655e-05
1.296789e-05
1.344103e-05
1.432528e-05
1.401501e-05
1.477023e-05
1.505371e-05
1.440372e-05
1.341079e-05
1.334134e-05
1.223642e-05
1.176012e-05
1.206639e-05
1.161283e-05
1.205897e-05
1.142779e-05
1.164327e-05
1.23356e-05
1.202489e-05
1.381716e-05
1.309442e-05
1.337393e-05
1.398888e-05
1.379624e-05
1.298186e-05
1.338136e-05
1.377974e-05
1.535093e-05
1.649465e-05
1.703876e-05
1.64475e-05
1.686632e-05
1.814801e-05
1.840615e-05
1.819826e-05
1.846012e-05
1.924029e-05
1.934009e-05
1.959954e-05
1.797788e-05
1.70374e-05
1.756778e-05
1.571795e-05
1.478109e-05
1.360294e-05
1.459507e-05
1.629103e-05
1.575613e-05
1.511805e-05
1.435062e-05
1.463326e-05
1.398911e-05
1.398056e-05
1.585537e-05
1.548242e-05
1.610493e-05
1.605939e-05
1.625461e-05
1.672995e-05
1.643157e-05
1.699404e-05
1.687705e-05
1.698753e-05
1.670966e-05
1.656508e-05
1.649005e-05
1.650726e-05
1.753476e-05
1.727985e-05
1.685282e-05
1.75798e-05
1.657676e-05
1.644838e-05
1.592178e-05
1.682251e-05
1.781773e-05
1.831687e-05
1.732888e-05
1.786863e-05
1.740941e-05
1.634411e-05
1.501633e-05
1.383816e-05
1.549431e-05
1.642423e-05
1.72237e-05
1.700718e-05
1.516723e-05
1.534781e-05
1.608889e-05
1.55955e-05
1.511085e-05
1.47015e-05
1.411476e-05
1.353371e-05
1.310051e-05
1.360756e-05
1.325767e-05
1.341175e-05
1.344925e-05
1.357317e-05
1.245523e-05
1.317085e-05
1.290515e-05
1.345891e-05
1.416843e-05
1.405141e-05
1.473907e-05
1.449189e-05
1.345709e-05
1.51445e-05
1.393822e-05
1.344759e-05
1.280597e-05
1.236596e-05
1.287776e-05
1.203172e-05
1.068888e-05
1.116225e-05
1.012341e-05
1.020962e-05
1.079411e-05
1.036372e-05
1.023824e-05
9.259926e-06
9.627851e-06
1.089947e-05
1.082528e-05
1.041815e-05
1.034928e-05
1.043456e-05
1.103736e-05
1.086166e-05
1.081366e-05
1.09745e-05
1.047478e-05
9.533603e-06
1.107295e-05
1.111635e-05
1.119526e-05
1.302196e-05
1.219304e-05
1.293058e-05
1.168328e-05
1.189229e-05
1.19948e-05
1.223362e-05
1.227817e-05
1.204354e-05
1.178781e-05
1.195076e-05
1.239677e-05
1.237541e-05
1.202996e-05
1.385304e-05
1.386022e-05
1.327762e-05
1.300108e-05
1.277143e-05
1.347823e-05
1.231795e-05
1.329222e-05
1.492421e-05
1.497558e-05
1.442285e-05
1.457103e-05
1.473749e-05
1.397419e-05
1.350892e-05
1.327529e-05
1.241204e-05
1.318454e-05
1.243935e-05
1.319441e-05
1.384159e-05
1.574408e-05
1.676086e-05
1.727051e-05
1.823948e-05
1.90827e-05
1.892612e-05
1.80723e-05
1.90409e-05
1.872732e-05
1.843023e-05
2.032197e-05
1.973173e-05
1.8637e-05
1.838203e-05
1.827361e-05
1.790313e-05
1.853443e-05
2.034923e-05
2.140194e-05
2.104146e-05
1.979316e-05
1.936565e-05
1.887864e-05
1.822118e-05
1.813926e-05
1.844301e-05
1.743566e-05
1.743977e-05
1.968738e-05
2.035895e-05
2.160707e-05
2.109963e-05
2.070185e-05
2.148365e-05
2.059917e-05
2.085088e-05
2.245115e-05
2.265363e-05
2.266105e-05
2.161398e-05
2.162931e-05
2.1178e-05
2.205601e-05
2.242392e-05
2.51068e-05
2.422652e-05
2.352926e-05
2.299642e-05
2.254295e-05
2.241905e-05
2.265356e-05
2.44782e-05
2.46152e-05
2.256456e-05
2.397568e-05
2.153587e-05
1.952791e-05
1.807739e-05
1.94786e-05
1.800071e-05
1.897309e-05
2.017098e-05
1.986093e-05
2.054537e-05
1.873517e-05
1.767798e-05
1.6427e-05
1.652047e-05
1.685615e-05
1.668975e-05
1.592894e-05
1.461329e-05
1.442752e-05
1.486443e-05
1.679398e-05
1.600452e-05
1.550937e-05
1.560565e-05
1.664837e-05
1.686854e-05
1.693093e-05
1.77532e-05
1.736215e-05
1.770345e-05
1.731266e-05
1.730664e-05
1.653985e-05
1.552446e-05
1.511624e-05
1.567252e-05
1.500789e-05
1.478863e-05
1.436146e-05
1.47428e-05
1.612252e-05
1.532553e-05
1.481039e-05
1.531345e-05
1.451246e-05
1.376996e-05
1.315191e-05
1.248501e-05
1.078007e-05
1.055344e-05
9.474592e-06
1.012031e-05
1.004908e-05
1.088285e-05
1.067975e-05
1.053235e-05
1.09458e-05
1.238932e-05
1.314499e-05
1.263349e-05
1.343283e-05
1.30753e-05
1.230091e-05
1.258759e-05
1.318095e-05
1.357275e-05
1.42236e-05
1.283835e-05
1.300826e-05
1.276805e-05
1.404905e-05
1.426737e-05
1.458754e-05
1.340039e-05
1.434985e-05
1.436815e-05
1.52912e-05
1.619749e-05
1.556151e-05
1.68413e-05
1.644502e-05
1.793032e-05
1.769962e-05
1.792104e-05
1.817016e-05
1.754725e-05
1.67785e-05
1.591836e-05
1.614719e-05
1.646449e-05
1.551778e-05
1.603586e-05
1.516658e-05
1.481551e-05
1.39773e-05
1.370635e-05
1.493294e-05
1.560873e-05
1.517218e-05
1.487197e-05
1.441161e-05
1.421509e-05
1.332425e-05
1.275102e-05
1.376918e-05
1.380268e-05
1.51783e-05
1.473909e-05
1.46965e-05
1.449111e-05
1.474164e-05
1.624906e-05
1.515169e-05
1.53864e-05
1.443042e-05
1.478195e-05
1.58864e-05
1.416286e-05
1.320511e-05
1.242209e-05
1.406466e-05
1.441216e-05
1.277782e-05
1.411571e-05
1.511743e-05
1.561883e-05
1.628468e-05
1.565273e-05
1.460325e-05
1.459016e-05
1.50492e-05
1.572357e-05
1.562937e-05
1.572712e-05
1.583316e-05
1.498781e-05
1.415013e-05
1.318626e-05
1.427525e-05
1.430807e-05
1.514821e-05
1.383291e-05
1.370917e-05
1.479979e-05
1.374674e-05
1.414586e-05
1.525517e-05
1.446781e-05
1.440241e-05
1.405458e-05
1.423926e-05
1.508569e-05
1.51867e-05
1.341486e-05
1.39154e-05
1.539259e-05
1.589829e-05
1.63435e-05
1.556132e-05
1.596344e-05
1.653368e-05
1.674464e-05
1.594599e-05
1.614774e-05
1.549696e-05
1.36784e-05
1.328856e-05
1.375713e-05
1.324339e-05
1.318138e-05
1.379557e-05
1.381688e-05
1.365595e-05
1.27121e-05
1.21028e-05
1.293901e-05
1.222921e-05
1.186627e-05
1.284063e-05
1.192323e-05
1.081368e-05
1.090331e-05
1.113659e-05
1.001524e-05
1.144704e-05
1.131637e-05
1.171175e-05
1.169454e-05
1.135949e-05
1.145567e-05
1.217867e-05
1.201806e-05
1.234083e-05
1.238068e-05
1.233997e-05
1.266262e-05
1.266238e-05
1.148956e-05
1.34057e-05
1.469699e-05
1.367341e-05
1.478847e-05
1.487901e-05
1.540724e-05
1.608293e-05
1.561408e-05
1.399891e-05
1.350086e-05
1.150707e-05
1.167073e-05
1.130793e-05
1.096563e-05
1.113471e-05
1.171925e-05
1.12113e-05
1.032445e-05
9.972997e-06
1.135845e-05
1.146509e-05
1.057054e-05
1.061705e-05
9.732323e-06
9.527389e-06
8.883991e-06
9.405809e-06
9.083757e-06
8.900025e-06
8.394221e-06
8.753586e-06
8.524967e-06
8.542463e-06
8.840201e-06
9.468758e-06
9.248367e-06
9.395488e-06
9.66076e-06
9.074586e-06
9.439089e-06
9.499239e-06
1.02044e-05
9.176405e-06
9.234377e-06
9.8782e-06
1.057873e-05
1.109804e-05
1.109316e-05
1.017966e-05
1.072928e-05
1.206638e-05
1.162459e-05
1.196974e-05
1.218102e-05
1.211708e-05
1.263691e-05
1.390166e-05
1.54157e-05
1.572406e-05
1.528472e-05
1.454687e-05
1.429041e-05
1.585267e-05
1.605486e-05
1.720203e-05
1.584902e-05
1.689601e-05
1.696e-05
1.580202e-05
1.58515e-05
1.65573e-05
1.565854e-05
1.562785e-05
1.576243e-05
1.467291e-05
1.316579e-05
1.379907e-05
1.320062e-05
1.400439e-05
1.410661e-05
1.479196e-05
1.565848e-05
1.537688e-05
1.573782e-05
1.552745e-05
1.532511e-05
1.559711e-05
1.705101e-05
1.664391e-05
1.73318e-05
1.664323e-05
1.537888e-05
1.416676e-05
1.422515e-05
1.495507e-05
1.456582e-05
1.566188e-05
1.486134e-05
1.503703e-05
1.525743e-05
1.435743e-05
1.359998e-05
1.495471e-05
1.330954e-05
1.305559e-05
1.204964e-05
1.208486e-05
1.136267e-05
1.104355e-05
1.100227e-05
1.152136e-05
1.112391e-05
1.075831e-05
1.051931e-05
9.576159e-06
8.745629e-06
9.302996e-06
9.249664e-06
9.133288e-06
8.93137e-06
9.33222e-06
9.670813e-06
9.482576e-06
1.026521e-05
1.139357e-05
1.197307e-05
1.206001e-05
1.20509e-05
1.281541e-05
1.236781e-05
1.212976e-05
1.12603e-05
1.184844e-05
1.227038e-05
1.224775e-05
1.264129e-05
1.338394e-05
1.358457e-05
1.438202e-05
1.604653e-05
1.6679e-05
1.620387e-05
1.699384e-05
1.655786e-05
1.661752e-05
1.661185e-05
1.646742e-05
1.626744e-05
1.591777e-05
1.626639e-05
1.637563e-05
1.531636e-05
1.637445e-05
1.689385e-05
1.752805e-05
1.830153e-05
1.795924e-05
1.98177e-05
1.875411e-05
1.842055e-05
1.81762e-05
1.712638e-05
1.709433e-05
1.551475e-05
1.510446e-05
1.468332e-05
1.370395e-05
1.257582e-05
1.20058e-05
1.245219e-05
1.214487e-05
1.189082e-05
1.335927e-05
1.255319e-05
1.27207e-05
1.229826e-05
1.25008e-05
1.335889e-05
1.345479e-05
1.332864e-05
1.258953e-05
1.367549e-05
1.437798e-05
1.418299e-05
1.333505e-05
1.338511e-05
1.368223e-05
1.445703e-05
1.368475e-05
1.288322e-05
1.246925e-05
1.29002e-05
1.395931e-05
1.408729e-05
1.437407e-05
1.503003e-05
1.540821e-05
1.624445e-05
1.59986e-05
1.659065e-05
1.429864e-05
1.421682e-05
1.364655e-05
1.43652e-05
1.372686e-05
1.389546e-05
1.272455e-05
1.204409e-05
1.152877e-05
1.101058e-05
1.059148e-05
1.05901e-05
1.019487e-05
9.956405e-06
9.185602e-06
1.007006e-05
9.299059e-06
9.060303e-06
8.872944e-06
9.073136e-06
9.273833e-06
8.639927e-06
8.813421e-06
9.140352e-06
8.854614e-06
8.310228e-06
7.631021e-06
8.208381e-06
8.970107e-06
8.772433e-06
8.673074e-06
9.425426e-06
9.514735e-06
9.451782e-06
9.763798e-06
9.428475e-06
9.460776e-06
9.781272e-06
9.834153e-06
9.495957e-06
1.007722e-05
9.800167e-06
9.80076e-06
9.788091e-06
9.246724e-06
9.654824e-06
1.09576e-05
1.09886e-05
1.037036e-05
1.019877e-05
1.091982e-05
1.164242e-05
1.142419e-05
1.073517e-05
1.033787e-05
1.12147e-05
1.03363e-05
1.025889e-05
1.012003e-05
1.034367e-05
1.025736e-05
1.11025e-05
1.086764e-05
1.191222e-05
1.215887e-05
1.283636e-05
1.394577e-05
1.333654e-05
1.291797e-05
1.203137e-05
1.140562e-05
1.184165e-05
1.296595e-05
1.319295e-05
1.276842e-05
1.277853e-05
1.26054e-05
1.356733e-05
1.312104e-05
1.302632e-05
1.348123e-05
1.459907e-05
1.61602e-05
1.651869e-05
1.505148e-05
1.60972e-05
1.587315e-05
1.555895e-05
1.46279e-05
1.503575e-05
1.420729e-05
1.429896e-05
1.419771e-05
1.305141e-05
1.404848e-05
1.460486e-05
1.297441e-05
1.257159e-05
1.219212e-05
1.27658e-05
1.326563e-05
1.230593e-05
1.199149e-05
1.272088e-05
1.174105e-05
1.186269e-05
1.083453e-05
1.078016e-05
1.013525e-05
1.024386e-05
1.041933e-05
1.017574e-05
1.047674e-05
9.211313e-06
8.800977e-06
9.119722e-06
8.439998e-06
8.77222e-06
8.811288e-06
8.497389e-06
7.954853e-06
8.35094e-06
7.675985e-06
8.063788e-06
7.892949e-06
6.991421e-06
6.844593e-06
6.544762e-06
6.445484e-06
6.381283e-06
5.679748e-06
5.783785e-06
5.879879e-06
6.015212e-06
6.00086e-06
6.259744e-06
6.414004e-06
6.810125e-06
6.898056e-06
6.636272e-06
6.309046e-06
6.632317e-06
6.534458e-06
6.235165e-06
6.571511e-06
6.372403e-06
6.599898e-06
6.996054e-06
7.307228e-06
8.025524e-06
8.541154e-06
9.101507e-06
9.713021e-06
9.390959e-06
8.590618e-06
8.074098e-06
7.741146e-06
8.257722e-06
7.726418e-06
7.176716e-06
6.718017e-06
6.545561e-06
6.743379e-06
7.140729e-06
7.145973e-06
7.15105e-06
7.531202e-06
7.520388e-06
8.010152e-06
8.207946e-06
9.102769e-06
9.802528e-06
1.080467e-05
1.043834e-05
1.035101e-05
1.037335e-05
1.078029e-05
1.157e-05
1.237011e-05
1.247259e-05
1.141998e-05
1.208472e-05
1.299115e-05
1.203346e-05
1.171842e-05
1.234094e-05
1.395532e-05
1.348427e-05
1.307808e-05
1.211107e-05
1.293805e-05
1.302226e-05
1.203498e-05
1.161025e-05
1.171338e-05
1.068457e-05
1.034224e-05
1.001498e-05
1.155963e-05
1.093691e-05
9.784375e-06
9.894059e-06
1.036515e-05
9.587154e-06
9.273254e-06
8.654198e-06
9.694542e-06
9.961924e-06
1.005264e-05
9.129808e-06
8.839595e-06
8.762073e-06
8.464423e-06
9.708402e-06
1.019616e-05
1.0272e-05
1.025355e-05
1.048262e-05
1.084466e-05
9.7615e-06
1.000022e-05
1.064679e-05
1.051227e-05
1.09719e-05
1.13382e-05
1.107102e-05
1.065086e-05
9.495156e-06
9.845153e-06
9.400605e-06
1.069357e-05
1.104724e-05
1.075251e-05
1.061336e-05
1.092654e-05
1.110154e-05
1.060902e-05
1.028594e-05
1.050253e-05
1.069061e-05
1.017941e-05
1.073111e-05
1.096525e-05
1.138506e-05
1.03328e-05
1.11758e-05
1.133546e-05
1.123989e-05
1.105067e-05
1.133045e-05
1.117284e-05
1.08212e-05
1.159065e-05
1.254894e-05
1.367896e-05
1.292197e-05
1.158103e-05
1.105611e-05
1.20405e-05
1.06801e-05
8.977813e-06
8.301766e-06
8.401315e-06
8.10829e-06
8.552802e-06
8.104425e-06
8.50651e-06
8.542549e-06
8.148262e-06
8.884297e-06
8.574191e-06
8.789434e-06
8.542569e-06
8.541518e-06
8.453862e-06
8.167422e-06
9.313727e-06
8.494169e-06
8.326615e-06
8.961953e-06
9.303147e-06
9.099225e-06
9.321312e-06
9.597953e-06
1.054722e-05
1.17373e-05
1.181144e-05
1.166434e-05
1.196982e-05
1.144179e-05
1.231397e-05
1.286475e-05
1.402203e-05
1.379678e-05
1.349664e-05
1.347903e-05
1.323682e-05
1.273364e-05
1.309532e-05
1.377262e-05
1.390295e-05
1.409594e-05
1.495512e-05
1.470034e-05
1.48475e-05
1.518951e-05
1.50388e-05
1.449037e-05
1.598542e-05
1.518825e-05
1.604416e-05
1.433816e-05
1.487099e-05
1.498279e-05
1.442881e-05
1.40255e-05
1.488063e-05
1.554797e-05
1.483332e-05
1.565034e-05
1.580703e-05
1.553542e-05
1.634149e-05
1.535639e-05
1.391981e-05
1.397982e-05
1.339009e-05
1.344698e-05
1.348908e-05
1.283681e-05
1.219735e-05
1.189517e-05
1.242323e-05
1.317327e-05
1.356577e-05
1.428718e-05
1.398926e-05
1.465965e-05
1.55003e-05
1.510455e-05
1.509024e-05
1.37457e-05
1.365558e-05
1.389892e-05
1.35627e-05
1.349513e-05
1.461087e-05
1.616781e-05
1.644249e-05
1.619718e-05
1.507565e-05
1.44856e-05
1.39263e-05
1.427093e-05
1.439628e-05
1.5099e-05
1.615587e-05
1.698178e-05
1.662475e-05
1.602944e-05
1.499148e-05
1.520602e-05
1.561293e-05
1.48792e-05
1.460857e-05
1.412852e-05
1.41412e-05
1.312333e-05
1.328898e-05
1.20548e-05
1.222731e-05
1.285349e-05
1.280006e-05
1.25412e-05
1.166062e-05
1.253101e-05
1.236877e-05
1.244288e-05
1.227852e-05
1.373341e-05
1.351323e-05
1.41342e-05
1.453896e-05
1.441033e-05
1.313785e-05
1.271574e-05
1.387721e-05
1.449561e-05
1.30179e-05
1.191085e-05
1.208802e-05
1.393877e-05
1.357883e-05
1.485738e-05
1.482594e-05
1.370506e-05
1.320091e-05
1.329077e-05
1.226209e-05
1.314261e-05
1.297494e-05
1.328595e-05
1.379997e-05
1.370278e-05
1.338292e-05
1.434655e-05
1.436989e-05
1.368002e-05
1.455593e-05
1.452456e-05
1.416111e-05
1.536654e-05
1.495493e-05
1.74018e-05
1.784519e-05
1.852319e-05
1.722908e-05
1.529237e-05
1.51824e-05
1.597281e-05
1.676408e-05
1.623208e-05
1.654408e-05
1.543646e-05
1.479276e-05
1.589479e-05
1.697475e-05
1.647896e-05
1.657113e-05
1.669788e-05
1.629857e-05
1.474249e-05
1.461876e-05
1.656356e-05
1.667418e-05
1.74469e-05
1.794835e-05
1.851279e-05
1.960162e-05
2.198408e-05
2.155172e-05
2.244717e-05
2.160824e-05
2.184164e-05
1.984516e-05
2.051278e-05
2.140627e-05
2.095216e-05
1.987099e-05
1.838807e-05
1.838711e-05
1.79569e-05
2.050223e-05
1.944271e-05
2.033705e-05
1.837613e-05
1.830453e-05
1.694947e-05
1.761824e-05
1.802232e-05
1.803405e-05
1.695988e-05
1.809244e-05
1.72262e-05
1.828403e-05
1.772392e-05
1.722898e-05
1.783952e-05
1.745176e-05
1.929397e-05
1.783578e-05
1.871161e-05
1.838549e-05
1.690096e-05
1.669546e-05
1.697769e-05
1.843522e-05
1.912458e-05
1.862484e-05
1.895221e-05
2.110225e-05
2.065512e-05
2.13292e-05
2.052987e-05
2.083378e-05
1.739929e-05
1.793492e-05
1.783728e-05
1.647489e-05
1.697184e-05
1.643221e-05
1.629029e-05
1.528369e-05
1.554463e-05
1.493531e-05
1.588164e-05
1.436297e-05
1.574936e-05
1.361432e-05
1.38656e-05
1.432321e-05
1.44133e-05
1.384341e-05
1.321124e-05
1.217169e-05
1.134492e-05
1.162962e-05
1.277019e-05
1.210351e-05
1.265095e-05
1.287537e-05
1.303627e-05
1.357982e-05
1.392716e-05
1.277241e-05
1.429695e-05
1.428989e-05
1.417421e-05
1.506997e-05
1.530661e-05
1.462247e-05
1.441591e-05
1.35936e-05
1.265544e-05
1.214771e-05
1.246504e-05
1.25024e-05
1.403858e-05
1.335003e-05
1.327301e-05
1.307402e-05
1.181637e-05
1.105035e-05
1.078514e-05
1.151387e-05
1.181039e-05
1.152162e-05
1.195298e-05
1.16724e-05
1.083851e-05
1.141075e-05
1.097064e-05
1.144379e-05
1.179338e-05
1.224613e-05
1.331613e-05
1.308343e-05
1.21117e-05
1.212271e-05
1.177386e-05
1.203532e-05
1.24766e-05
1.226131e-05
1.157856e-05
1.163272e-05
1.150386e-05
1.108186e-05
1.093364e-05
1.136384e-05
1.137605e-05
1.144893e-05
1.145186e-05
1.144528e-05
1.169767e-05
1.103245e-05
1.109244e-05
1.015107e-05
9.811714e-06
9.71057e-06
1.007521e-05
9.866511e-06
9.484121e-06
9.674629e-06
9.074853e-06
9.385836e-06
9.205353e-06
9.064218e-06
8.71323e-06
9.363557e-06
9.628269e-06
9.09168e-06
9.077917e-06
8.583712e-06
8.45942e-06
8.406756e-06
8.144169e-06
8.103337e-06
8.622117e-06
9.282254e-06
8.919993e-06
9.431824e-06
9.124814e-06
8.440245e-06
8.167984e-06
7.987595e-06
8.178654e-06
7.754078e-06
7.186075e-06
7.003253e-06
7.066663e-06
6.342437e-06
5.720027e-06
5.88562e-06
6.548317e-06
7.121705e-06
7.264054e-06
7.092837e-06
6.794343e-06
6.813776e-06
6.798366e-06
6.706144e-06
7.03402e-06
6.956846e-06
7.479853e-06
8.010359e-06
7.987721e-06
7.752835e-06
8.456315e-06
7.92163e-06
7.438013e-06
7.445712e-06
7.189972e-06
7.212325e-06
7.455655e-06
7.63144e-06
7.853137e-06
7.83953e-06
8.010168e-06
7.922611e-06
8.732939e-06
8.042531e-06
8.466149e-06
8.91733e-06
8.33687e-06
8.390916e-06
7.976894e-06
8.41064e-06
7.626408e-06
7.634698e-06
7.211426e-06
7.065993e-06
7.321904e-06
7.311549e-06
7.040994e-06
6.817987e-06
6.781883e-06
6.644059e-06
6.580168e-06
6.212312e-06
6.385001e-06
7.033107e-06
6.626362e-06
6.732016e-06
6.618281e-06
6.857184e-06
6.490502e-06
6.685042e-06
6.215288e-06
5.968858e-06
6.132171e-06
6.530017e-06
6.556706e-06
6.940025e-06
6.177588e-06
6.5518e-06
6.486275e-06
6.347548e-06
6.502548e-06
6.548009e-06
6.555993e-06
6.334269e-06
5.811388e-06
5.950525e-06
6.226898e-06
6.464201e-06
6.672344e-06
6.190258e-06
6.221085e-06
5.728557e-06
5.438826e-06
5.995521e-06
6.529232e-06
6.357408e-06
5.875347e-06
6.067358e-06
5.793828e-06
6.024599e-06
6.474215e-06
6.488786e-06
6.455977e-06
6.250568e-06
6.03522e-06
6.545492e-06
6.399329e-06
6.112457e-06
5.532657e-06
4.795829e-06
4.988964e-06
5.190974e-06
5.019365e-06
4.974081e-06
5.261427e-06
5.641813e-06
5.606335e-06
5.624019e-06
5.858077e-06
5.561454e-06
5.425015e-06
5.758563e-06
5.55121e-06
5.380929e-06
5.250078e-06
5.222614e-06
5.191477e-06
5.005926e-06
4.618125e-06
4.661189e-06
5.086574e-06
5.309503e-06
5.765206e-06
6.212175e-06
6.463242e-06
6.875252e-06
6.856108e-06
6.875229e-06
7.395239e-06
7.345111e-06
7.527112e-06
7.563314e-06
7.917856e-06
7.462529e-06
7.52864e-06
8.598057e-06
8.534863e-06
9.362062e-06
8.844725e-06
8.747632e-06
8.459252e-06
8.252546e-06
8.205131e-06
7.825481e-06
8.485747e-06
8.171534e-06
8.164805e-06
7.862804e-06
7.693596e-06
7.594645e-06
7.452497e-06
7.474704e-06
7.416314e-06
7.124928e-06
7.022199e-06
7.080269e-06
6.893841e-06
7.931247e-06
8.166248e-06
7.456208e-06
7.92087e-06
7.617929e-06
7.448287e-06
8.447264e-06
8.389458e-06
7.819715e-06
7.888493e-06
8.407083e-06
8.942458e-06
8.364369e-06
7.391128e-06
6.822771e-06
7.467461e-06
6.768379e-06
6.639132e-06
7.07602e-06
6.859424e-06
6.750741e-06
6.636052e-06
7.084582e-06
6.826896e-06
7.313094e-06
7.79347e-06
8.229186e-06
8.147451e-06
8.575979e-06
8.663435e-06
8.340608e-06
8.875638e-06
9.526437e-06
9.063084e-06
8.251344e-06
8.826773e-06
9.456601e-06
9.501565e-06
9.698521e-06
9.624866e-06
9.991877e-06
1.031765e-05
9.446302e-06
9.306665e-06
9.49165e-06
9.913372e-06
1.028874e-05
1.020907e-05
1.010223e-05
1.022337e-05
9.985469e-06
9.32778e-06
9.451636e-06
9.321209e-06
9.514888e-06
9.384621e-06
9.275564e-06
9.329979e-06
9.243154e-06
9.513647e-06
9.388276e-06
9.030701e-06
8.864476e-06
8.518523e-06
8.873324e-06
8.677236e-06
7.983273e-06
7.540847e-06
7.355175e-06
7.751201e-06
8.090588e-06
9.024435e-06
8.703619e-06
8.484465e-06
8.479782e-06
8.409486e-06
8.180821e-06
8.537385e-06
8.562632e-06
8.738144e-06
9.540663e-06
9.478818e-06
9.956267e-06
1.04843e-05
1.012181e-05
1.032991e-05
1.029275e-05
1.044687e-05
1.177744e-05
1.120024e-05
1.131961e-05
1.254038e-05
1.370999e-05
1.297628e-05
1.336953e-05
1.361406e-05
1.349323e-05
1.348469e-05
1.374321e-05
1.282919e-05
1.346328e-05
1.417538e-05
1.456006e-05
1.400431e-05
1.616769e-05
1.692602e-05
1.818022e-05
1.781627e-05
1.850745e-05
2.051635e-05
2.15728e-05
1.979422e-05
2.093953e-05
1.853664e-05
1.733673e-05
1.785227e-05
1.678915e-05
1.619882e-05
1.586729e-05
1.438249e-05
1.494983e-05
1.56827e-05
1.474996e-05
1.548427e-05
1.599573e-05
1.612741e-05
1.635459e-05
1.580241e-05
1.521039e-05
1.515454e-05
1.517215e-05
1.507753e-05
1.435432e-05
1.473904e-05
1.405671e-05
1.505718e-05
1.450953e-05
1.516381e-05
1.580868e-05
1.517311e-05
1.561788e-05
1.683013e-05
1.758898e-05
1.73328e-05
1.674939e-05
1.43366e-05
1.430043e-05
1.280893e-05
1.257187e-05
1.40639e-05
1.415053e-05
1.313356e-05
1.322169e-05
1.325883e-05
1.367421e-05
1.453156e-05
1.457917e-05
1.566203e-05
1.533495e-05
1.404916e-05
1.403704e-05
1.420426e-05
1.488343e-05
1.497498e-05
1.581035e-05
1.478492e-05
1.477211e-05
1.433504e-05
1.488278e-05
1.525158e-05
1.453073e-05
1.505e-05
1.451887e-05
1.407478e-05
1.367038e-05
1.387137e-05
1.545152e-05
1.348923e-05
1.355015e-05
1.434514e-05
1.443795e-05
1.335183e-05
1.332458e-05
1.367773e-05
1.461389e-05
1.504072e-05
1.424366e-05
1.475393e-05
1.648805e-05
1.77464e-05
1.833175e-05
1.793559e-05
1.769294e-05
1.733449e-05
1.895593e-05
1.925831e-05
2.085686e-05
2.024582e-05
2.083678e-05
2.005491e-05
1.936395e-05
1.976284e-05
1.873495e-05
1.701057e-05
1.591902e-05
1.68084e-05
1.534595e-05
1.464259e-05
1.414692e-05
1.521281e-05
1.596164e-05
1.647349e-05
1.596514e-05
1.61088e-05
1.678549e-05
1.660748e-05
1.547488e-05
1.577508e-05
1.648618e-05
1.578131e-05
1.602988e-05
1.734484e-05
1.725832e-05
1.682639e-05
1.815376e-05
1.737825e-05
1.680547e-05
1.799374e-05
1.589175e-05
1.55243e-05
1.432347e-05
1.399475e-05
1.363541e-05
1.35993e-05
1.342712e-05
1.319588e-05
1.32991e-05
1.389541e-05
1.356603e-05
1.230184e-05
1.143303e-05
1.115976e-05
1.088597e-05
1.008512e-05
1.073896e-05
1.108387e-05
1.091331e-05
1.124675e-05
1.033403e-05
1.134805e-05
1.083966e-05
1.091153e-05
1.045284e-05
1.171276e-05
1.083771e-05
1.128146e-05
1.086464e-05
1.065751e-05
1.135974e-05
1.248807e-05
1.209877e-05
1.157008e-05
1.226059e-05
1.439015e-05
1.363222e-05
1.387948e-05
1.455618e-05
1.331561e-05
1.281411e-05
1.231004e-05
1.205872e-05
1.178523e-05
1.200371e-05
1.195132e-05
1.248271e-05
1.260479e-05
1.382969e-05
1.528261e-05
1.532836e-05
1.56497e-05
1.704926e-05
1.608055e-05
1.429367e-05
1.347294e-05
1.42702e-05
1.422315e-05
1.513513e-05
1.372918e-05
1.429376e-05
1.368355e-05
1.50648e-05
1.634447e-05
1.568211e-05
1.649385e-05
1.632036e-05
1.738593e-05
1.769058e-05
1.689771e-05
1.682677e-05
1.730525e-05
1.735767e-05
1.858032e-05
1.771544e-05
1.666663e-05
1.596064e-05
1.609223e-05
1.670351e-05
1.71973e-05
1.623671e-05
1.575173e-05
1.530596e-05
1.537566e-05
1.62471e-05
1.705287e-05
1.72346e-05
1.876978e-05
1.654047e-05
1.795456e-05
1.848441e-05
1.870268e-05
1.688018e-05
1.700233e-05
1.610852e-05
1.77989e-05
1.467516e-05
1.48711e-05
1.63437e-05
1.553764e-05
1.782792e-05
1.712119e-05
1.678329e-05
1.736783e-05
1.739897e-05
1.73395e-05
1.69527e-05
1.667788e-05
1.672919e-05
1.513966e-05
1.533599e-05
1.414068e-05
1.504395e-05
1.408799e-05
1.378299e-05
1.36439e-05
1.294376e-05
1.361331e-05
1.332161e-05
1.397099e-05
1.327109e-05
1.390114e-05
1.348436e-05
1.419997e-05
1.378817e-05
1.381455e-05
1.545346e-05
1.673375e-05
1.710195e-05
1.818023e-05
1.853361e-05
1.838686e-05
1.866333e-05
1.907128e-05
2.042825e-05
2.06243e-05
2.025291e-05
2.039541e-05
2.168527e-05
2.071659e-05
2.006856e-05
1.906042e-05
1.948834e-05
1.756841e-05
1.845181e-05
1.623453e-05
1.590135e-05
1.570024e-05
1.715335e-05
1.628647e-05
1.568692e-05
1.504769e-05
1.523636e-05
1.584346e-05
1.685154e-05
1.534179e-05
1.544926e-05
1.594252e-05
1.568456e-05
1.334492e-05
1.397833e-05
1.26798e-05
1.342614e-05
1.255542e-05
1.340055e-05
1.359037e-05
1.388456e-05
1.401129e-05
1.241024e-05
1.287156e-05
1.250921e-05
1.217629e-05
1.290177e-05
1.520154e-05
1.532028e-05
1.51319e-05
1.481027e-05
1.565908e-05
1.431756e-05
1.393199e-05
1.374751e-05
1.434231e-05
1.378532e-05
1.254727e-05
1.272251e-05
1.244096e-05
1.335202e-05
1.446418e-05
1.478614e-05
1.486606e-05
1.560234e-05
1.645929e-05
1.660788e-05
1.66583e-05
1.61627e-05
1.455646e-05
1.341671e-05
1.214252e-05
1.20182e-05
1.216947e-05
1.087607e-05
1.032626e-05
1.041071e-05
1.058621e-05
1.038157e-05
1.014968e-05
1.026207e-05
1.024163e-05
9.413705e-06
9.124986e-06
9.858576e-06
9.606881e-06
9.451062e-06
9.31391e-06
9.242589e-06
8.81379e-06
8.616632e-06
8.43352e-06
8.267149e-06
7.942877e-06
8.065283e-06
7.97332e-06
8.716569e-06
8.507131e-06
8.322422e-06
8.24721e-06
8.184594e-06
8.170202e-06
8.886819e-06
9.257847e-06
8.143756e-06
8.564972e-06
8.92143e-06
9.221688e-06
9.193933e-06
9.276616e-06
9.531123e-06
9.010651e-06
9.532961e-06
1.008368e-05
9.679225e-06
9.283821e-06
9.157221e-06
9.305395e-06
9.867364e-06
1.025613e-05
1.023606e-05
1.035173e-05
9.009284e-06
1.037126e-05
1.140054e-05
1.133146e-05
1.251874e-05
1.334538e-05
1.39333e-05
1.320083e-05
1.196847e-05
1.306938e-05
1.176275e-05
1.089292e-05
1.097369e-05
1.239602e-05
1.187183e-05
1.21116e-05
1.153385e-05
1.025282e-05
9.422922e-06
9.703521e-06
9.50158e-06
9.399795e-06
8.886399e-06
8.582301e-06
8.990363e-06
9.124638e-06
9.340549e-06
9.455712e-06
9.570788e-06
9.563082e-06
1.01152e-05
9.148503e-06
9.673326e-06
1.049139e-05
1.13085e-05
1.094893e-05
1.145411e-05
1.118031e-05
1.008373e-05
9.588919e-06
1.046026e-05
1.093918e-05
1.125106e-05
1.173201e-05
1.254506e-05
1.324012e-05
1.345983e-05
1.378483e-05
1.292187e-05
1.272493e-05
1.361294e-05
1.458768e-05
1.483684e-05
1.478736e-05
1.519464e-05
1.54707e-05
1.500212e-05
1.474885e-05
1.480595e-05
1.498643e-05
1.621151e-05
1.572949e-05
1.493818e-05
1.502427e-05
1.414625e-05
1.437892e-05
1.442084e-05
1.475541e-05
1.472309e-05
1.538739e-05
1.59172e-05
1.602947e-05
1.559344e-05
1.470049e-05
1.487806e-05
1.617653e-05
1.674888e-05
1.574293e-05
1.47127e-05
1.338328e-05
1.321146e-05
1.228045e-05
1.197439e-05
1.241628e-05
1.157449e-05
1.111462e-05
1.001156e-05
1.053658e-05
1.037131e-05
1.001046e-05
1.048161e-05
1.068524e-05
1.154462e-05
1.150592e-05
1.16508e-05
1.080196e-05
1.083191e-05
1.146396e-05
1.084665e-05
1.166862e-05
1.120982e-05
1.098453e-05
1.136213e-05
1.070275e-05
1.026691e-05
1.13487e-05
1.121965e-05
1.15693e-05
1.100334e-05
9.906053e-06
1.007717e-05
1.065082e-05
9.609284e-06
1.060324e-05
1.07919e-05
1.136022e-05
1.120896e-05
1.287555e-05
1.256785e-05
1.153782e-05
1.197973e-05
1.147279e-05
1.064963e-05
1.036321e-05
9.849907e-06
9.417116e-06
9.713196e-06
1.00146e-05
1.053492e-05
1.085883e-05
1.103054e-05
1.073408e-05
1.031122e-05
1.126747e-05
1.023095e-05
1.028214e-05
1.074882e-05
1.023044e-05
1.030345e-05
1.018753e-05
9.287189e-06
9.150387e-06
9.184324e-06
8.719882e-06
8.638171e-06
8.732717e-06
9.215662e-06
8.941333e-06
8.903189e-06
9.845928e-06
9.282342e-06
9.153265e-06
9.552825e-06
9.988933e-06
1.077319e-05
1.08061e-05
1.019272e-05
1.064082e-05
1.11775e-05
1.116034e-05
1.122557e-05
1.159347e-05
1.238062e-05
1.174721e-05
1.097213e-05
1.092285e-05
1.001477e-05
1.082999e-05
1.222403e-05
1.171956e-05
1.154706e-05
1.125903e-05
1.113227e-05
1.128042e-05
1.031953e-05
1.088037e-05
1.200504e-05
1.189233e-05
1.226512e-05
1.235366e-05
1.209688e-05
1.241359e-05
1.280599e-05
1.131516e-05
1.086429e-05
1.056513e-05
1.087045e-05
9.811842e-06
1.028869e-05
1.074498e-05
1.112588e-05
1.265805e-05
1.151138e-05
1.222371e-05
1.212754e-05
1.18625e-05
1.181973e-05
1.127347e-05
1.098196e-05
1.05483e-05
9.733218e-06
1.053625e-05
1.073882e-05
1.003796e-05
1.007338e-05
1.029042e-05
1.080282e-05
9.779093e-06
9.686518e-06
9.575701e-06
9.717556e-06
1.008208e-05
1.035546e-05
1.012803e-05
1.057713e-05
9.781484e-06
9.728096e-06
1.023238e-05
9.922949e-06
1.019319e-05
1.061398e-05
1.031915e-05
1.058481e-05
1.216306e-05
1.251164e-05
1.253419e-05
1.328883e-05
1.275468e-05
1.271913e-05
1.195931e-05
1.256978e-05
1.334875e-05
1.328885e-05
1.357297e-05
1.390815e-05
1.303703e-05
1.336194e-05
1.337778e-05
1.37074e-05
1.319875e-05
1.157717e-05
1.153763e-05
1.189228e-05
1.249976e-05
1.264982e-05
1.391393e-05
1.356346e-05
1.299466e-05
1.441342e-05
1.437968e-05
1.447263e-05
1.323911e-05
1.275953e-05
1.359145e-05
1.369797e-05
1.234192e-05
1.259103e-05
1.209312e-05
1.202453e-05
1.294131e-05
1.324901e-05
1.396212e-05
1.381809e-05
1.444786e-05
1.423166e-05
1.356806e-05
1.278137e-05
1.202292e-05
1.262685e-05
1.349667e-05
1.44059e-05
1.33688e-05
1.360946e-05
1.370462e-05
1.278932e-05
1.199783e-05
1.23173e-05
1.139412e-05
1.117965e-05
1.111428e-05
1.151449e-05
1.10922e-05
1.06376e-05
1.167806e-05
1.090293e-05
1.185621e-05
1.308852e-05
1.305729e-05
1.333307e-05
1.273354e-05
1.300789e-05
1.292072e-05
1.32738e-05
1.227274e-05
1.119282e-05
1.078097e-05
1.110668e-05
1.133641e-05
1.054462e-05
1.070018e-05
1.146999e-05
1.189367e-05
1.194546e-05
1.211579e-05
1.165364e-05
1.207076e-05
1.132851e-05
1.144385e-05
1.170781e-05
1.148272e-05
1.081866e-05
1.127919e-05
1.153623e-05
1.147409e-05
1.108525e-05
1.243604e-05
1.291845e-05
1.192039e-05
1.207418e-05
1.332253e-05
1.47155e-05
1.465879e-05
1.526689e-05
1.655048e-05
1.587549e-05
1.559352e-05
1.56052e-05
1.501131e-05
1.47055e-05
1.447898e-05
1.466969e-05
1.529392e-05
1.457983e-05
1.383984e-05
1.353153e-05
1.487612e-05
1.568286e-05
1.622438e-05
1.615435e-05
1.638533e-05
1.701683e-05
1.736766e-05
1.688686e-05
1.764842e-05
1.675923e-05
1.679925e-05
1.617728e-05
1.589825e-05
1.627722e-05
1.521495e-05
1.6257e-05
1.730018e-05
1.654627e-05
1.663733e-05
1.559701e-05
1.488085e-05
1.358719e-05
1.251535e-05
1.360214e-05
1.226198e-05
1.223779e-05
1.151497e-05
1.023875e-05
1.033605e-05
1.047405e-05
9.507421e-06
9.686412e-06
1.011811e-05
1.070962e-05
1.120067e-05
1.03511e-05
9.432556e-06
9.043727e-06
9.480118e-06
9.472753e-06
8.941819e-06
9.139094e-06
9.350816e-06
9.384557e-06
9.70151e-06
9.684339e-06
9.207424e-06
1.028783e-05
1.032223e-05
1.10823e-05
1.122121e-05
1.070736e-05
1.036614e-05
1.085627e-05
1.110583e-05
1.125347e-05
1.094281e-05
1.041567e-05
1.011659e-05
1.065057e-05
1.159017e-05
1.192829e-05
1.175283e-05
1.274044e-05
1.306302e-05
1.393372e-05
1.292149e-05
1.361576e-05
1.345554e-05
1.436609e-05
1.506872e-05
1.493848e-05
1.511012e-05
1.684034e-05
1.714381e-05
1.828557e-05
1.81643e-05
1.768881e-05
1.68034e-05
1.703443e-05
1.612866e-05
1.812817e-05
1.888107e-05
1.813366e-05
1.848698e-05
1.748122e-05
1.812733e-05
1.871348e-05
1.985985e-05
1.809782e-05
1.767836e-05
1.846761e-05
1.767313e-05
1.747036e-05
1.778665e-05
1.910437e-05
1.958318e-05
1.859117e-05
1.891364e-05
2.124865e-05
1.973457e-05
1.972115e-05
2.202016e-05
2.320767e-05
2.313377e-05
2.300341e-05
2.306019e-05
2.272295e-05
2.300454e-05
2.190375e-05
2.151777e-05
2.162956e-05
2.020824e-05
2.115208e-05
2.385833e-05
2.311558e-05
2.322029e-05
2.401219e-05
2.281796e-05
2.284344e-05
2.285138e-05
2.1912e-05
2.127829e-05
2.177751e-05
2.236269e-05
2.231384e-05
1.962727e-05
1.933806e-05
2.067106e-05
1.957469e-05
1.837013e-05
1.854859e-05
1.743289e-05
1.84716e-05
1.990017e-05
2.008639e-05
1.983677e-05
1.943562e-05
1.910513e-05
1.795274e-05
1.683869e-05
1.619502e-05
1.614137e-05
1.707949e-05
1.606804e-05
1.62822e-05
1.589251e-05
1.488067e-05
1.488349e-05
1.470097e-05
1.367633e-05
1.455153e-05
1.561376e-05
1.584683e-05
1.701597e-05
1.673648e-05
1.53543e-05
1.618132e-05
1.647807e-05
1.679316e-05
1.723336e-05
1.578142e-05
1.449426e-05
1.453067e-05
1.334841e-05
1.350816e-05
1.364785e-05
1.340927e-05
1.442312e-05
1.405049e-05
1.410704e-05
1.4096e-05
1.534332e-05
1.405696e-05
1.36724e-05
1.298843e-05
1.301154e-05
1.373551e-05
1.455018e-05
1.520245e-05
1.526663e-05
1.459066e-05
1.497914e-05
1.376255e-05
1.423827e-05
1.39185e-05
1.311131e-05
1.402087e-05
1.386933e-05
1.34786e-05
1.324431e-05
1.424956e-05
1.46128e-05
1.359468e-05
1.256121e-05
1.254449e-05
1.255402e-05
1.126536e-05
1.1346e-05
1.11923e-05
1.036125e-05
1.074e-05
1.049018e-05
1.088992e-05
1.071831e-05
1.0915e-05
1.177489e-05
1.199148e-05
1.183098e-05
1.198556e-05
1.194026e-05
1.33066e-05
1.412332e-05
1.152932e-05
1.132992e-05
1.186033e-05
1.261365e-05
1.224886e-05
1.440372e-05
1.403686e-05
1.421109e-05
1.381591e-05
1.21482e-05
1.239484e-05
1.258393e-05
1.293217e-05
1.256445e-05
1.259018e-05
1.215585e-05
1.15156e-05
1.237829e-05
1.223575e-05
1.306276e-05
1.505197e-05
1.65885e-05
1.504008e-05
1.453944e-05
1.434424e-05
1.431683e-05
1.301608e-05
1.301603e-05
1.284457e-05
1.384088e-05
1.346854e-05
1.329843e-05
1.308894e-05
1.265677e-05
1.343341e-05
1.303323e-05
1.228091e-05
1.19692e-05
1.180166e-05
1.208027e-05
1.219435e-05
1.070916e-05
1.054061e-05
9.984905e-06
9.736982e-06
1.005626e-05
1.002273e-05
9.926604e-06
9.614512e-06
1.034157e-05
8.994876e-06
9.119174e-06
8.994804e-06
9.255765e-06
9.088428e-06
8.831282e-06
9.437838e-06
1.0392e-05
9.831714e-06
9.827647e-06
8.926076e-06
9.521715e-06
8.846327e-06
9.255184e-06
8.31334e-06
8.650659e-06
8.286273e-06
7.68643e-06
7.914192e-06
9.070253e-06
9.96115e-06
9.487813e-06
8.661526e-06
7.654576e-06
8.287447e-06
7.919279e-06
7.182465e-06
7.33237e-06
7.424323e-06
7.318571e-06
7.424418e-06
7.968981e-06
7.563736e-06
7.362345e-06
7.775409e-06
8.439417e-06
8.287932e-06
8.424077e-06
8.193291e-06
8.535285e-06
9.264454e-06
9.81103e-06
9.897546e-06
1.013411e-05
9.849155e-06
1.0482e-05
1.071296e-05
1.105917e-05
1.115275e-05
1.007982e-05
9.979615e-06
9.730752e-06
9.598699e-06
1.012724e-05
9.299186e-06
8.825472e-06
9.627289e-06
9.845103e-06
9.078424e-06
8.942046e-06
8.519772e-06
8.644304e-06
8.678359e-06
7.365277e-06
7.599449e-06
8.092171e-06
7.594312e-06
7.739134e-06
9.166459e-06
8.27374e-06
8.571137e-06
8.636659e-06
9.089094e-06
8.985645e-06
9.034191e-06
9.366015e-06
1.029459e-05
1.006302e-05
9.914855e-06
9.771303e-06
1.030288e-05
1.092906e-05
1.030344e-05
1.020337e-05
1.023914e-05
1.028995e-05
1.057772e-05
9.589238e-06
9.990554e-06
1.062143e-05
1.045073e-05
1.000626e-05
1.142165e-05
1.059698e-05
1.002722e-05
9.579677e-06
9.608893e-06
8.948475e-06
8.446606e-06
8.646813e-06
9.492427e-06
8.583867e-06
8.400221e-06
8.682787e-06
8.370069e-06
8.926524e-06
8.159536e-06
8.820031e-06
8.59302e-06
9.501221e-06
9.413457e-06
8.974151e-06
8.747144e-06
8.69401e-06
8.258202e-06
8.139916e-06
7.771625e-06
7.498246e-06
7.462809e-06
7.539548e-06
7.314854e-06
7.766732e-06
7.204701e-06
7.661799e-06
7.670356e-06
7.470636e-06
7.57705e-06
7.614422e-06
8.13455e-06
8.281311e-06
8.557191e-06
8.500851e-06
8.907404e-06
9.177644e-06
9.649914e-06
9.459048e-06
9.407724e-06
9.162534e-06
9.111859e-06
8.882326e-06
9.3879e-06
9.027943e-06
9.107545e-06
8.89383e-06
9.64776e-06
9.704287e-06
9.403907e-06
9.32027e-06
9.548863e-06
1.048395e-05
1.077558e-05
1.139163e-05
1.092534e-05
1.116574e-05
1.082476e-05
1.158893e-05
1.120203e-05
1.148877e-05
1.17318e-05
1.180533e-05
1.211882e-05
1.213379e-05
1.222749e-05
1.238137e-05
1.246018e-05
1.23778e-05
1.399094e-05
1.350649e-05
1.557515e-05
1.527898e-05
1.540956e-05
1.643791e-05
1.676595e-05
1.694325e-05
1.674376e-05
1.529144e-05
1.52123e-05
1.524639e-05
1.731153e-05
1.625932e-05
1.653798e-05
1.567488e-05
1.544612e-05
1.438276e-05
1.332781e-05
1.306317e-05
1.269021e-05
1.299371e-05
1.204988e-05
1.185876e-05
1.227374e-05
1.301919e-05
1.311006e-05
1.398972e-05
1.355458e-05
1.357329e-05
1.454173e-05
1.560646e-05
1.697688e-05
1.633612e-05
1.652979e-05
1.590945e-05
1.595149e-05
1.751207e-05
1.712037e-05
1.776756e-05
1.970497e-05
1.987026e-05
1.855488e-05
1.713958e-05
1.772061e-05
1.88292e-05
1.826808e-05
1.950488e-05
1.989118e-05
2.116603e-05
1.984813e-05
2.171461e-05
2.017107e-05
2.094894e-05
2.128529e-05
2.196642e-05
2.180744e-05
2.118789e-05
2.187499e-05
1.876638e-05
1.984746e-05
1.929236e-05
1.95299e-05
2.007013e-05
1.813287e-05
1.771225e-05
1.672248e-05
1.688834e-05
1.625484e-05
1.636115e-05
1.735703e-05
1.69152e-05
1.570018e-05
1.653617e-05
1.790993e-05
1.785848e-05
1.823961e-05
1.821779e-05
1.783943e-05
1.597584e-05
1.659719e-05
1.756382e-05
1.905755e-05
1.879958e-05
1.95749e-05
1.901097e-05
1.854892e-05
1.977611e-05
2.159384e-05
2.128302e-05
2.178303e-05
2.146324e-05
2.285515e-05
2.379761e-05
2.496436e-05
2.541614e-05
2.378202e-05
2.266693e-05
2.245309e-05
2.177612e-05
2.084956e-05
2.154021e-05
2.038859e-05
1.903102e-05
1.907563e-05
1.749903e-05
1.858051e-05
1.7895e-05
1.961194e-05
1.938385e-05
1.997324e-05
1.929793e-05
2.016228e-05
2.107561e-05
2.094757e-05
2.153924e-05
2.137097e-05
2.112647e-05
2.048112e-05
2.124653e-05
2.094824e-05
2.246681e-05
2.295497e-05
2.692991e-05
2.512513e-05
2.556718e-05
2.524364e-05
2.478182e-05
2.359516e-05
2.473163e-05
2.31806e-05
2.282296e-05
2.256785e-05
2.247473e-05
2.157361e-05
2.408986e-05
2.028271e-05
2.002319e-05
2.115588e-05
2.20882e-05
2.304882e-05
2.204592e-05
2.120531e-05
2.311912e-05
2.374996e-05
2.422959e-05
2.503662e-05
2.404837e-05
2.217118e-05
2.247565e-05
2.143584e-05
2.201291e-05
2.168162e-05
2.145322e-05
2.058476e-05
2.059048e-05
2.369169e-05
2.2864e-05
2.242393e-05
2.173274e-05
2.092792e-05
1.888809e-05
1.808716e-05
1.663677e-05
1.696465e-05
1.752209e-05
1.704799e-05
1.599185e-05
1.656647e-05
1.673867e-05
1.561815e-05
1.42828e-05
1.312189e-05
1.362713e-05
1.391743e-05
1.374498e-05
1.199818e-05
1.23265e-05
1.249587e-05
1.278609e-05
1.340978e-05
1.283183e-05
1.275882e-05
1.273692e-05
1.237251e-05
1.313402e-05
1.31738e-05
1.317471e-05
1.342864e-05
1.246899e-05
1.264288e-05
1.307187e-05
1.185391e-05
1.156097e-05
1.096612e-05
1.079965e-05
1.161079e-05
1.11263e-05
1.074738e-05
1.099527e-05
1.023613e-05
9.347398e-06
9.42262e-06
1.04204e-05
1.141997e-05
1.099331e-05
1.103021e-05
1.127049e-05
1.095395e-05
1.090315e-05
1.09132e-05
1.157538e-05
1.175321e-05
1.132292e-05
1.165533e-05
1.122624e-05
1.100831e-05
1.155284e-05
1.137724e-05
1.164465e-05
1.165561e-05
1.142041e-05
1.105919e-05
1.156342e-05
1.096565e-05
9.974974e-06
9.816459e-06
9.914544e-06
9.898894e-06
9.839329e-06
9.966479e-06
9.30905e-06
9.369338e-06
9.721922e-06
9.801329e-06
9.124594e-06
9.018815e-06
9.19367e-06
9.4463e-06
9.340865e-06
9.37792e-06
9.26762e-06
8.701214e-06
8.958613e-06
8.655268e-06
8.517675e-06
8.657516e-06
9.026479e-06
9.218678e-06
1.023125e-05
1.105465e-05
1.167135e-05
1.126761e-05
1.024131e-05
1.040102e-05
1.097535e-05
1.132504e-05
1.170223e-05
1.021787e-05
1.029294e-05
1.058687e-05
9.889214e-06
8.944929e-06
9.788156e-06
9.742103e-06
9.039845e-06
8.89268e-06
8.998819e-06
9.283632e-06
9.639553e-06
9.903485e-06
9.691217e-06
9.335112e-06
9.540241e-06
9.507767e-06
9.902929e-06
9.646264e-06
9.858119e-06
9.62944e-06
1.042495e-05
1.034084e-05
1.039668e-05
9.760073e-06
1.100346e-05
1.143055e-05
1.110005e-05
1.135564e-05
1.150255e-05
1.072202e-05
1.010291e-05
1.151568e-05
1.106841e-05
1.0166e-05
1.099119e-05
1.095412e-05
1.097161e-05
1.08454e-05
9.886161e-06
1.041119e-05
1.051652e-05
1.02935e-05
8.912105e-06
8.836001e-06
8.487839e-06
9.170382e-06
8.846877e-06
8.870078e-06
8.728635e-06
8.236589e-06
7.537399e-06
7.657003e-06
7.660484e-06
7.764752e-06
6.931853e-06
6.930915e-06
7.011134e-06
7.059336e-06
7.46732e-06
7.595093e-06
7.104032e-06
6.844165e-06
7.193144e-06
8.039676e-06
7.93444e-06
7.109065e-06
7.741397e-06
8.322019e-06
8.793784e-06
8.291484e-06
7.929896e-06
7.899126e-06
7.964914e-06
8.208888e-06
8.812532e-06
8.756676e-06
8.334141e-06
8.472136e-06
8.59266e-06
8.140382e-06
8.346304e-06
7.731802e-06
7.48059e-06
7.687379e-06
7.678666e-06
7.998916e-06
7.624762e-06
8.77992e-06
8.867755e-06
8.501789e-06
8.719225e-06
8.341106e-06
8.515135e-06
8.557943e-06
9.090147e-06
8.674968e-06
9.121886e-06
9.011879e-06
1.008221e-05
9.656308e-06
9.616343e-06
8.921277e-06
9.236117e-06
8.354678e-06
8.59211e-06
8.85212e-06
9.557565e-06
9.482304e-06
1.06291e-05
1.115997e-05
1.042322e-05
1.154303e-05
1.102797e-05
1.095033e-05
1.209793e-05
1.225622e-05
1.220825e-05
1.193906e-05
1.372686e-05
1.335091e-05
1.318067e-05
1.358317e-05
1.312867e-05
1.251332e-05
1.239223e-05
1.234484e-05
1.167833e-05
1.139865e-05
1.171978e-05
1.05217e-05
9.936757e-06
9.738941e-06
9.625601e-06
1.035882e-05
1.01469e-05
1.043087e-05
9.557233e-06
9.448667e-06
9.984165e-06
9.37062e-06
8.917202e-06
8.505059e-06
8.486335e-06
8.388884e-06
7.543948e-06
7.800245e-06
7.67669e-06
7.126716e-06
7.176742e-06
7.120287e-06
6.938295e-06
7.17893e-06
7.239563e-06
7.449077e-06
7.624314e-06
7.236679e-06
7.924204e-06
7.869909e-06
7.134297e-06
6.990024e-06
6.749057e-06
6.814976e-06
7.226029e-06
6.842275e-06
7.532106e-06
7.871436e-06
7.914932e-06
7.602893e-06
7.831271e-06
8.143965e-06
8.132222e-06
7.621062e-06
7.647576e-06
7.337385e-06
6.706566e-06
6.41021e-06
6.392891e-06
6.405084e-06
6.013529e-06
6.109023e-06
6.231514e-06
6.587461e-06
6.777235e-06
6.964601e-06
7.171607e-06
6.914201e-06
7.381183e-06
7.053218e-06
7.30774e-06
6.804472e-06
6.688113e-06
6.459409e-06
6.144609e-06
6.737853e-06
6.979821e-06
7.775571e-06
7.528851e-06
6.6673e-06
6.790497e-06
6.758643e-06
7.015225e-06
7.298075e-06
6.56244e-06
6.27775e-06
6.536621e-06
6.204421e-06
6.542942e-06
6.192643e-06
6.229028e-06
5.952394e-06
6.331296e-06
7.014458e-06
6.245881e-06
5.917433e-06
6.541587e-06
6.617592e-06
6.648805e-06
6.873059e-06
6.915883e-06
6.714118e-06
6.11501e-06
6.057834e-06
6.041985e-06
5.782358e-06
6.056627e-06
5.888415e-06
5.900507e-06
5.779305e-06
6.091047e-06
6.349799e-06
6.440166e-06
6.397414e-06
6.560498e-06
6.689427e-06
7.30299e-06
6.882017e-06
6.979845e-06
6.820729e-06
6.420649e-06
6.720007e-06
6.061086e-06
5.931879e-06
5.4954e-06
5.309659e-06
5.036408e-06
5.076659e-06
5.524402e-06
5.892804e-06
5.517624e-06
5.803585e-06
6.098548e-06
6.612364e-06
6.702246e-06
6.815446e-06
6.114314e-06
6.745145e-06
6.616771e-06
7.42284e-06
8.109267e-06
8.77656e-06
8.408236e-06
7.995962e-06
7.646733e-06
8.224556e-06
8.219215e-06
8.308823e-06
8.506745e-06
8.609456e-06
9.038992e-06
9.082017e-06
8.931234e-06
8.940234e-06
9.46724e-06
1.049382e-05
1.109368e-05
1.192768e-05
1.243291e-05
1.365371e-05
1.436466e-05
1.507727e-05
1.591488e-05
1.481056e-05
1.342981e-05
1.298457e-05
1.256813e-05
1.30211e-05
1.206265e-05
1.35354e-05
1.352322e-05
1.273048e-05
1.212917e-05
1.232801e-05
1.213347e-05
1.280236e-05
1.196852e-05
1.248659e-05
1.274437e-05
1.189864e-05
1.133408e-05
1.068497e-05
1.188708e-05
1.243843e-05
1.182051e-05
1.076853e-05
1.085595e-05
9.426753e-06
9.953278e-06
1.081491e-05
1.076804e-05
1.085151e-05
1.117129e-05
1.050149e-05
9.570752e-06
9.600391e-06
9.080405e-06
8.700047e-06
7.646599e-06
8.41305e-06
7.797826e-06
6.883815e-06
6.269836e-06
7.295178e-06
7.090774e-06
6.5679e-06
6.893927e-06
7.943844e-06
7.623716e-06
7.00501e-06
7.503576e-06
8.054584e-06
8.176489e-06
8.672103e-06
8.895014e-06
9.59022e-06
8.924378e-06
8.418228e-06
8.934697e-06
8.060075e-06
7.997228e-06
8.030772e-06
8.013104e-06
7.88425e-06
7.740075e-06
7.786462e-06
7.480798e-06
7.624705e-06
8.250801e-06
8.194542e-06
8.34092e-06
8.573783e-06
8.231127e-06
8.771547e-06
