0.04719661
0.05050484
0.04911134
0.05313251
0.05204224
0.05799476
0.05546241
0.0601008
0.06109524
0.05438323
0.0507061
0.05499866
0.04857311
0.05007925
0.05770408
0.05433087
0.04656738
0.04900656
0.05451423
0.04452501
0.04758472
0.05654897
0.04901494
0.04980513
0.04897742
0.05050142
0.04829027
0.04688136
0.04975662
0.04964296
0.0571333
0.05106898
0.04932832
0.05355908
0.04977194
0.04998435
0.05305122
0.05174275
0.05248941
0.05195308
0.05120268
0.04949364
0.05408547
0.06092323
0.04879136
0.05286244
0.05579605
0.05420708
0.04858919
0.05083578
0.05492134
0.05037475
0.05261048
0.05039825
0.05047618
0.05030174
0.05145547
0.05278807
0.04659585
0.04580847
0.04642357
0.05138081
0.05151643
0.04841357
0.04944059
0.05272191
0.05784944
0.04736984
0.04974502
0.0466536
0.04974388
0.04669271
0.05278788
0.05295899
0.05931661
0.04765521
0.05208945
0.0549403
0.05305497
0.04906123
0.05180719
0.04825946
0.05057105
0.04512096
0.04791548
0.0426135
0.04202844
0.05081702
0.04463675
0.04243887
0.04172878
0.04181612
0.04855513
0.04829822
0.06009792
0.05046465
0.04566124
0.05487403
0.04781044
0.05729738
0.04240108
0.04952716
0.05630833
0.05471854
0.05786315
0.05064167
0.04771675
0.05288043
0.05921815
0.05360838
0.05107658
0.05899858
0.05550224
0.05384995
0.05417224
0.04836031
0.05213421
0.05896045
0.05298204
0.04917389
0.05599717
0.05136866
0.0541273
0.04737121
0.05217133
0.04973205
0.04931406
0.05150176
0.05249326
0.04777398
0.05255869
0.04898578
0.0524683
0.05157884
0.05830497
0.0500032
0.05412922
0.0501532
0.05541903
0.05941973
0.05548409
0.05803445
0.05167492
0.05589926
0.05333096
0.04712392
0.05557725
0.05225713
0.04828485
0.05854214
0.0622065
0.04587244
0.04843349
0.05027777
0.05389425
0.04400105
0.05720247
0.05078599
0.0532063
0.045431
0.05005207
0.04227912
0.04941174
0.05659345
0.04913423
0.04715159
0.04504161
0.04925462
0.05074615
0.0543941
0.05731057
0.05013353
0.05578965
0.05202337
0.05313607
0.05587775
0.05707941
0.05214154
0.05322802
0.04794326
0.05431562
0.05095173
0.04428884
0.04967417
0.04722694
0.0569152
0.0575335
0.06105087
0.05480784
0.04974677
0.04377537
0.04370747
0.05312108
0.05433997
0.05083662
0.05477304
0.0548677
0.05233297
0.05268964
0.05955091
0.05856399
0.05236898
0.04844415
0.04525381
0.04963519
0.05584766
0.0594985
0.04716833
0.05161006
0.04776275
0.04386971
0.05688903
0.0525391
0.04974229
0.05417197
0.0546697
0.05087316
0.05578319
0.04862767
0.05486785
0.04820382
0.0512902
0.0547552
0.05748003
0.05573893
0.04676931
0.05221567
0.05399765
0.05165497
0.05033579
0.05004919
0.06085137
0.05414582
0.04734248
0.0572255
0.0532638
0.04481894
0.05210138
0.0436793
0.04559102
0.05383011
0.04975165
0.04408631
0.04614799
0.05151781
0.05057482
0.05304584
0.04647676
0.05783276
0.05385361
0.04418243
0.05076013
0.04889846
0.05459368
0.06263897
0.04773401
0.05802709
0.05654336
0.05205221
0.05015693
0.05114917
0.05687285
0.0487858
0.05350134
0.05341496
0.05295597
0.05035169
0.047869
0.05519558
0.05143842
0.05715311
0.05408488
0.05413688
0.06025357
0.06584242
0.05134048
0.04929886
0.05086423
0.05890822
0.0498564
0.05922165
0.05749386
0.0504989
0.05457906
0.05419526
0.06094735
0.05243966
0.05235006
0.06259107
0.05706556
0.05738233
0.05201888
0.05695416
0.05683842
0.05707688
0.04728584
0.0535135
0.05201643
0.04814779
0.05456491
0.0512583
0.05823703
0.05405538
0.05718261
0.05052556
0.05259249
0.04706693
0.04665036
0.05173255
0.04939103
0.05332637
0.05079174
0.04877576
0.04328353
0.04959732
0.04819585
0.04632462
0.06139962
0.054674
0.04832158
0.04216294
0.05631353
0.05142169
0.05223788
0.04457612
0.05233276
0.04616739
0.05202102
0.05074047
0.05307675
0.04805766
0.04904919
0.04679853
0.05122251
0.05362682
0.05359058
0.05695107
0.04555602
0.05520588
0.05275401
0.04853681
0.04963967
0.04320761
0.04761981
0.05268579
0.05212467
0.05439227
0.05544768
0.06047884
0.05351254
0.06391745
0.05021986
0.05073363
0.05791632
0.05305654
0.04790298
0.0456645
0.05393281
0.05655505
0.05414897
0.05187784
0.05869525
0.0608267
0.05086853
0.05642715
0.05791237
0.05434412
0.05947797
0.05325461
0.05548342
0.0622597
0.04830638
0.06366525
0.05455917
0.05386701
0.0511831
0.06075292
0.05328177
0.05533227
0.05823409
0.06537134
0.05138056
0.05934598
0.05736754
0.05665665
0.05640583
0.05643168
0.05461476
0.04877373
0.06507572
0.04885229
0.05870556
0.05389883
0.04712726
0.06073655
0.04978882
0.05379565
0.04673346
0.05704822
0.05152835
0.06526486
0.05010065
0.0556699
0.05883316
0.04833852
0.05212642
0.05529816
0.05758915
0.05640289
0.05974004
0.05906843
0.05827385
0.05962834
0.0576786
0.053921
0.05329936
0.05374048
0.05837637
0.05740696
0.05057018
0.06210655
0.05190211
0.05604968
0.0465934
0.05693949
0.04945314
0.05989366
0.0552635
0.05370704
0.05209813
0.05309322
0.04936651
0.05653313
0.05097715
0.06077874
0.05412177
0.05658368
0.05960655
0.05459561
0.05271273
0.05388085
0.05850547
0.06131561
0.05509816
0.05731479
0.05434339
0.05719466
0.05500372
0.06475767
0.05509241
0.05727306
0.05959282
0.05754029
0.05237226
0.0497859
0.05830507
0.04713249
0.05146845
0.05860825
0.05427564
0.05894712
0.05220251
0.05665842
0.05146504
0.05216657
0.0502739
0.05249847
0.04626105
0.05606843
0.05312402
0.05384358
0.05508939
0.04841847
0.04995618
0.05073837
0.04572506
0.04900948
0.05381536
0.05696345
0.04668778
0.0537857
0.05245715
0.06240675
0.05351123
0.05320613
0.044394
0.05024869
0.0455977
0.04479281
0.05759335
0.04640082
0.04695363
0.0432168
0.04563277
0.04739936
0.05301003
0.0575169
0.05515749
0.05321433
0.04863514
0.05189211
0.04416435
0.05814281
0.04882317
0.0540551
0.04493939
0.0510307
0.05483595
0.04902828
0.05423114
0.04934143
0.04615491
0.05688814
0.04607633
0.04640641
0.05878125
0.04768797
0.04843311
0.04702329
0.05684194
0.05358277
0.0556964
0.05611114
0.06862032
0.05718327
0.05233187
0.05633521
0.05032809
0.05825968
0.05456899
0.04640431
0.04656955
0.05463959
0.05064531
0.05375234
0.05245254
0.04468953
0.04866535
0.04950129
0.05091114
0.0501283
0.04885719
0.04990186
0.04558862
0.05189617
0.0553614
0.05016939
0.04964151
0.05381978
0.04601017
0.04793241
0.05706681
0.05184355
0.04751398
0.0604299
0.05234236
0.05037812
0.04697272
0.0503837
0.06169843
0.04623596
0.05045764
0.0500986
0.05263742
0.05590217
0.05928141
0.04809995
0.05199417
0.05773782
0.0477347
0.0502806
0.05264253
0.05032904
0.04864836
0.05257407
0.05542654
0.04900585
0.04823043
0.05166397
0.04982561
0.04617679
0.04958554
0.04982575
0.05360365
0.04692997
0.05568258
0.04480572
0.04787004
0.04974591
0.05082022
0.0505976
0.05874256
0.05141522
0.05437736
0.04864424
0.04743781
0.0556977
0.05549503
0.05071614
0.05208155
0.04778559
0.04761903
0.04989251
0.0553974
0.05866006
0.05607671
0.04435042
0.05418333
0.0527669
0.0559612
0.0535285
0.06005205
0.05233254
0.05136386
0.04757169
0.05009987
0.0481366
0.04544458
0.0501996
0.04750913
0.05527648
0.05259343
0.06070888
0.04807627
0.0468369
0.0424906
0.05390475
0.05643228
0.04936251
0.05039948
0.05430264
0.04822806
0.04741664
0.05102655
0.05705104
0.0492986
0.05244544
0.04782227
0.05010857
0.052398
0.04469459
0.05017418
0.04932752
0.05437182
0.055412
0.0550735
0.04757357
0.04485066
0.05008631
0.04686861
0.05421304
0.04447712
0.04729482
0.04916993
0.0467563
0.04946129
0.05035558
0.04805781
0.04997627
0.04942264
0.04645608
0.05114587
0.04403877
0.05137497
0.05335361
0.04849772
0.04723576
0.04878741
0.05662213
0.0469681
0.05130058
0.04691129
0.05321674
0.04574651
0.05653469
0.04295166
0.04666784
0.05211177
0.04515459
0.04912089
0.05071597
0.04882156
0.05666484
0.04688999
0.04567105
0.05231002
0.07155865
0.04753632
0.05268475
0.04980804
0.04647047
0.04643632
0.05494617
0.05037394
0.0548116
0.04494789
0.04776398
0.04808041
0.0578662
0.05466207
0.05088501
0.05333291
0.0512341
0.06204004
0.05062746
0.04995507
0.0569855
0.05310483
0.04812349
0.05050357
0.054891
0.0529271
0.05368491
0.05942321
0.05776374
0.05319539
0.05841127
0.05318462
0.0579362
0.05617049
0.05563898
0.05642866
0.05336759
0.05407623
0.05348835
0.05366741
0.04851153
0.05488545
0.05771419
0.05042122
0.06052652
0.05315773
0.05910151
0.05625819
0.05701624
0.05591941
0.06388674
0.05193723
0.06534984
0.05824525
0.05236907
0.0536861
0.0507018
0.05338952
0.06131376
0.05562145
0.06387183
0.05306925
0.04706379
0.05192101
0.05422869
0.06450322
0.04824041
0.05854398
0.05299155
0.06092174
0.05435874
0.05629965
0.04874285
0.0588757
0.06662233
0.05434654
0.05275646
0.05063586
0.04877843
0.05677356
0.05044493
0.05578274
0.05244737
0.0575629
0.05497477
0.04840915
0.05927872
0.06031241
0.05917545
0.05849473
0.05439784
0.05942444
0.0507181
0.05857488
0.0615929
0.05867279
0.0588392
0.06273072
0.0600756
0.06343088
0.05661716
0.05957058
0.05640282
0.04679423
0.05804094
0.05786561
0.05393945
0.05892178
0.05964744
0.0574904
0.05331162
0.05554851
0.05352304
0.04925196
0.04662135
0.0526507
0.05179358
0.05873709
0.05095111
0.05335782
0.05903328
0.05565064
0.05260035
0.05780439
0.05874129
0.05555939
0.05012922
0.05734172
0.05639182
0.0559806
0.04380399
0.05342517
0.05770839
0.06521322
0.05539902
0.05472195
0.0548353
0.04660631
0.05072618
0.0545834
0.05184937
0.04966383
0.05234068
0.0456621
0.04885231
0.05732051
0.04387665
0.06118975
0.05551843
0.05110317
0.05519061
0.0511942
0.04732173
0.04642467
0.05327772
0.06119333
0.06030277
0.06332749
0.04769493
0.05406515
0.05537822
0.05782724
0.05282637
0.05194821
0.05616338
0.05397425
0.05563649
0.04646746
0.05945212
0.04800685
0.04847246
0.05550169
0.05179084
0.05566001
0.04739155
0.05333234
0.0499623
0.05063841
0.04717749
0.04096825
0.05169552
0.04617182
0.05081214
0.05115754
0.05300231
0.04582365
0.04960949
0.04907753
0.05491585
0.05261721
0.05603608
0.04738339
0.06154287
0.05318443
0.05644967
0.05285158
0.05500646
0.05300472
0.06464906
0.05573741
0.04401861
0.04885444
0.05141796
0.0498803
0.0584817
0.05655088
0.05419595
0.05198778
0.05763158
0.06105636
0.05333516
0.05345404
0.06208067
0.05442535
0.05011412
0.06018038
0.05584081
0.05578672
0.05427848
0.04986218
0.0593129
0.05272662
0.05883155
0.06082671
0.05075347
0.0530372
0.0485001
0.05296996
0.05643124
0.06552698
0.0527347
0.05498629
0.0540081
0.05175534
0.05563411
0.0492254
0.05400706
0.05113469
0.0569624
0.05257753
0.05273409
0.05220501
0.04971758
0.05513054
0.05349379
0.0643912
0.05499395
0.05411007
0.05625663
0.05804564
0.05920248
0.05528728
0.05274763
0.05322943
0.05714953
0.05410311
0.05319556
0.06176737
0.05120995
0.05189906
0.06044765
0.06170505
0.05478786
0.05743321
0.06493193
0.05437148
0.06070796
0.05237581
0.06635405
0.06160924
0.0501581
0.05965118
0.04548769
0.04908285
0.05293249
0.0602338
0.05710602
0.05991888
0.06093413
0.05470394
0.04910294
0.05827976
0.05396395
0.05415841
0.0570222
0.06454915
0.06259999
0.06016911
0.06316741
0.06936372
0.05913577
0.06326863
0.0498426
0.05474226
0.0561586
0.05137254
0.05263722
0.04494989
0.05863471
0.05948713
0.05728444
0.05377192
0.05618775
0.05664138
0.0636817
0.06220216
0.0574506
0.05652873
0.0577334
0.05859137
0.06141297
0.04553784
0.05051207
0.0593324
0.04963007
0.05519862
0.064274
0.05488386
0.05935566
0.05858458
0.05483003
0.05455629
0.05709537
0.0520104
0.05101049
0.04513424
0.05500769
0.05704051
0.05504239
0.05482338
0.06187902
0.04771422
0.05742868
0.06396608
0.06137382
0.05204621
0.04904763
0.06502747
0.05459895
0.05654944
0.0552224
0.05231878
0.0472341
0.06796495
0.04968209
0.05884654
0.05837859
0.05164793
0.06346538
0.05140533
0.05382669
0.04750514
0.05285733
0.050698
0.04736972
0.05487061
0.05493342
0.05066539
0.0597929
0.0524172
0.0596349
0.0607956
0.05464352
0.05527489
0.04970884
0.06133606
0.06266065
0.05407818
0.05579623
0.05484171
0.04933588
0.06032696
0.0591356
0.0557463
0.04837502
0.05341664
0.05778447
0.058845
0.06541872
0.04694167
0.04969692
0.05737584
0.053864
0.05086579
0.04674448
0.05576625
0.05106271
0.06431221
0.05911511
0.06126571
0.06242078
0.05244079
0.05189183
0.04771325
0.05412068
0.05897618
0.05291449
0.05427609
0.0563652
0.05849948
0.0524001
0.05828851
0.05513544
0.05991099
0.05813397
0.05373787
0.0605797
0.05982519
0.05433127
0.06012726
0.06023743
0.05303378
0.05604106
0.06501782
0.06115494
0.05774696
0.05544331
0.0590861
0.05820329
0.05187357
0.0655159
0.06068599
0.05135006
0.05098591
0.0639097
0.06096357
0.05845554
0.05384335
0.0606769
0.05452161
0.05152368
0.05763671
0.06351306
0.05495362
0.05754492
0.05634394
0.05840981
0.05289564
0.06475754
0.06231847
0.05536548
0.05639347
0.06576635
0.05695103
0.06092271
0.05317532
0.06447195
0.05729173
0.05591626
0.05433609
0.06059866
0.06000774
0.06192336
0.05328392
0.05439885
0.05284244
0.06090243
0.0525817
0.04832265
0.05803872
0.05394821
0.05205141
0.05564663
0.05637623
0.06149733
0.05531397
0.05795509
0.05034408
0.05557707
0.05423092
0.05403579
0.05269002
0.0507499
0.06128917
0.05603872
0.05727275
0.04690048
0.05798231
0.05329009
0.05453384
0.05705814
0.04505193
0.0457353
0.0474603
0.05386838
0.05452161
0.05594608
0.05715401
0.05948012
0.06039959
0.05338194
0.06222536
0.05769422
0.06020738
0.05521505
0.06078011
0.05470952
0.06184777
0.0516527
0.05619271
0.05701416
0.04597033
0.06173006
0.05038696
0.04649404
0.04741384
0.05289951
0.04782196
0.05145732
0.04440545
0.04735495
0.0571461
0.05748076
0.03954248
0.05081805
0.04844427
0.0492293
0.05132887
0.04689971
0.04432606
0.05627213
0.0554652
0.0450971
0.0443669
0.04980618
0.05155699
0.05903799
0.04869112
0.05392791
0.05918304
0.05079533
0.05367639
0.0541337
0.04778478
0.04740736
0.04477711
0.05844873
0.05498292
0.0550019
0.05594535
0.04939005
0.0517021
0.05717265
0.05439527
0.05132763
0.05840136
0.05287842
0.05351774
0.05544657
0.0563817
0.05254211
0.05679929
0.05790714
0.05885158
0.05553412
0.05523606
0.0550829
0.06070537
0.05614974
0.05899907
0.05271897
0.05394112
0.05806072
0.05947982
0.06530082
0.05578421
0.05912277
0.0563386
0.06381505
0.05973018
0.05812272
0.05820626
0.05263904
0.06084337
0.06512028
0.05351496
0.06265287
0.05741703
0.0608743
0.05919906
0.05136861
0.06087344
0.05816681
0.06251764
0.06273047
0.06389813
0.05393944
0.0621937
0.0608189
0.0693517
0.05348249
0.0569325
0.05042107
0.05582374
0.05796577
0.04850383
0.05458393
0.05390681
0.06536464
0.05739242
0.0509607
0.05983911
0.06180186
0.05122913
0.05395882
0.05774645
0.05772445
0.05830689
0.05473637
0.05698599
0.05328155
0.05494564
0.05727337
0.06912393
0.06165777
0.06054184
0.06346122
0.05892819
0.05504314
0.05204264
0.05521612
0.05032887
0.05534021
0.05645722
0.0540456
0.06498535
0.05740678
0.05894705
0.05155744
0.06165992
0.05707629
0.05860651
0.05353739
0.05884767
0.05002575
0.05555616
0.0545201
0.05718923
0.05802024
0.05670443
0.04961849
0.05246999
0.0485786
0.04984623
0.05714364
0.05472434
0.05194199
0.05637588
0.0549217
0.05879384
0.04986407
0.05787494
0.04778201
0.05833547
0.05449991
0.05779203
0.05411961
0.05299597
0.05744583
0.05328452
0.0503824
0.05509767
0.05833988
0.05458097
0.05176399
0.05280683
0.06115891
0.0541426
0.05419975
0.06315909
0.04909206
0.05533355
0.05729115
0.05505599
0.0573885
0.04955738
0.05157617
0.05501122
0.05153958
0.05256046
0.05758845
0.0577217
0.05030669
0.05632719
0.04637509
0.05474734
0.05729889
0.06078884
0.05573256
0.05564604
0.05978363
0.05034041
0.05300714
0.04617394
0.04789428
0.05468835
0.05575609
0.04537607
0.04990135
0.05705475
0.05657341
0.05459602
0.06012475
0.04940688
0.05460986
0.05245079
0.05350628
0.05265582
0.05741402
0.04884859
0.05638187
0.04976138
0.0492738
0.05783597
0.05455626
0.0471304
0.05007961
0.04564608
0.05218202
0.04857439
0.0595251
0.05446099
0.05203371
0.05752213
0.04748108
0.04410438
0.05066375
0.04950522
0.05371042
0.05902903
0.05274722
0.05258185
0.04370438
0.05751587
0.05105012
0.04549459
0.05105102
0.05464512
0.04478554
0.05692925
0.04375793
0.05279411
0.04320157
0.05930838
0.04753582
0.04703693
0.05306416
0.04430798
0.06265699
0.05180224
0.0543271
0.05468122
0.04461632
0.04937354
0.05397255
0.04905651
0.04973295
0.05601583
0.0532773
0.04593718
0.04508863
0.05214992
0.05948154
0.05808118
0.05998393
0.04522406
0.05112449
0.04549596
0.05500686
0.05055556
0.0473739
0.04319451
0.05621355
0.05816439
0.04807344
0.05961483
0.05236285
0.0535991
0.05270912
0.05132783
0.05569646
0.04593901
0.04543522
0.05407931
0.04376264
0.05503941
0.05091055
0.05570715
0.04926402
0.05441043
0.04861274
0.0532086
0.05263907
0.05020029
0.04416929
0.04700649
0.04635526
0.06318333
0.0545058
0.04312747
0.05206484
0.06045218
0.05115822
0.05464424
0.0625691
0.0536838
0.05297955
0.06289194
0.0581105
0.05179235
0.05596531
0.0494491
0.04571676
0.05337413
0.05043912
0.05682693
0.04796584
0.04661987
0.0480827
0.04773827
0.05298183
0.05036002
0.05398127
0.05460034
0.05777746
0.05067423
0.05219522
0.05608684
0.05601606
0.04992027
0.05474125
0.05881422
0.05226351
0.05863795
0.05664367
0.04715337
0.05547381
0.04468746
0.04924444
0.05727113
0.06451408
0.04734036
0.04225337
0.05464133
0.05099988
0.04090729
0.04789007
0.04861134
0.05209344
0.05091247
0.05013202
0.0450978
0.05060522
0.05874724
0.0524374
0.05420078
0.04740721
0.04652324
0.06080059
0.06093053
0.05901208
0.05857447
0.05322692
0.05716192
0.05689024
0.04926295
0.05364117
0.05745803
0.04886237
0.05529889
0.0543894
0.04738106
0.0562639
0.05638788
0.05920105
0.06198593
0.04290834
0.05407428
0.05484844
0.05525231
0.05736534
0.05849743
0.05612373
0.04140221
0.06083054
0.05137757
0.04967873
0.0571768
0.06134547
0.05150839
0.05415233
0.05728628
0.04961928
0.05621068
0.05216521
0.04361763
0.05656897
0.05283388
0.04533141
0.0555011
0.05372007
0.05783739
0.04607755
0.04757397
0.05370266
0.04934494
0.05868313
0.04696353
0.05061447
0.05122939
0.04952972
0.05610032
0.04858749
0.04408261
0.06320166
0.05633048
0.05470216
0.05365045
0.05384337
0.05863938
0.04882539
0.05236235
0.05668389
0.04861692
0.05160724
0.0512338
0.05683045
0.04518262
0.04999785
0.05161341
0.05202474
0.04635186
0.06537775
0.05249654
0.05532537
0.05651448
0.06509034
0.05181979
0.06160848
0.05305392
0.05779245
0.05163734
0.05816385
0.06041104
0.05576518
0.06257039
0.04717871
0.05331628
0.0558697
0.05309941
0.05549222
0.06262764
0.05772464
0.05886487
0.05357635
0.06602854
0.06305923
0.05399584
0.05371736
0.04917747
0.05510084
0.05597489
0.04625785
0.05294548
0.05555313
0.05773052
0.06439863
0.05572241
0.05395789
0.0516749
0.05142361
0.0568764
0.05203954
0.04836551
0.05464509
0.05986581
0.05334293
0.05398395
0.05717578
0.05512702
0.04657848
0.05460082
0.0490749
0.05541786
0.06172973
0.06443738
0.05218881
0.05548992
0.04901402
0.05717458
0.05125044
0.04800423
0.05469547
0.05725317
0.05550832
0.04904771
0.05566204
0.0532878
0.05175326
0.05828698
0.05875452
0.06510301
0.05797348
0.04883165
0.06108886
0.04994287
0.05498249
0.0609588
0.06059352
0.05640325
0.05668574
0.05170802
0.06054295
0.054576
0.046581
0.0521887
0.06119423
0.05202647
0.05089993
0.05308555
0.05279469
0.05901909
0.05460854
0.06255495
0.04543742
0.06446201
0.05613821
0.05271344
0.05861798
0.05060011
0.05827244
0.05564822
0.06076825
0.05471788
0.05875894
0.05153814
0.04843237
0.05323437
0.05588506
0.05269547
0.05416788
0.05984542
0.05409232
0.04576394
0.05445657
0.04890193
0.06009287
0.05124391
0.05054667
0.06119419
0.05251312
0.05636933
0.05082632
0.0524013
0.04912215
0.05379354
0.04972081
0.05920064
0.04970579
0.05209241
0.06077885
0.05403929
0.0482999
0.06519158
0.05107495
0.05261424
0.05688943
0.04527202
0.0508758
0.06223328
0.05232843
0.05529902
0.05381011
0.05586251
0.0559099
0.05136719
0.04781692
0.05061416
0.05177296
0.0535275
0.05376935
0.05234382
0.05418662
0.05005682
0.05225109
0.06081513
0.051808
0.0574857
0.06249132
0.05997667
0.05355981
0.04925409
0.05055744
0.05021445
0.04755408
0.05428607
0.05824351
0.04562217
0.05495191
0.05645661
0.05183514
0.05335767
0.0550617
0.05248704
0.05667508
0.05368576
0.05637213
0.05288818
0.05007598
0.05126671
0.05018945
0.05042657
0.05350609
0.060222
0.05030437
0.05555275
0.05027165
0.05932874
0.0519989
0.0554658
0.04999113
0.05183404
0.05644087
0.05302124
0.05915226
0.05199203
0.04638321
0.05286797
0.054337
0.05528695
0.04698696
0.05153833
0.05650237
0.06378257
0.05082586
0.05559231
0.05290069
0.05369729
0.05433023
0.05266062
0.05024658
0.05753834
0.05796908
0.05276677
0.04901715
0.05066469
0.05312986
0.0548961
0.05953841
0.05363619
0.06180637
0.0512124
0.05542304
0.04859874
0.05357624
0.05284001
0.05287829
0.05718062
0.05783286
0.05595365
0.05067337
0.05174224
0.05149003
0.0482719
0.05237116
0.05538787
0.05993768
0.05243451
0.05588961
0.06021143
0.05214257
0.0513358
0.05288913
0.04741759
0.05546607
0.05640959
0.0545756
0.04795988
0.04549815
0.05526517
0.04734892
0.05713585
0.05095607
0.04868244
0.05833008
0.05390425
0.05524045
0.04827529
0.05216908
0.04869011
0.05468166
0.05663269
0.0586369
0.05563704
0.06139484
0.05230445
0.04857843
0.04814665
0.05295385
0.04880833
0.06189636
0.06370893
0.05264809
0.05044201
0.05804603
0.05606411
0.04743479
0.05618079
0.0530667
0.06228213
0.04845249
0.04897805
0.04916465
0.04523488
0.04801333
0.05824684
0.05702333
0.04662491
0.05060678
0.04393422
0.05339908
0.04603769
0.04725253
0.05816551
0.04893265
0.06340509
0.06008436
0.051348
0.05442934
0.06090775
0.05639324
0.05257167
0.0497025
0.05209015
0.04961037
0.04783471
0.05140417
0.05024773
0.04882115
0.06023353
0.05891397
0.05099586
0.06343593
0.05449996
0.05612142
0.05504636
0.04537948
0.05204302
0.05459971
0.06179044
0.05052973
0.05144071
0.05109364
0.05781163
0.05156074
0.05461337
0.0652837
0.04220774
0.05128717
0.05239072
0.04718342
0.06091362
0.05107821
0.05472837
0.05089633
0.05348223
0.05003673
0.05535023
0.05529496
0.0448332
0.06241068
0.05813477
0.05728995
0.05864548
0.04977716
0.05497961
0.05176013
0.05051247
0.0560463
0.06339444
0.05454833
0.04825261
0.05054523
0.06255584
0.04954964
0.0562805
0.05662338
0.05659199
0.05066227
0.06505105
0.05597056
0.05423906
0.06250663
0.06060986
0.0589778
0.05335576
0.0551703
0.06217515
0.05378367
0.06223427
0.05155891
0.0530188
0.06217495
0.05652802
0.05985505
0.05209964
0.05582491
0.05305104
0.05982328
0.05671287
0.05461276
0.05193502
0.05594682
0.0539697
0.06050863
0.05597309
0.05510265
0.05047114
0.05164868
0.04866548
0.05475257
0.05193249
0.05265326
0.0483127
0.05277608
0.05446308
0.06167159
0.05871728
0.06222418
0.05572543
0.05631964
0.06452402
0.0577321
0.05498822
0.05925566
0.0495692
0.05550232
0.05421488
0.05029038
0.04788665
0.05371634
0.05457568
0.05503889
0.05142678
0.05673876
0.05576191
0.05011961
0.05896321
0.0605005
0.05019822
0.06310345
0.06085943
0.05249705
0.05290944
0.05689827
0.0512556
0.04577738
0.05722353
0.06041747
0.05190517
0.05292374
0.04791057
0.04510495
0.04892517
0.0546781
0.0504328
0.0574475
0.05452666
0.04969837
0.05652065
0.05128588
0.05521379
0.05094555
0.04915033
0.05191576
0.05413111
0.05566721
0.04922189
0.05394405
0.04579838
0.04779853
0.05487191
0.0618953
0.05262431
0.05337485
0.04329031
0.04488615
0.05343125
0.05290548
0.04747468
0.04396896
0.051065
0.05378577
0.04671984
0.04957545
0.06062711
0.04362288
0.05762828
0.05267363
0.05219056
0.04572631
0.05183094
0.04871617
0.05238399
0.04684698
0.04836886
0.0568511
0.05256173
0.05069905
0.04883164
0.04816306
0.04899665
0.06483557
0.06439561
0.05025617
0.04795927
0.05099724
0.05304132
0.06175786
0.0551415
0.04705346
0.04898176
0.055876
0.05506113
0.05891979
0.04869717
0.05248454
0.05533296
0.04972768
0.05032677
0.05813988
0.04884314
0.05725618
0.0398455
0.05159994
0.04698185
0.06027703
0.05392913
0.05748177
0.05619224
0.05077578
0.05673676
0.05548864
0.04750872
0.04909857
0.04905256
0.05771108
0.05556647
0.05525449
0.05175533
0.05424402
0.04915576
0.05351557
0.05072384
0.05163097
0.05317734
0.05191692
0.05685316
0.06006563
0.05665592
0.05757881
0.04863706
0.05334143
0.05663134
0.04668918
0.05374747
0.06895927
0.05481794
0.0620886
0.05019566
0.0530886
0.05745409
0.05886397
0.05545475
0.05058789
0.05223756
0.05472372
0.05583002
0.05449941
0.05545043
0.05824307
0.05928247
0.05413649
0.06392221
0.05887524
0.05592173
0.05902179
0.05699569
0.05524799
0.05812804
0.05607722
0.05281728
0.05674618
0.05136745
0.06393994
0.05977223
0.05103326
0.05220545
0.06104842
0.05902609
0.06383822
0.05547505
0.06119957
0.06271734
0.05822324
0.05677851
0.05788952
0.0606985
0.04907219
0.05582461
0.05903234
0.05984859
0.06585215
0.05312413
0.06348921
0.06265043
0.05851373
0.06364807
0.05526201
0.05867524
0.04576036
0.05642262
0.05832807
0.06411256
0.06324195
0.06022374
0.05619795
0.05183997
0.04958598
0.05413633
0.05525024
0.06578015
0.05396899
0.05575797
0.05660968
0.05633369
0.05845021
0.05612064
0.05773711
0.0448529
0.05095652
0.05062073
0.05601463
0.05244345
0.05476026
0.05899247
0.05287759
0.05294947
0.06007801
0.06580133
0.05460415
0.05515034
0.0594784
0.06152334
0.06010708
0.05485001
0.05385315
0.05692091
0.0539604
0.0539324
0.05380101
0.05622358
0.0499668
0.05738419
0.05694304
0.0493606
0.0527605
0.05247055
0.05674426
0.06505207
0.0564158
0.05087448
0.05386567
0.05046904
0.05884359
0.05392559
0.05446679
0.06209831
0.05230087
0.0501025
0.05045685
0.05295063
0.05276841
0.0551671
0.0502246
0.04889148
0.05119821
0.04855178
0.0457013
0.0550578
0.04836229
0.05349596
0.05357757
0.05481599
0.04534123
0.05156587
0.05126274
0.05119675
0.04903973
0.051207
0.05149066
0.05506932
0.05215316
0.05075282
0.04524779
0.04839141
0.05941566
0.05461987
0.05419913
0.05589878
0.04832483
0.05092401
0.0622813
0.05682537
0.06042043
0.05038919
0.06442037
0.06395058
0.05774693
0.05942633
0.05680567
0.05221152
0.053484
0.05236184
0.05463933
0.05577453
0.05993074
0.05271356
0.06398096
0.06093109
0.05373426
0.05607119
0.05715675
0.0560801
0.05667411
0.0509168
0.06370073
0.06089809
0.06069556
0.06208475
0.05206855
0.05953236
0.0587208
0.0607301
0.05609335
0.05550604
0.05300085
0.05739805
0.05390475
0.05535904
0.05222853
0.06529142
0.05230561
0.06470945
0.05634806
0.04870997
0.0603354
0.06212623
0.05553863
0.06321857
0.0581126
0.05886795
0.05413226
0.0587822
0.06360561
0.06353131
0.0503907
0.05898542
0.05484531
0.06305872
0.0587504
0.05792531
0.05717189
0.0600054
0.05891061
0.05728312
0.05911195
0.06440458
0.06043898
0.05499971
0.06144765
0.06086998
0.05390534
0.05742694
0.04719574
0.06459742
0.05468415
0.05644782
0.05398054
0.05689648
0.05195994
0.05351501
0.05485614
0.05303604
0.05190329
0.04874096
0.05146942
0.04840378
0.05803249
0.04362405
0.05276524
0.04908317
0.06078132
0.0465135
0.0513434
0.04517771
0.06120507
0.05085898
0.05433577
0.04719736
0.06232867
0.06018865
0.05704176
0.04658679
0.05301898
0.046458
0.05050617
0.05966694
0.04810508
0.05065832
0.05597762
0.05180078
0.05127512
0.05263093
0.05423568
0.06223033
0.0553387
0.04865547
0.05352815
0.05661807
0.0521707
0.0564122
0.05401536
0.0564651
0.06537154
0.05639368
0.0582547
0.05931162
0.04937463
0.06069356
0.06387715
0.055363
0.05505925
0.04974022
0.05217127
0.05725682
0.05602568
0.05190925
0.05132758
0.0595288
0.053766
0.05223407
0.05611739
0.05274922
0.05393672
0.05292609
0.05676088
0.04928421
0.06553864
0.05850119
0.06095798
0.05594732
0.05713141
0.05939705
0.0560132
0.0616148
0.06532385
0.05664764
0.05345054
0.05915339
0.05161333
0.05679927
0.0600406
0.05128865
0.06193575
0.05456391
0.05989567
0.05597886
0.0538096
0.06160043
0.05353896
0.06596154
0.06100966
0.05665268
0.0608942
0.05788491
0.0511488
0.05008017
0.05433281
0.05873035
0.06171453
0.0566437
0.05959051
0.05772771
0.05742697
0.06755536
0.0518859
0.05792083
0.06534725
0.05424205
0.05220013
0.06114054
0.06553143
0.06422484
0.06325736
0.07172811
0.05154231
0.04998573
0.06018757
0.05368006
0.05566922
0.05713481
0.05895672
0.05921402
0.06537453
0.05553328
0.05831852
0.05983006
0.05410746
0.04580542
0.06926121
0.04706682
0.05241994
0.05279395
0.06128787
0.05461406
0.05794496
0.04601349
0.05242924
0.06356724
0.04843273
0.05689198
0.05549934
0.06718544
0.05694649
0.05454266
0.06315548
0.04444904
0.05695732
0.04964637
0.05691449
0.05485174
0.05634779
0.06380007
0.05665748
0.05547224
0.05628886
0.05423585
0.06020145
0.05668594
0.06357963
0.05404164
0.05284363
0.05132525
0.04944836
0.05996533
0.05174591
0.05047662
0.06046404
0.05399514
0.05016864
0.0600713
0.04832866
0.05428772
0.05790458
0.05061657
0.06340917
0.06304447
0.04979414
0.04935485
0.05474773
0.05904903
0.05164488
0.04638215
0.04343662
0.05173412
0.04863177
0.06551174
0.04806553
0.04968302
0.05780117
0.04898994
0.04768143
0.05933064
0.05488234
0.05360963
0.04671437
0.05721448
0.06052278
0.05504157
0.06434578
0.05313497
0.04848787
0.04948249
0.0538417
0.05350218
0.054051
0.0522612
0.05186052
0.05067204
0.05155518
0.04661507
0.05735111
0.05815614
0.04616491
0.05034391
0.05544711
0.05152619
0.05897335
0.04407719
0.05331944
0.05001557
0.05198209
0.05326191
0.05067366
0.05835482
0.05259572
0.04566014
0.04884989
0.05472237
0.05584955
0.05757829
0.04961136
0.05655561
0.05444912
0.04966771
0.05503677
0.05989852
0.04850484
0.05461007
0.05418029
0.05427138
0.04935884
0.06429741
0.06172579
0.0558553
0.04742831
0.0584698
0.05278568
0.05438401
0.05315739
0.05821706
0.05172371
0.05134587
0.05947877
0.05569525
0.05150483
0.0480764
0.05648691
0.05442832
0.05120559
0.05441092
0.06430041
0.05145373
0.05526279
0.05651047
0.06565211
0.04963438
0.05542295
0.05466835
0.052348
0.05025669
0.0482603
0.05429016
0.05004116
0.05697971
0.05001521
0.06034467
0.05632594
0.05728229
0.05319739
0.05401876
0.05489266
0.0524079
0.05627804
0.05552177
0.06141376
0.05130223
0.05165771
0.06288185
0.04943983
0.05221236
0.0527065
0.05763608
0.06522825
0.05722967
0.05201587
0.05880769
0.05334782
0.05460114
0.06124211
0.05487711
0.05250101
0.06051756
0.05618249
0.05062423
0.05180447
0.05886709
0.06248354
0.05665149
0.05953867
0.05534661
0.05603905
0.05559975
0.05696917
0.05314476
0.05741015
0.05815581
0.05625239
0.0549397
0.05640969
0.05191578
0.05659398
0.0516896
0.04737893
0.05375212
0.05554501
0.05526952
0.05290609
0.0525101
0.05494742
0.05811402
0.05464659
0.05925665
0.06441776
0.06556301
0.05680668
0.05216975
0.05645631
0.0613037
0.06632402
0.05279232
0.05395
0.05160872
0.05213006
0.05521209
0.05621091
0.05229723
0.05411675
0.04994484
0.04904716
0.05823201
0.05650838
0.04711748
0.06074094
0.05923998
0.05261055
0.05243814
0.05852886
0.05299099
0.04456913
0.05096088
0.04692901
0.04784639
0.06011233
0.05551689
0.05629425
0.06449205
0.04837559
0.04787823
0.05111242
0.04976674
0.05972142
0.04836675
0.04953404
0.05841286
0.06839746
0.04890326
0.06090549
0.05021112
0.04865274
0.05050746
0.05098855
0.0536551
0.05039221
0.05376758
0.0509665
0.05062338
0.05131058
0.04897161
0.05025803
0.05980935
0.05229773
0.05416283
0.0483461
0.04977297
0.05237551
0.05525007
0.05374284
0.0523421
0.05372681
0.06026582
0.05959955
0.05474588
0.05525112
0.0605629
0.06020669
0.04914441
0.05480642
0.0435773
0.05773773
0.05229394
0.04916051
0.05546083
0.05864855
0.04659105
0.05883667
0.05455876
0.04758778
0.05311134
0.04665855
0.05025306
0.04557355
0.04495925
0.05309556
0.05412782
0.05063606
0.05726055
0.04191487
0.05195787
0.05555509
0.05455278
0.04782013
0.04456488
0.04863478
0.04430035
0.05068992
0.04807298
0.05235548
0.04665862
0.04438994
0.05358324
0.04907653
0.05494223
0.05780765
0.06014309
0.05058081
0.04972523
0.04988135
0.06133734
0.05384324
0.05066232
0.04840003
0.05098582
0.05233457
0.04761408
0.0484999
0.05045062
0.05050381
0.06020803
0.05508324
0.04427831
0.05357505
0.06207788
0.05733092
0.05532059
0.04858996
0.04947248
0.05340979
0.05389962
0.05617428
0.06908332
0.04966897
0.05578578
0.05416252
0.05139643
0.05823702
0.0500477
0.06075569
0.04844689
0.04952598
0.05793511
0.04783974
0.05479311
0.05586833
0.05701722
0.06146379
0.05770129
0.0691266
0.05796069
0.05708534
0.05292452
0.05910908
0.06060564
0.05713129
0.05391825
0.05341267
0.05716131
0.05565633
0.0580581
0.06757262
0.04912427
0.05367119
0.05416569
0.05123339
0.05926311
0.05057656
0.05124144
0.06513977
0.05485156
0.04469198
0.04562781
0.05875964
0.05852335
0.06240496
0.05203994
0.05304109
0.0609315
0.0571513
0.05582626
0.05522759
0.05070872
0.05370818
0.05914349
0.0565296
0.04737419
0.05458286
0.05798841
0.05560607
0.05277407
0.05058016
0.04846536
0.05166176
0.05799212
0.05016009
0.05066471
0.05508098
0.05034337
0.04786111
0.05567484
0.05799024
0.04797814
0.05318524
0.05631864
0.06356766
0.05680327
0.04833496
0.05294583
0.06005043
0.07094827
0.05368587
0.06794287
0.05920688
0.05450045
0.05629615
0.0544676
0.055914
0.0516956
0.05187714
0.05593736
0.05365935
0.05209384
0.05495694
0.05291824
0.05104615
0.06189644
0.05676736
0.05566452
0.05220091
0.04922228
0.05421517
0.04782373
0.05470161
0.05143264
0.05586458
0.05371678
0.0557504
0.05394386
0.06059461
0.06235301
0.04698121
0.05435278
0.04801306
0.04804433
0.04780232
0.04834919
0.05276643
0.04569037
0.05046127
0.0553914
0.05287347
0.05102508
0.05200537
0.04953162
0.05531017
0.05407707
0.0433585
0.04996048
0.05415095
0.05776052
0.05256304
0.05043216
0.05045479
0.04658837
0.0519727
0.05004802
0.05572716
0.05152749
0.05001159
0.05101671
0.05339872
0.05941003
0.07013779
0.05632869
0.05141224
0.06091396
0.05541078
0.04805244
0.04779605
0.05828287
0.05037588
0.05960958
0.05144965
0.05618725
0.04669066
0.05318668
0.04819174
0.06167712
0.05352708
0.05222654
0.05384864
0.0541469
0.05069907
0.06612666
0.07044061
0.06284538
0.05566157
0.04702967
0.06244147
0.05610245
0.05686785
0.0553245
0.05820701
0.05260139
0.0549177
0.05545647
0.05327545
0.05816915
0.04987243
0.05147216
0.05459083
0.05331449
0.05709936
0.04792428
0.05841174
0.05410279
0.06379266
0.0454146
0.05062926
0.05976219
0.04806954
0.05142588
0.06300241
0.04953832
0.05020681
0.0539918
0.04565612
0.05435404
0.05319571
0.05047184
0.04420542
0.04940295
0.05332457
0.04819226
0.05525217
0.05277602
0.06034532
0.05277993
0.05262141
0.05248586
0.05926187
0.05510185
0.05383375
0.05769678
0.05828818
0.05367394
0.0467114
0.06006786
0.05094355
0.05183109
0.05171936
0.05307805
0.05480039
0.0565925
0.05400411
0.05509345
0.05328075
0.06627108
0.05050609
0.06197482
0.05958792
0.05622632
0.05531676
0.05268034
0.05359171
0.06274342
0.06118054
0.05985288
0.05577054
0.05528527
0.05839375
0.05610457
0.05349542
0.05723863
0.05223496
0.0678912
0.05456781
0.05589838
0.05924051
0.05362116
0.05253148
0.04856338
0.05873521
0.05986182
0.05495895
0.06018353
0.05571702
0.04838607
0.05363024
0.05400872
0.05813968
0.05896867
0.04875748
0.0553678
0.04734504
0.05435062
0.05102165
0.04937085
0.05810153
0.05912614
0.05700606
0.04846831
0.05908602
0.05442856
0.05184543
0.0580313
0.05219223
0.05926917
0.06332428
0.052378
0.05548455
0.04464314
0.05628144
0.05125008
0.05557235
0.05375497
0.04740708
0.05032991
0.04775781
0.06233937
0.04682575
0.04141689
0.05310045
0.04330481
0.04886852
0.05104367
0.05092271
0.05879476
0.05106347
0.0543345
0.05424661
0.05098847
0.05276461
0.05596501
0.05741012
0.05190077
0.04631222
0.05432049
0.05571504
0.05102239
0.04962203
0.06480657
0.05730022
0.05260511
0.05678154
0.05504062
0.05258654
0.04955192
0.0557791
0.05667122
0.05523719
0.06095642
0.05061986
0.04770146
0.0535486
0.05062713
0.04946006
0.05668394
0.05001363
0.05820184
0.05661376
0.0508465
0.04607804
0.06398987
0.05568688
0.04929122
0.05539303
0.05211403
0.0485258
0.06520849
0.05598149
0.05583554
0.0475101
0.05833928
0.05409655
0.05230171
0.05015969
0.06360182
0.05275579
0.05145712
0.04817968
0.05023862
0.0630178
0.05286534
0.04743865
0.0543193
0.053812
0.06023624
0.05042524
0.04427336
0.05034336
0.05826052
0.04668665
0.04805781
0.04539898
0.04857682
0.05073229
0.04941802
0.0500282
0.04641915
0.05560192
0.04857916
0.04849424
0.05485371
0.04970698
0.05176192
0.0560259
0.04600387
0.05345421
0.05153173
0.04777468
0.05477791
0.06024071
0.0547384
0.05546827
0.0560691
0.0554389
0.05789884
0.05254751
0.05582935
0.05346053
0.05626686
0.04640435
0.05143552
0.06192837
0.0587904
0.0550662
0.05551853
0.05266097
0.06235352
0.05414893
0.06202867
0.05527634
0.04962665
0.05234855
0.05047004
0.05368517
0.0591881
0.05261575
0.04932554
0.04799505
0.06343757
0.0518708
0.05459855
0.05095053
0.05987663
0.0571526
0.05092447
0.04890808
0.05329437
0.05742527
0.05282221
0.05284827
0.05261419
0.05416232
0.05042064
0.05498983
0.04868255
0.04641747
0.05765045
0.05550117
0.0502319
0.05085312
0.04989443
0.05510598
0.05082942
0.05887028
0.06174683
0.05909075
0.05974969
0.05261233
0.04417855
0.0562557
0.07060501
0.06362025
0.05729654
0.05522511
0.06057318
0.05309173
0.05606686
0.05177314
0.0516506
0.05826999
0.05792242
0.04824137
0.05212918
0.0549203
0.05600796
0.05676513
0.05111669
0.05543505
0.0573486
0.05281406
0.04783869
0.05000081
0.05140263
0.05419234
0.05986614
0.0543953
0.05683365
0.06437718
0.0634611
0.05321639
0.05785798
0.05650651
0.05222811
0.05306493
0.05658193
0.05882909
0.05851996
0.04972256
0.05698674
0.05431252
0.05163867
0.05079212
0.0421647
0.05197608
0.05675961
0.04826165
0.0555696
0.05406189
0.05359142
0.05399637
0.06045669
0.05694556
0.05565247
0.05263222
0.05143599
0.06446159
0.05544292
0.05050043
0.05423815
0.04687935
0.06056326
0.04829288
0.05064955
0.05250282
0.05514813
0.0485961
0.06148495
0.05057618
0.05370654
0.05413106
0.06001028
0.05143288
0.04892603
0.05204377
0.05308916
0.05522503
0.04889055
0.04570312
0.05442149
0.05703899
0.04680195
0.05085304
0.05548256
0.05472594
0.05319884
0.05906597
0.04392736
0.05058091
0.0473183
0.04876187
0.0563033
0.06253308
0.05919895
0.05915792
0.05503359
0.05296648
0.05718738
0.05217179
0.05572011
0.0567611
0.05344275
0.05938533
0.04837362
0.04488227
0.05111538
0.05385926
0.05249064
0.05691791
0.05355849
0.05894616
0.06105352
0.05509159
0.05547754
0.05291623
0.05273529
0.04571134
0.0628517
0.05478753
0.06356877
0.05487909
0.05567665
0.06757581
0.05475483
0.04970064
0.05621926
0.05384144
0.05843759
0.05476196
0.05079169
0.04933661
0.04694396
0.05705773
0.05426066
0.05803379
0.05122999
0.04802306
0.05415928
0.04676858
0.0462511
0.05138589
0.04983131
0.05125551
0.05394254
0.05419517
0.04960449
0.05691646
0.04725282
0.05309645
0.04484887
0.04921725
0.05267883
0.05609504
0.05175737
0.05453072
0.05344407
0.05393836
0.05414964
0.05057237
0.05012746
0.04427807
0.05103132
0.05364087
0.04986527
0.04621715
0.05555079
0.0587724
0.04864246
0.05663279
0.06035971
0.05298032
0.05996763
0.05203763
0.05860626
0.05716314
0.05100361
0.05697203
0.04770787
0.06145412
0.05173222
0.04960558
0.05934204
0.05641867
0.05131607
0.0538916
0.05334522
0.05658579
0.04802247
0.05339106
0.0529485
0.05862633
0.04973739
0.05152729
0.05403884
0.05091162
0.04900513
0.05214919
0.05993634
0.05328606
0.05343937
0.05048937
0.05665138
0.05076702
0.05035392
0.04974332
0.04732175
0.04899435
0.03960525
0.04864395
0.05008327
0.05099542
0.04529776
0.0557142
0.04869037
0.04843331
0.04878822
0.05477559
0.05211151
0.0450072
0.04106885
0.05373351
0.05116882
0.05765164
0.04773852
0.04952007
0.05814357
0.046389
0.05429967
0.05099731
0.0618008
0.0575715
0.05324492
0.05964307
0.04967798
0.04584934
0.05581787
0.05273034
0.05521494
0.05309913
0.05625566
0.05647114
0.05389391
0.05722944
0.04838717
0.05487293
0.05196855
0.05059078
0.04549056
0.04891175
0.05217487
0.04876548
0.05660052
0.05547199
0.05833026
0.05758169
0.05458012
0.05305313
0.05704914
0.05991187
0.05998725
0.0612521
0.05665369
0.06160933
0.04494886
0.05145646
0.05287144
0.05031266
0.04540199
0.04944525
0.05379298
0.05951505
0.04859654
0.05206439
0.05600706
0.06176469
0.05511837
0.05601753
0.06247561
0.05873061
0.05267494
0.05099682
0.05373907
0.05794964
0.046715
0.04837933
0.05785156
0.04418753
0.0585675
0.04825913
0.0522776
0.05062606
0.05420971
0.05430516
0.05442386
0.05148035
0.05314576
0.05628115
0.05360777
0.05168722
0.04902468
0.05280261
0.05676814
0.05268672
0.0559991
0.05000391
0.04786931
0.05630239
0.05169565
0.05538732
0.04637884
0.04906704
0.06077457
0.04788898
0.04663133
0.05561577
0.05269669
0.04461369
0.05076608
0.05056077
0.05087548
0.05156093
0.04684747
0.05534639
0.04771498
0.05022959
0.05164418
0.05927938
0.05168107
0.05321815
0.04958422
0.05902123
0.05609313
0.04871786
0.0537667
0.05293639
0.05206016
0.05757658
0.05057861
0.05536409
0.05666566
0.05676924
0.05427436
0.05511866
0.05797512
0.05437979
0.05273623
0.05528318
0.05656989
0.05575429
0.05596717
0.04773089
0.06347227
0.05473543
0.05236144
0.05715086
0.04615177
0.05706686
0.05792808
0.0575554
0.05540622
0.05423238
0.05717957
0.05447507
0.05117508
0.05136849
0.05787147
0.0525875
0.05556961
0.05964539
0.05223936
0.05234029
0.05220167
0.05827321
0.05835723
0.04908443
0.05714603
0.05700699
0.05130641
0.05385236
0.04988343
0.05407975
0.05134186
0.05997929
0.05439624
0.05006163
0.04970671
0.06628359
0.05408466
0.06548799
0.06321506
0.05425365
0.05498314
0.05408307
0.06543713
0.05171243
0.05824769
0.051875
0.06033843
0.06162697
0.05013898
0.05671854
0.04791322
0.05241236
0.05502564
0.05235763
0.05402148
0.05137763
0.05524744
0.05542442
0.0524566
0.04869108
0.05206071
0.0625599
0.05250995
0.05457728
0.05275209
0.07009202
0.05553156
0.05710038
0.05220923
0.04961279
0.05114274
0.05820281
0.05422883
0.05577013
0.05660362
0.05969056
0.05504385
0.05771986
0.05437486
0.06812078
0.05166084
0.05368604
0.05894314
0.05550297
0.05870633
0.06353304
0.05496144
0.05358398
0.06934548
0.05306235
0.05635769
0.05643196
0.05569022
0.05634614
0.06006373
0.05187315
0.05735405
0.0596406
0.05841997
0.06204446
0.0691943
0.05868085
0.05494734
0.0566924
0.06669298
0.05798901
0.05324982
0.05580152
0.05271969
0.05932165
0.05911331
0.04824804
0.067649
0.06252624
0.06293908
0.05488933
0.05230511
0.05427843
0.0590474
0.05895099
0.06211559
0.05540217
0.07485301
0.06112687
0.04908516
0.06318179
0.05633232
0.05753008
0.0605085
0.069215
0.06837686
0.07044376
0.05770902
0.06061897
0.05750236
0.06502193
0.0592063
0.05281968
0.0551457
0.0578202
0.06090573
0.05754298
0.05368113
0.060134
0.06182401
0.06018181
0.05701785
0.06798397
0.05649919
0.05790258
0.0558162
0.05749884
0.05540723
0.06362314
0.05542697
0.05798816
0.06757588
0.0621949
0.06548175
0.06379452
0.06106432
0.06460234
0.06198515
0.0624341
0.05706159
0.0560842
0.06378046
0.05828739
0.05378437
0.05477409
0.05514907
0.04790559
0.05882197
0.04881231
0.05503133
0.05038685
0.05160556
0.05060835
0.05823165
0.04978187
0.05788816
0.05278182
0.04541565
0.05857368
0.05254165
0.05783836
0.05477575
0.0662766
0.06122788
0.05979129
0.05204759
0.05315646
0.05326065
0.05349924
0.04993678
0.05763022
0.05676988
0.05408507
0.04915989
0.05038662
0.05419666
0.05630875
0.05250964
0.0487559
0.05025407
0.05351137
0.05965909
0.05075081
0.05217124
0.05196332
0.04987858
0.04704393
0.05737855
0.05788523
0.05121071
0.056921
0.05670362
0.0596521
0.04813399
0.05577646
0.05273391
0.05177061
0.04756368
0.05339581
0.05532909
0.05000529
0.04948137
0.05443804
0.04833152
0.05835523
0.05539663
0.06164115
0.05603084
0.06490426
0.05707994
0.0577118
0.05251778
0.05534828
0.0576089
0.05852286
0.05083072
0.05908436
0.05265074
0.05072466
0.05513417
0.05443033
0.04570913
0.04861096
0.06556083
0.06020563
0.06268855
0.05919363
0.05810582
0.04724959
0.055498
0.05901281
0.0561756
0.04785514
0.04766959
0.05385646
0.05999672
0.0480611
0.05465174
0.05642029
0.04787748
0.06090749
0.04930832
0.05400115
0.05354699
0.04802422
0.04781638
0.05540916
0.06034085
0.04917006
0.05893648
0.04809054
0.0516686
0.05253472
0.05004874
0.05459542
0.04650363
0.04686085
0.04914058
0.05574395
0.04413529
0.04789246
0.05135291
0.05388194
0.05030864
0.05179331
0.05941364
0.05996974
0.05575359
0.06041542
0.05146384
0.05586231
0.05022781
0.05675955
0.05667264
0.06448477
0.05354574
0.05800329
0.04946296
0.06145078
0.0540755
0.04589515
0.04904465
0.05395202
0.05173039
0.05416073
0.05507798
0.05263771
0.04705232
0.05697567
0.06652458
0.06571563
0.05447157
0.06190628
0.04790105
0.05433531
0.05271057
0.05690625
0.04520149
0.05062471
0.05558975
0.04963829
0.05794587
0.05789595
0.05416169
0.05450038
0.05265864
0.05274992
0.05114784
0.05450093
0.05675336
0.05156012
0.05350186
0.05983278
0.06534232
0.06007108
0.06393317
0.05385656
0.06211933
0.0628069
0.06052426
0.05476524
0.05615085
0.05753929
0.05835131
0.05112278
0.0610683
0.05526658
0.05139572
0.05136083
0.0562708
0.06065427
0.0550296
0.05178936
0.0595049
0.05541695
0.05533659
0.0574836
0.05273373
0.06392686
0.05228198
0.04999902
0.05884268
0.05528946
0.0491861
0.05908439
0.04758314
0.04929731
0.05803803
0.05033215
0.05191849
0.05830374
0.05455529
0.05201644
0.0529245
0.05634233
0.05248637
0.05120849
0.04987349
0.05199907
0.05558752
0.05375095
0.05354101
0.05825027
0.05301131
0.04250454
0.0500428
0.05762883
0.05432724
0.05310913
0.05447907
0.05493733
0.04977729
0.06379765
0.0578258
0.0520749
0.04747602
0.05306704
0.05720782
0.05462932
0.05118721
0.05851448
0.04859887
0.04913061
0.05320075
0.05603351
0.04935307
0.04750024
0.0483156
0.05516117
0.05087474
0.05156878
0.05179856
0.05003117
0.05517795
0.05743064
0.05755452
0.04976975
0.05445088
0.06791407
0.05380412
0.05702339
0.05124082
0.05401553
0.06133441
0.05206716
0.04773453
0.0494249
0.05289223
0.05689522
0.05595245
0.05352348
0.05113077
0.05058257
0.05725159
0.05793701
0.05760165
0.05285745
0.05862034
0.06081766
0.06237643
0.0547439
0.05181276
0.0660045
0.05322165
0.05344015
0.05219293
0.04852116
0.053852
0.06087537
0.04770578
0.0491695
0.05441057
0.06326837
0.0534245
0.06028615
0.05858546
0.05934634
0.06171409
0.056946
0.06785425
0.05866835
0.0610899
0.05364387
0.06175731
0.05584806
0.06096869
0.0550224
0.0488754
0.05598361
0.05945555
0.05764609
0.04908287
0.05070331
0.0583777
0.05550824
0.05251863
0.05322955
0.0511102
0.05315503
0.05182576
0.06098547
0.05437727
0.0579802
0.05876357
0.06263441
0.05941659
0.05470962
0.06396173
0.05190555
0.0717246
0.05438627
0.05327831
0.05546204
0.06365301
0.05925054
0.05700248
0.05402217
0.05624708
0.04989715
0.04939485
0.05445141
0.05917899
0.06359503
0.05235439
0.05086094
0.0545589
0.05371685
0.05458381
0.04787926
0.05024149
0.05440351
0.05533082
0.07078708
0.04640365
0.05670955
0.06089016
0.05022907
0.05696557
0.05370765
0.05593959
0.05605829
0.06214005
0.05294564
0.05319848
0.05679755
0.05287882
0.06217675
0.04932097
0.05291083
0.05190709
0.05615723
0.05499451
0.0569262
0.05692226
0.04798659
0.05391187
0.05397389
0.05071422
0.04859792
0.04960304
0.05091585
0.05422195
0.05668383
0.04471255
0.04741602
0.04832989
0.05341248
0.0546896
0.06019706
0.05350845
0.05651073
0.04798229
0.04696303
0.0588048
0.05715955
0.04680353
0.05755627
0.05335204
0.06439343
0.04835137
0.05343607
0.0566954
0.06014136
0.05207988
0.05957355
0.06482048
0.05364102
0.04854923
0.04775759
0.05455149
0.05632733
0.05942664
0.05549195
0.06383623
0.05168332
0.04940221
0.05595793
0.05631734
0.04758978
0.05095587
0.04981572
0.04778747
0.05137516
0.05638931
0.05011567
0.05314769
0.05244494
0.0585296
0.0569927
0.05304416
0.05021876
0.04938456
0.05007217
0.05828711
0.05837197
0.04847912
0.04502706
0.05174154
0.05637387
0.04926914
0.05767353
0.05698284
0.04637546
0.05613761
0.04997408
0.05178638
0.05723821
0.05222906
0.06489193
0.05085516
0.05452909
0.0527027
0.04984951
0.05663258
0.0551448
0.0465146
0.04797838
0.05208353
0.04577222
0.04916591
0.05349409
0.05576454
0.04924803
0.05430138
0.05073367
0.05767976
0.05571452
0.05518006
0.05068105
0.05484705
0.05391418
0.05241307
0.04575993
0.05397903
0.0499835
0.05884885
0.05082467
0.05219975
0.06776176
0.05428296
0.06050569
0.06176258
0.05521874
0.05299393
0.05469765
0.05601573
0.05750413
0.05919321
0.04854496
0.06296788
0.05398386
0.05632369
0.0657057
0.05534197
0.05952768
0.06259018
0.06137448
0.05203818
0.06255755
0.05515048
0.06332267
0.05503824
0.04713569
0.05264402
0.05582781
0.061149
0.05149891
0.05546685
0.04528978
0.05417841
0.05545311
0.0525734
0.05304268
0.0519176
0.05097437
0.04642676
0.05673981
0.05205509
0.05786434
0.06215479
0.05939195
0.05245927
0.05144135
0.05335962
0.05495547
0.05465119
0.05535741
0.05862928
0.05733774
0.04774678
0.05557675
0.05859241
0.06180367
0.0562911
0.04710003
0.06049444
0.05853143
0.06074728
0.05487412
0.0543825
0.06226757
0.05648569
0.0554707
0.05067392
0.05444503
0.05055403
0.05652055
0.05686466
0.05734032
0.05334509
0.05712042
0.06219596
0.05247328
0.05997253
0.05735092
0.05999102
0.05657997
0.05398989
0.06189069
0.05396679
0.05588559
0.05587236
0.05548511
0.04917807
0.05590473
0.05385623
0.05919865
0.04797705
0.05574927
0.05225436
0.0622767
0.05494052
0.06214486
0.06014918
0.05405894
0.06164599
0.06143134
0.06238136
0.05162884
0.05511846
0.05282708
0.05879189
0.0655711
0.0656361
0.06265402
0.0585323
0.05186541
0.05494866
0.05307108
0.05729288
0.05810635
0.04588098
0.05556597
0.05956662
0.05172907
0.05267893
0.05932111
0.06273988
0.05710105
0.04764223
0.06548926
0.0524578
0.05426243
0.04888996
0.05676713
0.05191044
0.05888199
0.06062793
0.05812068
0.05589325
0.05825183
0.05245368
0.05402096
0.05620726
0.05210556
0.05349956
0.05159161
0.0591823
0.05698155
0.04813838
0.04871497
0.04574079
0.05109202
0.06032746
0.04692336
0.04477056
0.05987148
0.06975609
0.06243896
0.04970644
0.04565099
0.05148948
0.05887336
0.04903065
0.05604961
0.06283414
0.05336077
0.05391152
0.05438291
0.05478468
0.04836177
0.04317263
0.05667668
0.04233935
0.04577157
0.05541911
0.04825073
0.0488707
0.05638802
0.05146401
0.05034213
0.04780055
0.05713194
0.03982416
0.05238927
0.05277131
0.05305191
0.04794017
0.0569487
0.05412002
0.04930517
0.05427304
0.04950772
0.06140772
0.05832875
0.05646369
0.04982359
0.05217758
0.05101281
0.05261359
0.05520018
0.06223515
0.05312633
0.0563026
0.05119699
0.04925247
0.05699235
0.05009651
0.04563486
0.05362672
0.05459663
0.05595586
0.05459512
0.05509814
0.04960617
0.05507226
0.04959736
0.04813815
0.05351469
0.05346893
0.04775675
0.05608648
0.05659143
0.05312454
0.0576178
0.05522015
0.05337521
0.05454941
0.05432829
0.06520062
0.04259085
0.05489881
0.06056582
0.0560272
0.05924238
0.05668275
0.05536461
0.06012709
0.06375712
0.05575685
0.05289099
0.05645124
0.05057595
0.05266198
0.05763043
0.0554332
0.05179634
0.05357492
0.05517528
0.05221204
0.05632605
0.05473724
0.05386949
0.0609846
0.04375225
0.04956468
0.04743223
0.04715705
0.05634936
0.05483312
0.04419628
0.05198118
0.05140484
0.04990691
0.05038131
0.05175025
0.04191449
0.05550861
0.05102428
0.06102393
0.05254615
0.05235567
0.05240633
0.04807496
0.0438213
0.04541502
0.04768087
0.0517416
0.05758423
0.05963429
0.06069945
0.05171731
0.04970784
0.05805787
0.05386616
0.05031292
0.05168479
0.05073683
0.05508667
0.05067564
0.0513843
0.0584439
0.0604634
0.05267617
0.05903622
0.05256565
0.05173522
0.05440799
0.04767761
0.05255136
0.06576516
0.05876157
0.05069166
0.05260901
0.05526613
0.05561179
0.05432009
0.05168108
0.06196605
0.05372925
0.05958395
0.06457562
0.06695235
0.05935304
0.05198329
0.05428968
0.04986902
0.05723783
0.05445066
0.05462015
0.05533684
0.0583059
0.05382995
0.05204802
0.05342813
0.05165774
0.05264458
0.06324545
0.06027434
0.06520319
0.05892731
0.05773763
0.05530853
0.05131384
0.04843821
0.05347517
0.05660476
0.05720072
0.05596737
0.06551908
0.06733149
0.05903252
0.05298506
0.05446668
0.05253091
0.05738477
0.05252523
0.06134691
0.0550109
0.0513817
0.05302229
0.05845724
0.06523847
0.05935148
0.05564073
0.05496186
0.06101272
0.05574891
0.05492429
0.06125236
0.04773174
0.04595228
0.05101956
0.05759633
0.05745937
0.04649178
0.04806092
0.05561002
0.0590986
0.05179545
0.05584916
0.05847886
0.05417932
0.0536499
0.05505415
0.04948496
0.05944315
0.06954739
0.06264422
0.05488856
0.04850024
0.055073
0.0516828
0.05565046
0.05687373
0.05191732
0.06027335
0.05649564
0.05132212
0.06120978
0.05117391
0.05657422
0.05996099
0.06321976
0.05980654
0.05678857
0.05291955
0.05651627
0.06807815
0.04949365
0.05803021
0.05784252
0.05455652
0.05787694
0.06013084
0.05242298
0.05661599
0.05955659
0.0547533
0.05230471
0.04608819
0.05723196
0.04930402
0.04768513
0.04601497
0.05335434
0.05893915
0.05660124
0.04936082
0.04357151
0.05357681
0.05587243
0.04944067
0.0563678
0.0479585
0.04964248
0.04989093
0.05355215
0.05446768
0.05935666
0.05700146
0.05869081
0.05466308
0.06498766
0.06137671
0.05343662
0.05590421
0.05058944
0.05135462
0.04961083
0.05188923
0.04856456
0.05283339
0.05245432
0.05338775
0.05814949
0.06076514
0.05729548
0.05837642
0.05069965
0.05945782
0.05557563
0.05543955
0.05676317
0.05424503
0.05861025
0.05081428
0.0530387
0.05180779
0.05295762
0.05592666
0.05565346
0.05430527
0.05735392
0.05645751
0.05892255
0.05828716
0.06176638
0.06393357
0.06336723
0.05283688
0.05055041
0.0507619
0.06213663
0.06222854
0.05224177
0.05456134
0.05451198
0.05851258
0.05444368
0.05670768
0.05449059
0.06116181
0.0484534
0.0549
0.06111718
0.0551429
0.05336832
0.06501844
0.06368332
0.06360104
0.05168032
0.06620847
0.05471265
0.06066182
0.05229391
0.05139964
0.05408799
0.06196171
0.05753803
0.05625948
0.05867496
0.05861954
0.06247052
0.0565212
0.05911067
0.06321568
0.05847371
0.06255616
0.05345344
0.05090498
0.05699084
0.05635065
0.05758594
0.05301036
0.0561644
0.05506763
0.05461359
0.05278264
0.05841114
0.04994652
0.05739966
0.04971491
0.05560301
0.05548354
0.05867811
0.05291209
0.05585289
0.05953172
0.04870773
0.05217639
0.04959996
0.06152373
0.05440056
0.05302634
0.05966216
0.06101113
0.0549907
0.05279751
0.04554988
0.0586569
0.05726845
0.05825076
0.05736979
0.04898489
0.05446646
0.05607451
0.05552076
0.05859418
0.05859006
0.05437196
0.05407957
0.05643773
0.06191419
0.05338885
0.05142028
0.05314165
0.05570518
0.04952652
0.04897442
0.05249711
0.06189049
0.06067362
0.05018253
0.05694638
0.05087681
0.05991004
0.05920971
0.05370307
0.0584738
0.06091877
0.0552132
0.06033848
0.06007956
0.06475739
0.0504256
0.05026485
0.05097582
0.05424199
0.05955208
0.0607333
0.05662312
0.05223568
0.04939751
0.05057768
0.05206812
0.05441348
0.06139302
0.06003237
0.06015671
0.0511487
0.05741724
0.05036075
0.05578431
0.04907504
0.04930292
0.05788211
0.04574433
0.05530234
0.05295138
0.05486462
0.06584577
0.05834708
0.06583238
0.05181462
0.05490901
0.05215719
0.04883636
0.05119677
0.05468559
0.05546455
0.05248559
0.05979798
0.04537525
0.04436313
0.0540945
0.05252851
0.05182744
0.05170227
0.05222912
0.05466229
0.0535332
0.05918426
0.05740521
0.05559452
0.05580786
0.05860723
0.04821083
0.05143677
0.05972328
0.04539859
0.06076437
0.05985536
0.04890751
0.05513887
0.05707787
0.05193143
0.0543599
0.04831791
0.06443052
0.05719324
0.06123537
0.05324204
0.05290981
0.05438122
0.05780317
0.0591237
0.05174227
0.05030086
0.05552142
0.04770674
0.05659504
0.05262669
0.05176078
0.0519633
0.05697008
0.05212791
0.05523202
0.05816694
0.05372807
0.05268323
0.05437507
0.06413734
0.05783575
0.06011989
0.0590448
0.0560574
0.05197926
0.05571579
0.05184047
0.0617809
0.05678038
0.05099691
0.05645971
0.05425685
0.06465064
0.05791626
0.06511438
0.05405259
0.05049471
0.06194445
0.05582656
0.05267424
0.05418914
0.05674557
0.05303069
0.05613077
0.06099486
0.05806902
0.05971208
0.06144504
0.05658344
0.05370511
0.05322084
0.05252348
0.05841798
0.0601892
0.05776725
0.0576935
0.05225851
0.05080497
0.05784213
0.05495895
0.06091077
0.05948366
0.05443316
0.05475572
0.06959581
0.06488363
0.05822905
0.05488138
0.06152561
0.05743808
0.06492214
0.05697907
0.06154998
0.06676799
0.06072524
0.0522328
0.05311506
0.05213875
0.05736113
0.05510144
0.05894189
0.04783131
0.047882
