9.369483
9.42652
8.945111
8.879494
8.898816
8.957497
8.816512
8.711493
8.586695
8.172822
7.935042
8.163913
8.459213
8.186873
8.461448
7.788787
7.607245
7.809946
7.85317
8.477306
8.361634
8.453074
8.466384
8.273628
7.93622
7.814393
7.854578
7.998522
8.255665
7.990694
8.235663
8.101401
8.528761
8.11761
7.814343
7.677503
7.651838
7.594855
7.579973
7.133146
7.435894
7.96094
7.380297
7.12566
7.040513
7.085613
7.394608
7.151036
7.645928
7.427529
6.988931
6.54201
6.424974
6.467795
6.874657
7.127876
7.77054
7.729448
7.591531
7.682152
7.887378
7.635326
7.894155
8.141911
7.956947
8.002281
8.772129
9.126045
9.203159
9.403761
9.567743
9.973381
9.956966
9.404083
9.395911
9.28992
9.438968
9.565741
10.15592
10.442
10.54135
10.64956
10.40416
9.746122
9.471184
9.363246
9.470178
8.88324
8.797642
8.801935
9.150666
8.866011
8.792815
9.160592
9.23784
9.240908
8.970732
8.324361
7.979502
8.315821
8.777948
8.472127
8.439694
8.560102
8.605773
8.06067
8.09087
8.049585
7.42122
7.29068
7.221129
7.260301
7.075458
7.324039
7.338872
7.353606
7.672231
7.139419
6.986138
7.185709
7.340059
7.47452
7.138674
7.354599
7.037603
7.063772
7.39185
7.173454
7.448812
7.663323
8.057267
7.745578
7.308736
7.534775
7.887398
7.867859
7.500548
7.19012
7.253536
7.299683
7.160574
6.959695
6.45481
6.236852
6.346153
6.452087
6.852645
6.750869
6.471494
6.20541
6.381777
6.322169
6.417027
6.447833
6.391183
6.326857
6.274283
6.219907
6.187785
6.250765
6.020021
6.269494
5.888879
6.027321
5.54057
5.61162
5.519175
5.522456
5.44167
5.475405
4.846701
4.500239
4.776905
4.799054
5.205964
5.146406
4.743704
4.989757
4.917025
4.777229
4.446854
4.146273
4.402308
4.077332
3.825864
3.658376
3.526904
3.569635
3.66275
3.244168
3.565469
4.013081
4.509659
4.27046
3.826723
3.746771
3.350562
3.157995
3.243644
3.440596
3.424936
3.168552
3.06138
2.973735
2.677873
2.615389
2.950961
2.901766
3.530572
3.498441
3.911241
3.954761
3.326672
3.369624
3.596755
3.756284
3.542635
3.814057
3.94641
3.518012
3.764365
3.800041
3.357783
2.751329
2.264111
2.550239
2.958729
3.148132
3.406142
3.631254
3.573278
3.366772
3.528953
3.857033
4.506463
4.398785
4.858181
4.278702
4.776832
4.913234
5.224727
5.047299
5.614431
5.2528
5.465441
5.874243
6.196001
6.06193
5.897769
6.358095
5.93695
5.73872
5.574623
4.837136
4.582103
4.239887
3.980289
3.650521
3.880235
3.905639
4.235152
4.165168
4.627145
4.716948
4.593395
4.582593
4.369129
4.175788
4.122196
3.54207
3.505569
3.23061
2.703426
2.258364
2.148129
2.568572
2.30514
1.896536
2.266272
2.571214
2.047169
2.009742
1.831076
1.845495
1.881296
2.036952
1.559026
1.621379
2.158637
2.089218
1.963851
2.260564
2.426261
2.897823
2.943941
3.224369
3.570327
3.6245
4.085369
4.643664
4.84574
5.451438
5.58106
5.600744
5.504993
5.288684
4.996618
5.467729
5.226989
4.674233
4.910398
5.384872
5.657768
5.662877
5.738767
5.913521
6.326742
5.978834
5.498425
4.842432
5.474248
5.872771
5.694358
6.105119
6.090796
6.52803
6.81808
6.954534
6.545539
6.64383
6.373671
6.36351
6.133012
5.69033
5.606952
5.30469
5.206542
5.186241
5.120352
4.992012
4.968413
5.5394
5.390059
5.502551
5.11025
5.025965
5.021093
4.969996
5.43953
5.481914
5.475595
5.149295
5.550434
5.53909
5.386833
5.332103
4.617445
4.053289
3.947335
3.670694
3.821247
3.771052
4.003519
3.924521
3.803292
3.928653
3.828164
3.736467
3.726697
3.689827
3.525717
3.64418
3.497609
3.528738
3.580274
3.714996
3.169157
3.610566
3.655112
4.061733
4.052401
4.036738
4.263259
4.459957
4.681093
4.858023
4.633148
4.818735
5.123411
4.85608
4.824835
4.371358
4.911409
5.158412
5.194125
5.073441
5.157706
5.381172
5.337311
5.379056
5.029211
4.887257
4.866188
4.9859
4.756523
4.77961
4.961655
4.901466
4.990492
5.373565
5.035913
5.333369
5.123061
4.640047
4.632958
4.569758
4.678385
4.938837
4.954794
4.84234
4.8572
5.067533
5.164124
5.596694
5.9801
5.813335
5.813209
6.670008
6.671166
6.60473
6.993912
6.785574
6.756861
6.92259
6.105802
6.000089
6.395346
7.084942
7.166632
6.936867
7.263631
6.994708
6.992385
6.919568
7.150005
6.759125
7.295819
6.823922
6.510329
6.605943
6.395032
6.583883
6.526928
6.498012
6.725944
6.682725
6.806153
7.243067
7.141565
7.178065
7.578465
7.157571
6.271907
6.334527
6.008861
6.815252
6.562717
7.045657
6.965927
6.734356
7.60915
7.867906
8.129969
8.498423
8.77937
9.305472
9.257021
9.219881
9.111003
9.305439
9.422309
9.215413
9.462697
9.444103
9.627707
9.80201
10.08131
10.18715
9.521839
9.597363
9.312074
9.74675
9.695417
9.502251
9.316403
9.052922
9.080898
9.320696
9.238307
9.959937
10.12681
9.754021
9.911396
9.682587
9.572334
9.591799
9.328317
8.977996
8.95461
8.885244
9.102428
9.00889
9.20195
9.265323
8.771611
9.042261
8.344135
8.941629
8.536149
8.74495
8.589235
8.339814
8.183212
8.765382
8.279504
8.630205
8.673169
8.732367
9.015583
8.428731
8.686162
8.679633
9.058984
8.36449
8.419363
7.880191
7.746001
7.928063
8.020971
7.486196
7.750559
7.986133
8.042115
7.551694
7.392256
7.413522
6.726263
6.679081
6.567348
6.341253
6.038642
5.896259
5.857297
5.532239
5.371313
5.653107
5.389514
5.181893
5.416654
5.316369
5.245491
5.377304
4.853896
4.998745
4.790885
5.063973
5.177606
4.647519
4.718547
4.302863
4.136162
4.494936
4.018355
3.984111
3.870233
3.359572
3.329894
3.194853
3.141349
3.260203
2.981169
3.193829
3.650153
3.346106
3.751905
3.721774
3.922891
4.090333
4.381018
4.086839
3.831953
3.767197
3.930305
3.921828
3.774204
3.045164
2.861484
3.04573
3.163181
2.914591
2.587544
2.378391
2.679195
2.331728
1.862543
1.681984
1.271814
1.130649
1.337085
1.601574
1.517751
2.326208
2.933658
3.307832
3.343448
3.121171
2.844071
2.910153
2.457607
2.411775
2.537238
2.762482
2.165179
2.250494
2.053935
1.670904
1.276719
1.442034
1.23887
1.312929
1.015749
0.823903
1.081585
1.659181
1.509794
1.939848
1.595438
1.605466
1.758782
1.653664
1.653816
1.617905
2.321088
2.43286
2.612178
2.564476
2.378259
2.440365
3.089882
3.234308
3.002329
2.759716
2.443511
2.878195
3.043478
3.448303
3.461746
3.400603
3.151285
3.20285
3.10223
3.265814
2.998053
3.250694
3.312018
2.878528
2.871508
2.518748
2.195813
1.882683
1.685039
1.794654
2.060426
1.883893
2.15806
2.611344
2.699774
2.480681
2.980798
3.687699
3.317768
2.961793
2.832821
2.604421
2.186549
2.030805
1.466292
1.361542
0.7518395
0.2446761
0.1557816
0.136329
-0.3669893
-0.1210071
0.04954676
0.2661135
0.5613199
0.8914719
0.9537591
1.021944
1.027077
1.485519
1.158208
1.505257
0.929296
1.080753
1.365797
1.866596
1.399217
1.805497
1.622212
1.102071
0.6629349
0.5863759
0.883455
0.8310649
0.4752638
0.3252137
0.1744188
-0.3479962
-0.3567972
-0.9504254
-1.461764
-1.766972
-1.84218
-1.494391
-1.874209
-1.403977
-1.75895
-1.434187
-1.16972
-1.632987
-1.603457
-1.344887
-0.866683
-0.8842367
-0.8781297
-0.9866313
-0.9013942
-1.304794
-1.275383
-1.176931
-1.176187
-1.417283
-1.470493
-1.136992
-1.229327
-1.495964
-1.146753
-1.025192
-0.6458909
-0.6941243
-1.132581
-1.72088
-1.888907
-1.782709
-1.737503
-1.716645
-1.789422
-1.986392
-2.146509
-2.825584
-3.398071
-3.040577
-2.579251
-2.385781
-2.34278
-1.974111
-2.073608
-2.731396
-2.579071
-2.14514
-1.477646
-1.310179
-1.203658
-1.028328
-1.240006
-1.049283
-0.1375853
-0.3639905
-0.1514308
0.009158209
-0.1037884
0.01242345
0.08155494
-0.06927126
-0.3191631
-0.1375379
-0.07655086
-0.1528989
-0.09611317
0.1820189
0.2691359
0.4015843
0.3783302
1.193873
1.461942
1.893988
1.972845
2.207729
2.177587
2.280531
2.244887
2.098312
2.225376
2.232102
2.564429
2.709374
2.536017
2.546435
2.27233
2.499311
2.060957
2.088159
2.14385
2.686023
2.978
3.482929
3.375429
3.772056
4.296341
4.273079
4.515067
4.462459
3.962047
4.23751
3.828416
3.850445
3.717111
3.693838
3.276747
3.36368
3.523055
3.055021
2.950821
2.823758
2.57832
2.512724
2.55989
2.975628
3.371196
3.009785
2.826202
3.00974
3.082914
2.391639
2.828094
2.74598
2.831843
3.234942
2.94156
3.078844
3.101381
2.448576
2.415185
2.903257
3.241251
3.254776
3.329076
3.518844
3.879831
3.790033
4.674145
5.18894
5.475038
5.284829
5.123465
4.928924
5.274194
5.481929
5.770171
5.857077
5.658891
5.811556
6.372244
5.883457
6.176163
6.600549
6.638759
6.582545
6.494614
6.629509
6.895951
7.030279
6.932605
7.42083
7.403096
7.634606
7.965095
8.076422
8.23967
8.538087
8.698489
8.688474
8.243966
8.00228
8.061985
7.777374
7.701108
7.413382
7.440946
7.372001
6.822662
6.544187
6.178989
5.712734
6.083562
6.161361
5.348136
5.002548
4.849276
4.84407
4.99619
5.147279
5.286946
5.917869
5.879622
6.375872
6.925719
7.03902
6.810693
6.744687
7.062373
6.607818
6.490459
6.108162
5.936418
5.935553
5.61521
5.460466
4.469451
4.868098
4.578831
4.53125
4.717077
4.624662
4.296262
3.599858
3.991213
4.217252
3.707166
3.52647
3.874964
3.377527
3.473122
3.519996
3.23284
3.089231
2.902904
2.670875
3.048424
2.659256
2.259898
2.443411
2.66477
2.491979
2.488031
2.875699
3.097732
2.989512
3.191991
2.910924
3.076612
3.385158
3.153625
2.720672
2.070104
1.59642
1.262538
1.380239
0.8428941
0.7015318
0.7273756
0.8151811
0.8574692
0.8659677
1.081142
1.193124
0.8220458
0.6590633
0.8344858
0.6167108
0.9942961
1.029789
1.716509
1.503949
1.932151
1.986843
2.797216
3.233466
3.282789
3.902833
4.063834
3.69555
4.002851
4.054388
4.182411
3.890275
3.838998
3.886961
3.800069
3.586165
3.56126
3.506666
3.798812
3.620515
3.328406
3.581161
3.680901
3.798774
4.16992
3.611569
3.575386
3.555754
3.92619
4.246766
3.751523
4.302108
4.194717
3.992232
4.117987
4.392874
4.818634
4.70747
4.365212
4.498642
4.767232
4.724762
4.667477
4.702271
4.866026
5.099221
5.052665
4.942458
4.448837
4.98134
4.69594
4.681589
5.170973
4.593561
4.794818
4.313593
4.168043
3.844678
3.625692
3.893111
3.83542
3.72029
3.973801
4.620531
4.807854
5.319285
5.969292
6.350211
6.589714
6.646255
6.944405
6.702091
7.038245
6.468295
6.459461
6.482964
6.984778
7.1768
7.50305
7.387583
7.371359
7.409599
7.474016
7.466963
7.518388
7.251768
7.65386
7.882495
7.99032
7.626038
7.36107
7.550643
7.578269
7.838318
7.667515
7.57807
8.205553
8.390757
7.971024
7.860211
7.931043
7.585195
7.988237
7.984983
8.453679
8.66322
8.32713
7.928021
7.798358
7.727397
7.627513
7.18252
7.74154
7.64831
8.027273
8.531706
8.561894
8.398405
8.351007
7.871829
7.50493
7.80578
8.00732
8.316322
8.819612
9.103676
9.523766
8.726095
9.085108
9.756469
9.721451
10.09726
10.11581
10.12818
10.0506
9.807106
9.428445
8.895555
9.01734
8.690113
9.054789
8.82184
8.61866
8.99262
9.057105
9.244545
9.694403
9.503033
9.423001
9.6018
9.144878
8.842234
8.995751
9.385238
9.633988
9.999372
10.5885
10.71632
11.52485
11.44895
11.89037
11.5134
11.4909
12.34705
12.77195
12.89375
12.94472
12.88893
12.89352
13.15729
13.56709
13.73398
14.03362
13.97808
13.91098
13.31835
13.65088
13.43169
13.02581
12.6275
12.94699
12.82969
12.36673
11.73565
11.72868
11.75296
11.86256
11.97128
12.68395
13.66543
13.39848
13.58633
13.30378
13.66237
14.0358
13.96762
14.76094
14.61737
15.35454
15.6528
15.35008
15.73926
15.64021
15.93584
15.69698
15.86427
16.73373
16.76732
17.07729
17.52491
18.0116
18.13615
17.83656
17.40225
17.31535
17.21554
16.8335
16.56128
16.29159
16.13718
15.86318
15.82302
15.63439
14.89678
15.46506
14.8784
14.85322
15.0124
14.73538
14.39937
14.38184
14.16669
13.87623
13.73725
13.66808
13.61278
13.44296
14.04615
14.15906
13.7221
13.3421
13.49326
13.34221
12.66055
12.44763
12.19183
12.24249
12.72522
12.98715
12.70184
12.81012
12.71056
12.33757
12.25167
11.94607
12.0006
12.50198
12.31069
12.06821
12.11599
12.43397
12.53269
11.92851
11.83153
11.4753
10.63645
10.76765
11.06576
11.18081
11.01247
11.17352
11.31595
11.403
11.50964
11.37096
10.7222
10.96998
10.54436
10.51834
10.75184
11.03566
10.95038
10.3036
10.39884
10.60133
10.46398
10.41726
10.05135
9.49364
10.05387
10.303
10.49574
10.61483
10.64564
10.71102
10.60969
10.68164
10.7175
11.11995
11.66044
11.7393
11.57966
11.86756
11.84447
11.903
11.42796
11.46463
11.44159
12.04887
11.79633
11.44853
11.02517
11.6018
11.8691
11.53574
11.88536
11.88811
11.98945
12.0659
11.65018
11.74254
11.75752
11.74166
12.06374
11.20906
10.6594
10.5396
10.56866
10.44993
10.17366
10.27596
10.56449
10.30624
10.64929
11.14004
11.16704
10.64654
10.49172
10.0968
10.5076
10.4366
10.35213
10.26632
9.943218
10.1412
9.959667
9.910046
9.828156
9.443907
9.787652
9.951564
9.811096
10.20773
10.0547
10.16039
10.14759
10.47205
10.49324
10.89665
10.6689
10.74662
10.77004
10.8375
10.73363
11.16755
11.02374
10.94996
10.99467
10.92555
11.70794
11.6381
11.53829
11.66202
11.77473
11.07175
11.42592
11.16446
11.24553
10.60591
10.52903
10.81136
10.63153
10.76789
10.96845
10.92644
11.22333
11.05231
11.41768
10.58661
10.51965
10.24666
10.88586
10.37547
10.24758
11.09298
11.3503
11.36325
11.4168
11.77537
11.5668
11.35062
11.16978
10.99123
11.17002
10.59372
10.16943
10.42529
10.65626
10.33869
9.752781
10.00617
9.474456
8.954053
9.240461
9.167984
9.04484
8.552424
8.63145
8.405285
8.566953
8.528975
8.298342
8.483116
7.801518
7.993581
8.104564
7.932666
7.674115
7.691643
7.314166
7.686856
7.416771
6.872974
6.807143
6.543045
6.998213
6.781612
6.920097
7.249199
6.40869
6.727607
6.074675
6.415339
6.565327
7.214085
7.745206
8.062064
7.917702
8.134242
8.097529
8.555383
8.50679
8.363825
8.20035
8.190588
7.629763
7.967092
8.026989
7.413462
7.334483
7.395694
7.889705
7.94036
8.171622
7.627119
7.958123
8.159738
8.935947
9.171622
8.975589
8.687739
8.823818
9.224315
8.970649
8.834611
8.529257
8.388294
8.187963
8.358064
8.532502
8.685509
8.484743
8.273116
8.634209
8.433429
8.778036
8.91858
8.421044
8.209602
8.566578
8.743719
9.112913
8.950843
9.327658
9.273571
9.834985
10.07995
10.49363
10.57455
10.30339
10.6209
10.27809
10.51494
10.55995
10.29579
10.63278
11.04861
11.12659
11.19635
10.82658
11.93268
12.33322
13.04005
12.69726
12.54973
12.2846
12.36454
12.93729
13.00241
12.71477
12.1244
11.87036
11.62207
11.75349
11.86744
11.06421
10.60379
10.34137
9.789269
9.545159
9.479082
9.271229
9.280237
9.256562
8.794248
8.419607
8.334244
8.633027
8.299322
8.172755
8.421458
8.478638
8.730423
8.913854
8.813702
8.727575
8.617237
8.80069
8.79534
8.438926
8.436878
8.956734
9.144377
8.54938
9.211712
9.536726
9.05593
8.871422
8.716377
8.991541
9.119793
8.653485
8.372757
8.44135
8.78721
8.544993
8.626879
8.820763
9.060166
8.671798
9.10857
9.140742
9.30744
9.511601
9.817296
9.746468
9.766932
9.684611
9.941358
10.3804
10.40163
10.26294
10.65491
10.83
10.76452
10.77349
10.55419
10.11557
10.10745
9.851089
9.872149
10.13873
11.06126
11.63022
11.7087
11.92877
11.9171
11.90668
12.35622
12.25039
12.39738
12.11654
12.28581
12.26441
12.26765
12.10103
12.23371
12.3173
12.59028
12.73658
12.27371
11.97465
11.89595
11.93781
11.82516
11.72998
11.28683
11.64439
11.32884
11.63503
11.4471
11.67527
11.65812
11.73665
11.67733
12.12626
12.46959
12.26463
11.86378
11.57208
11.5858
11.4279
11.81599
12.03542
11.87798
11.67302
11.47653
11.66839
11.97925
12.32129
12.44826
12.60579
12.46756
12.25388
12.30961
12.6653
12.35933
12.45798
12.29533
11.67987
11.67861
11.57061
11.80202
11.55805
12.00053
11.35118
11.28715
12.10879
12.0423
12.14008
12.51836
12.99076
13.63481
13.23037
13.21725
13.36219
13.49867
13.70092
13.69803
13.46332
13.52246
13.49711
13.25626
13.038
12.93503
12.52606
11.93047
11.35991
11.95937
11.73084
11.60361
11.9005
12.30913
12.7471
12.45877
12.27247
12.0648
12.65936
12.48647
12.76993
12.72293
12.19134
12.55385
12.98127
13.35899
12.99292
12.44054
12.49006
12.52367
12.40448
12.9639
13.44409
13.6766
13.35269
13.34337
13.49642
13.25603
13.43848
13.01929
13.17732
13.24763
13.34289
13.14436
13.14848
13.36455
13.14717
13.0197
13.72758
13.71759
13.42253
13.34934
13.39682
13.97853
13.88287
13.67842
13.43129
13.4188
13.44436
13.39188
13.04949
13.56696
13.45836
13.16157
12.97603
12.85229
12.97371
13.12349
13.3333
13.91564
14.32589
13.93998
13.88012
14.03249
13.98553
14.3068
14.40392
14.87655
14.50995
14.76584
15.18952
15.43301
15.37716
15.00707
14.78624
14.73015
14.75392
14.20033
14.19266
14.04811
14.06784
13.89813
13.92698
13.96809
13.99478
13.2739
13.37312
13.2412
12.68609
12.77966
12.55079
12.41521
12.56605
12.80616
12.81944
12.2919
12.47587
12.60501
12.74991
12.73669
12.64724
11.9487
11.74626
11.87141
12.12465
12.26328
11.70282
11.54562
11.97504
11.26073
11.15498
11.07351
11.62104
11.59616
11.33505
11.77165
11.91926
12.07118
11.64147
12.00751
12.12852
12.01452
11.77783
11.91252
12.40645
12.05853
12.31021
12.15713
12.87679
12.8462
12.64911
12.96191
12.88873
12.62319
12.39589
12.43961
12.88816
13.00596
13.13329
13.14508
12.91274
12.57129
12.05073
12.12114
12.47596
13.0818
13.23608
13.28528
13.38732
13.65864
14.24042
14.18622
14.2737
14.15371
14.23583
14.22349
13.98129
13.78333
13.91559
13.3232
13.43591
13.7396
13.70318
13.60887
13.26884
12.82132
13.31537
13.66601
13.6812
13.21657
13.17395
12.70289
12.48343
12.59955
12.25818
12.09947
11.27449
11.13624
10.69522
10.95643
10.72263
11.09982
10.68037
10.9528
11.1082
10.6872
10.67548
10.77001
10.62328
10.56525
10.14048
10.34756
10.18899
9.945946
9.519389
9.411524
9.52733
9.321101
9.617046
9.717318
9.776108
10.0836
10.03001
10.17443
9.705418
9.789303
9.521413
9.235673
9.54153
9.795254
10.1118
9.711779
9.489194
9.325684
9.382779
8.944311
9.315879
9.116871
9.40055
9.106098
8.961181
9.094154
9.092877
8.939576
8.971213
8.839832
8.762551
8.838498
8.749286
8.528708
8.715136
8.559586
8.505731
8.735397
8.658763
8.292659
8.305314
8.597981
8.395948
8.767201
9.186308
9.353862
9.903438
10.21707
10.64247
10.99028
11.08533
11.70631
11.62085
11.36024
11.30035
11.50901
11.43469
11.46332
11.17587
11.21024
11.01511
11.01149
10.91433
10.94417
10.5639
10.39168
10.09303
10.10023
10.22064
9.782715
9.613796
9.621388
9.371008
9.149546
8.858268
8.455547
8.766061
8.234457
8.661336
8.173361
7.853198
8.115605
7.937939
7.465006
7.391367
7.084471
6.881499
6.681388
7.109623
7.359573
6.838156
7.130633
7.354307
7.150366
6.637733
7.073652
7.166826
7.049941
6.896907
6.798421
6.517793
5.959486
6.036444
5.669341
5.633411
5.207817
5.248049
5.290812
5.191562
5.231924
5.880935
6.087165
5.803612
5.142611
5.66399
5.47597
5.68901
5.992798
6.217489
5.924061
5.657545
5.714785
5.811665
5.420657
5.402118
5.265795
5.36507
5.944957
5.728375
5.728576
5.912966
5.624551
5.923232
5.603524
5.638363
5.744165
5.485814
4.850776
5.289957
4.981501
4.393129
4.544867
4.456614
4.582744
4.341456
4.649262
4.853424
4.747811
4.828693
4.963268
4.652936
4.439455
4.563093
3.996832
4.172736
4.551093
4.163322
4.313776
4.404818
4.285855
4.205189
4.415857
4.718145
4.953447
4.824025
4.767176
5.128606
4.941265
5.721019
5.60502
5.477919
5.640152
5.792737
5.410744
5.249188
5.364081
4.659999
4.848927
5.536416
5.029986
5.054317
5.583611
5.939834
6.091309
6.074301
6.279991
7.461382
7.367113
7.628914
7.571602
7.575945
7.160524
6.959481
6.782292
6.937095
7.03533
7.154773
6.970259
7.339756
7.165432
6.882809
6.848671
6.507565
6.697643
6.955867
6.7233
6.446021
6.143474
5.904389
5.841289
5.774894
5.625478
5.743554
5.84204
6.012849
5.788904
5.827248
6.324069
6.73184
6.331668
6.172151
6.417505
6.61356
6.998575
6.915086
6.931937
6.823187
7.355311
7.624434
7.068818
7.125304
6.961312
7.151445
6.686091
7.167687
7.158275
7.554045
7.38594
7.408844
7.409261
7.200476
7.291888
7.375896
7.543707
7.449708
7.357908
6.886682
6.857824
6.611375
7.121556
7.487442
7.688195
7.861242
8.249281
8.687005
8.956117
9.064467
9.165205
9.257844
9.664976
10.06546
10.3067
10.0913
9.729401
9.792851
10.55736
10.78746
10.93355
10.91258
11.28633
11.40628
11.79167
12.06228
12.25691
12.26473
12.0635
11.88284
11.85748
11.51728
11.93558
11.70413
12.08069
11.84615
11.73157
12.07296
12.22202
12.07638
11.01643
10.79565
10.79711
10.83767
10.80339
11.11246
11.09231
10.89604
10.10502
10.53872
9.806503
9.429869
10.1841
9.908807
9.479543
9.819677
9.851351
9.75037
9.681559
9.327272
8.897866
9.127509
9.064386
9.728159
9.892942
9.525624
9.219867
9.743259
9.847675
9.399727
9.287433
9.542013
9.626133
9.650922
9.302065
9.65894
9.522568
9.093156
9.172852
9.505086
9.619092
9.697445
9.544011
9.684381
9.877042
10.09367
9.958743
9.721111
9.502672
9.694561
9.479739
9.587289
9.116538
9.085262
8.423703
8.48204
8.703778
9.0871
9.315919
9.520925
9.872383
9.320967
9.514126
9.285689
8.99103
8.750886
8.166806
7.948513
7.563316
7.50229
7.462501
7.02813
6.827622
6.990011
7.042497
6.75584
6.400788
6.342857
6.380104
6.430783
6.672752
6.538092
6.021765
5.884876
5.42254
5.701298
5.495324
5.579516
5.427137
5.437094
4.787327
4.949627
4.607238
4.74678
4.585946
3.966252
4.025461
3.953615
3.840169
4.508043
4.249643
3.634793
3.279133
3.801567
3.482154
3.517822
3.635894
3.091138
2.99871
2.841342
2.431587
2.30879
1.857919
1.840002
1.992151
1.932599
2.136609
2.23177
2.196789
2.596945
2.433606
2.221259
2.496188
2.694367
2.759796
3.032043
2.695094
3.085502
2.992592
3.304377
3.675292
3.495168
3.719233
3.554755
3.953481
3.596862
3.481176
3.719373
3.59791
2.920291
3.068705
3.444115
3.672163
3.435086
3.231273
2.793296
2.83488
2.249507
1.777881
1.760392
1.762742
1.045474
0.7326133
0.9437767
1.148606
0.3391667
0.08762906
-0.04224632
0.1226565
0.1516072
0.06314835
0.3585486
0.5827432
0.6545073
0.85396
0.8818205
0.4504568
-0.1291178
-0.5810925
-1.015599
-1.165422
-1.328806
-1.422196
-1.463115
-1.992274
-2.254772
-2.519001
-2.381713
-2.398016
-2.531142
-3.188506
-3.260894
-3.123667
-2.988629
-2.612554
-2.210974
-2.015471
-2.141928
-2.007719
-1.584338
-1.213496
-0.9567547
-1.157145
-1.042885
-1.560021
-1.304501
-1.211748
-1.003203
-0.4840919
-0.955669
-0.6290735
-0.2382222
-0.3390505
-0.3755193
-0.470674
-0.393561
-0.8767775
-0.6778951
-0.1180033
0.2881034
-0.3118243
-0.3207951
-0.02710538
-0.09744398
0.3616783
0.1008504
0.2135709
0.4497172
0.720129
1.056323
1.839124
1.900478
2.163607
2.462871
1.855991
1.588291
1.603625
1.331065
1.247099
1.308718
1.091235
1.370139
1.412671
1.411154
1.186519
0.8721411
0.9265431
0.9317615
0.6624728
0.8513285
0.888021
0.8167633
0.7799936
1.169986
1.587841
1.258192
1.830605
2.461964
2.645599
2.72398
2.783713
2.613901
2.754755
2.497955
2.716197
2.969812
3.444037
3.525874
4.099598
4.375837
4.322953
4.515559
4.371359
4.253951
4.427389
4.317049
4.492014
4.603008
3.917953
4.090472
3.49495
3.037384
2.764587
2.196568
2.038124
1.93877
2.298226
2.315248
2.086862
1.904511
2.300527
1.6088
1.66502
1.63147
1.519653
1.783955
1.663215
2.141506
2.110967
1.994698
2.276046
1.917094
2.219082
2.939395
2.72113
2.825229
2.601238
2.802897
2.687766
2.727333
2.964463
3.028516
3.02457
2.68145
2.191167
2.024649
1.644615
1.661599
1.057157
0.6247255
0.5964932
0.4607065
0.6232906
0.6511279
1.173854
1.396782
1.187234
1.040789
1.039874
1.0344
1.13641
1.013546
1.525837
1.868426
1.639684
2.023355
1.661254
1.738238
2.016141
1.670376
1.584196
1.512422
1.708288
2.178209
2.304894
2.57072
2.603251
2.760525
2.699038
3.444039
3.933834
4.093933
4.544886
4.615916
5.523331
5.314664
5.304594
5.406935
5.456923
5.451067
5.623074
5.608151
5.333313
5.770523
5.876377
5.803801
5.851573
5.599139
5.975203
5.654107
5.583339
6.095201
6.003778
5.824528
6.080762
5.767497
5.590421
6.090554
6.290721
6.357469
7.089416
7.260862
7.310299
7.357059
7.56291
8.096615
8.430185
9.059655
8.800436
8.941057
9.28094
9.398588
9.963295
10.01213
10.00358
9.399701
9.450577
9.693828
10.33549
10.53586
10.8999
10.71087
11.31077
11.31048
11.85736
11.5556
11.89192
11.91806
11.59003
12.07858
11.57567
11.57584
11.31734
11.22531
11.1103
11.06381
11.02506
10.32035
10.22374
9.977114
10.08609
9.876318
10.24763
10.56629
10.21799
10.78323
10.8008
10.88544
10.97269
11.22447
11.16642
10.91369
11.21863
11.56393
11.75743
11.56685
11.43456
11.64435
11.65817
11.10996
11.30743
11.46934
11.52878
11.06375
11.24108
11.3634
11.54563
12.13629
11.44644
10.81704
10.52901
10.86987
10.00308
10.15889
10.38242
10.40425
10.05939
9.971837
10.09723
9.885568
9.887655
9.594701
9.516327
9.527615
9.479426
9.685242
9.422735
9.007364
9.187077
9.186588
9.240344
9.471251
9.225238
9.261054
9.434576
10.28958
10.22796
9.668445
9.969218
9.771415
9.355848
9.330493
8.896169
8.608166
9.02352
9.040734
8.548262
8.237432
7.619003
7.435132
7.332199
6.685123
6.595656
6.566059
6.375676
6.161465
6.195125
6.733461
7.166157
7.185534
7.140387
6.978105
6.983884
7.500821
6.988586
6.922943
6.247511
6.230712
6.868768
7.149802
7.220421
6.828915
6.998001
7.412847
8.00236
7.991813
7.984272
8.440789
8.485481
8.192715
8.401049
8.428345
8.201155
8.198455
7.871928
7.593001
8.102554
7.821261
7.071274
7.321686
7.445706
6.638054
6.466646
6.584629
6.431523
5.998979
6.025966
5.097473
4.986874
5.066333
4.97971
5.172352
5.615719
5.1427
5.298759
5.121137
4.934037
4.499444
4.74193
4.48459
4.178504
4.088073
4.439364
4.486983
4.883676
4.851382
4.748228
4.333647
4.641595
4.440622
4.12664
3.930927
4.193398
3.887913
4.075592
3.978368
3.592025
3.659377
3.27262
3.456362
3.536977
3.253581
2.94914
3.458733
3.741188
3.577069
3.338179
2.94879
3.345402
3.315482
3.673296
3.855454
4.221973
4.731145
5.185018
5.333601
5.466805
5.649332
5.946807
5.592129
5.5474
5.443962
5.338325
5.896183
5.479599
5.846536
5.610492
5.219318
5.219368
5.645631
5.140565
5.837926
5.80663
5.982213
6.039171
5.80663
5.852924
5.570146
5.057849
4.755721
4.694724
4.107569
4.203266
4.342066
5.030944
4.337221
4.502117
4.675976
4.213378
4.106382
3.91495
3.532502
4.210475
4.139519
4.395611
4.401042
4.451243
4.222197
5.086801
5.427986
5.411611
5.207501
4.938861
4.725341
4.799361
5.050506
5.091929
5.690789
5.335093
4.839425
5.170518
4.975939
5.136157
5.183418
5.181165
5.791678
5.899744
5.52262
6.114717
6.475503
6.613226
6.737844
7.023729
6.49447
5.772467
5.609714
5.260855
5.197325
5.229115
5.183262
5.043196
5.154357
5.680295
5.1797
4.969929
4.648589
4.204317
4.473045
3.758336
3.701315
3.825569
3.526171
4.064701
4.621424
4.58929
4.997706
5.29893
5.117726
5.616134
6.203576
6.640369
6.764049
6.93506
6.671814
6.714163
7.041048
7.403845
7.359944
7.434191
6.806604
7.032741
6.843746
6.803564
6.713935
7.102729
6.635171
6.41676
6.766805
6.441744
6.311082
6.568076
6.389478
6.830875
6.756211
6.882963
6.138525
5.810439
6.254297
6.378234
6.567284
6.352158
6.194451
6.015537
6.187529
6.602037
6.335067
6.499913
6.806782
7.119896
6.834568
7.177866
7.445023
7.50857
7.598951
8.117589
8.604371
8.848301
9.29011
9.345142
9.657446
10.12802
10.00014
9.984506
9.462678
9.088722
9.075221
9.268241
9.833251
10.31125
10.36973
10.84276
10.24549
9.763813
10.1776
10.32478
10.22128
9.630919
9.749581
9.518057
9.46096
9.683571
9.753464
9.755776
10.03445
9.79865
9.860783
9.820828
9.953761
10.37806
10.31576
10.72244
10.96417
11.5794
11.29032
11.70189
11.48952
11.17648
11.08544
11.18598
11.15448
11.64029
11.62727
11.36332
11.31117
12.34096
11.55976
11.32621
11.57881
11.17115
10.98246
11.58961
11.68017
11.7972
11.55552
11.60893
11.43431
11.79412
11.53053
11.47035
11.4776
11.89996
11.94537
12.01144
12.31046
12.28338
12.5829
12.82495
12.65937
12.568
13.11704
12.29943
12.67593
13.04801
13.30217
13.3423
13.65952
13.89599
14.15667
13.78127
13.61908
13.3839
13.95539
14.28944
13.76924
13.63513
13.39965
14.28251
13.81909
14.19017
14.45224
14.86822
14.72171
14.54329
14.56132
14.37885
14.35163
14.76127
14.19306
13.42995
13.5371
13.72556
13.37575
13.28715
13.21254
13.20306
13.26214
13.01649
13.48605
13.73295
14.01367
14.18602
14.10047
14.03648
13.27499
13.26683
13.73449
13.33886
13.6989
13.46786
13.29057
13.3651
13.40629
13.8562
14.47729
13.99566
13.43771
13.35634
13.30754
13.32396
13.25615
13.62067
13.7203
13.93901
14.14226
14.45051
14.89897
14.53975
14.70187
14.79981
14.92378
14.73994
14.98226
14.88183
14.72084
15.15452
15.44405
15.18488
15.08924
15.25757
15.64831
15.2108
15.22756
15.24819
15.11676
15.41531
16.03141
16.12847
15.76214
15.85868
15.8684
16.15231
16.56849
16.59862
17.06768
17.08138
17.33105
16.94545
17.36005
17.5119
17.36876
17.29029
17.83667
17.40045
17.83986
18.13092
18.32249
18.17586
18.05748
18.2034
18.35686
18.19206
18.54351
18.33512
18.61165
18.55466
18.14186
17.76458
17.56178
17.18307
17.24746
17.16867
17.68451
17.96039
17.96668
17.64231
17.58424
17.42856
17.20244
17.42252
17.45634
17.42771
17.39967
17.6987
17.89256
17.46817
17.41206
17.19447
16.52927
16.50517
16.54109
16.28634
15.82002
16.25118
16.19441
16.10155
16.59147
17.04337
17.16475
17.48719
17.61293
17.6111
17.93225
18.16446
18.66348
18.7734
18.7681
18.37747
18.12765
18.4133
18.01005
17.49712
17.54347
17.12663
16.82508
17.01696
17.0507
16.93856
16.72061
16.76736
17.04243
16.70121
16.83812
16.9036
17.54789
18.12423
17.72313
17.60908
17.43802
17.46526
16.90086
16.74805
17.2236
17.17027
17.09142
16.80076
16.78732
16.7102
16.64253
16.9746
16.8456
16.98569
17.44383
18.00988
17.99121
17.8462
17.58333
17.49734
17.9299
17.80766
17.47051
17.34111
17.17382
17.33911
17.10166
17.01959
16.78844
16.51695
16.95192
17.25244
17.7371
18.22626
18.16057
17.51775
17.73137
17.31337
16.80264
16.37895
16.86524
16.43839
16.47103
16.47285
16.5175
16.67156
16.72913
16.82454
17.25704
17.69719
16.67205
17.02439
16.94641
17.27575
17.58101
17.58702
17.85825
18.0308
18.01085
18.30498
18.45089
18.10995
17.92224
17.83577
17.92746
18.37345
18.35144
18.39867
18.2693
18.48142
18.17471
18.20179
18.07535
18.71261
18.93592
18.98513
18.7312
19.02671
18.82921
18.4781
18.13464
17.83021
17.75382
17.14591
17.25944
17.0916
16.85601
16.95492
16.97312
16.8629
16.80389
16.59706
16.32225
16.59744
16.47547
16.1595
15.6407
15.68495
15.80625
15.25243
15.33306
15.09049
14.93004
14.63104
14.67305
14.6487
14.39468
14.45578
14.47363
14.17808
14.32753
14.56637
14.251
14.39471
14.59338
14.48955
14.56195
14.53344
14.82385
14.99175
14.9802
15.09875
15.10664
15.21313
15.18509
15.16419
15.32933
15.82468
16.52616
16.99097
16.86494
16.34183
15.85811
15.86556
15.91819
15.86718
15.68642
15.61004
16.23673
15.60545
15.72701
15.49563
15.64935
16.38341
16.51978
17.21885
17.25335
16.8372
17.09738
17.54114
17.67706
17.98241
17.90854
17.84352
17.71254
17.0199
16.83835
16.89032
17.31478
17.40665
17.53519
16.92799
17.26699
17.4613
17.40842
17.76283
17.75554
18.17711
17.70572
17.90232
17.82963
17.89277
18.19352
18.52766
18.85844
18.93323
18.69248
18.41375
18.37265
18.56553
18.78064
18.537
18.85658
19.24252
19.2058
19.08568
19.45626
18.97516
18.44446
18.35875
18.81447
18.96193
19.30093
19.25178
19.04856
19.64716
20.10667
19.61442
18.96802
18.80358
19.05159
19.59139
19.42191
19.33523
19.60952
19.72216
19.87808
19.6164
19.94538
20.3041
20.01287
19.77435
20.12536
20.11912
20.30217
20.38175
20.70186
20.09797
19.88116
19.64896
19.62698
20.16356
20.22741
19.83368
18.89435
18.78874
19.15215
19.29057
19.41222
19.07346
19.405
19.43542
19.10767
18.6367
18.23945
18.32926
18.25619
17.95457
18.20771
18.09501
17.74937
17.74807
16.99468
17.24708
17.14479
16.69237
16.59998
16.31541
16.10395
15.82122
15.61109
15.61278
15.71651
15.63102
15.00077
15.08785
14.92061
15.01284
14.95274
14.16913
14.0293
13.69279
13.58325
14.01731
14.40965
14.54891
14.38424
14.00745
13.85801
14.11783
13.96006
13.57716
13.74413
14.0497
13.74969
13.09256
12.93412
12.3492
12.53997
12.78582
13.20148
13.54666
12.93683
13.79355
13.67381
13.34809
12.24118
12.24425
12.38941
12.23343
12.53377
12.45282
12.09059
11.51873
11.7083
11.17671
10.69724
10.57021
10.60485
10.74138
10.73509
10.77899
10.76192
10.96752
11.04832
10.60284
10.66186
10.67737
11.01748
10.96414
10.81994
11.48403
11.60601
11.75889
12.25096
12.31901
11.5898
11.52303
11.40945
11.56728
11.53618
11.452
11.43725
11.55792
11.04483
11.49346
11.68903
12.08586
12.17816
12.08049
12.19723
12.16433
12.73518
13.02208
13.67004
13.70351
13.74455
13.95632
13.96531
14.0276
14.52255
14.78249
14.16141
14.14994
14.80505
15.25848
15.06333
15.55972
15.74455
15.6248
16.41567
16.2991
16.06523
15.68274
16.30707
15.97744
16.36325
16.41236
16.41657
16.87468
16.68521
16.76282
17.21487
17.38789
17.71508
17.51455
17.27026
16.92363
16.99661
17.30751
17.2246
17.15554
16.91192
16.53078
16.41488
16.76984
16.80117
16.97851
16.67644
16.9903
16.87124
17.20618
16.9797
17.34348
17.33449
17.02604
16.69274
16.83042
16.81783
17.08879
17.01092
17.13175
16.7011
16.99942
17.21958
16.65412
17.13383
17.28217
17.12175
17.07305
17.39745
17.34623
17.47395
17.78846
17.26938
18.16077
17.99975
18.36389
18.45276
18.58151
18.7414
18.32444
18.27903
18.45578
18.33292
18.2858
17.85675
18.16364
18.71733
18.30166
17.43081
17.49549
17.60198
17.82302
18.0256
18.1268
18.27727
18.09722
18.06809
17.75694
17.77317
17.93874
17.66323
17.49963
17.36651
17.0024
16.85605
16.65456
16.71761
16.33875
15.60868
15.92823
15.53525
15.77959
15.70307
16.04012
15.86714
16.24085
16.30872
16.38363
16.81372
17.31511
17.0577
16.6579
16.66596
17.01521
16.96118
17.11775
17.35661
17.24781
17.38679
17.45273
17.65535
17.36043
16.7613
16.72033
16.78933
16.75068
16.8451
16.79739
16.15352
16.06715
16.30524
16.57504
16.2267
16.85655
16.68793
17.1955
17.44244
17.754
17.21011
17.73929
17.98878
17.19233
16.87118
16.63597
16.40778
15.46863
15.3958
15.2224
15.58162
15.69035
15.93743
16.01929
16.22571
16.73388
16.47625
16.35554
16.99881
17.00758
17.08917
17.29755
17.01907
16.64526
16.28253
16.38997
15.90752
15.71574
15.19622
15.02857
14.73026
15.18321
15.06146
15.51872
15.64542
15.51812
15.69915
15.89819
16.47325
16.67492
17.1
17.31347
17.14728
17.8988
17.81185
18.04789
17.63396
17.6046
17.86149
17.64717
18.31549
18.11754
17.37759
17.72932
17.6549
17.99537
18.19685
18.75948
19.18794
18.96037
19.35096
19.64866
19.46086
19.90095
19.91962
20.33782
20.68119
21.09161
21.73225
21.61652
22.34067
22.20487
22.14953
22.22379
21.64716
21.98373
21.99148
22.33675
22.35661
22.53208
22.19172
22.75689
23.18567
23.50786
23.62306
23.79453
24.72868
25.04606
24.93955
25.34667
25.3094
25.36351
25.14949
25.12195
24.7668
24.55881
24.98099
24.95311
24.87848
24.395
24.72037
24.75227
24.70032
24.78452
25.00732
24.7518
25.11667
25.13714
25.02406
24.48195
25.12134
25.80304
25.98591
26.39431
26.06431
25.74423
25.89988
26.62334
26.81007
26.77903
26.7111
26.25726
26.50272
27.16928
27.51693
27.67012
27.90948
28.24049
28.24339
28.28277
28.4124
28.50416
28.68206
28.36895
28.13943
28.31999
27.85411
27.27124
27.15539
27.04227
27.0334
27.3954
28.07948
27.76576
27.77133
28.21189
28.00156
27.99743
27.88376
27.68191
27.56349
26.67111
26.6606
26.9655
27.25183
27.18294
27.39061
27.69354
27.95427
28.15818
28.00532
28.02266
27.96439
27.91589
27.95669
28.03981
28.19022
28.06378
27.45415
27.62819
27.92793
27.94681
28.25854
28.56478
28.59281
28.61025
28.87899
28.68336
28.17476
27.81759
27.71727
27.5281
27.41552
27.7138
27.51229
27.24818
27.1126
27.2542
27.18063
27.29956
26.83312
26.54685
26.95887
26.93179
27.43765
27.52237
27.69446
27.84747
28.53212
28.55173
28.53611
28.45236
28.09383
28.36788
28.10988
27.55976
26.74681
27.06753
27.13055
26.6613
26.45328
26.79492
26.9996
27.27826
26.92795
27.27582
27.12207
27.40489
28.0415
28.5543
28.81774
29.17517
29.35646
28.99145
29.59135
29.62323
29.13649
28.99262
29.62608
29.87051
29.92749
30.45488
30.79672
31.49785
31.36033
31.42995
31.30182
31.36396
31.33103
31.03448
31.52964
31.6345
31.75864
31.5052
31.28673
32.02235
31.42174
31.45447
31.96623
32.16441
31.67695
31.67442
31.60218
31.22848
31.13093
31.06292
30.74451
30.53243
30.28029
30.87601
31.53356
31.23428
31.38111
31.51401
31.23829
31.87097
31.94026
32.40028
32.56888
32.70706
32.26691
31.57537
31.26407
30.79818
30.95897
31.0206
31.04372
30.83246
30.54387
30.73889
30.62623
30.58043
30.74547
30.55494
30.70193
30.47677
30.2797
30.43751
30.79048
31.03961
30.44928
30.26377
30.29973
30.1637
30.6287
30.77698
29.97681
29.71672
29.98408
30.0965
30.02093
30.03721
29.76903
29.7657
29.56468
29.67514
29.34923
29.41571
29.20615
29.14119
29.14431
29.05452
29.37248
28.97528
28.8741
28.18077
27.83087
27.63705
27.91737
27.46732
27.19162
26.92904
26.95747
26.68854
26.97492
26.92489
27.15491
27.32783
27.55874
27.262
27.23132
27.14731
26.5656
26.31812
26.53033
26.51926
26.51228
27.03379
26.93293
26.88154
27.80717
27.76953
27.5942
27.79934
28.15042
27.80082
27.7741
27.81455
27.98384
28.68897
28.32789
28.36095
28.33023
28.55147
28.45875
27.81535
28.29082
28.31157
28.1427
28.5789
28.16779
28.59205
28.12201
28.19294
28.70143
28.52478
28.97285
29.01906
28.66031
28.97037
28.63894
28.68396
28.3272
28.36087
28.45223
28.93516
29.10647
28.52553
28.36485
28.05302
27.7769
27.81904
27.83932
27.70089
27.49966
27.82334
28.19964
28.20858
28.69654
28.83278
28.71793
28.44696
28.6364
28.97232
28.98376
29.20624
28.70637
29.36934
29.63674
29.13665
28.96433
28.71853
28.65148
28.49879
28.23766
28.33056
28.48619
28.74124
29.2737
29.63635
29.83024
29.39596
29.46443
29.96678
29.9485
29.87927
30.02328
30.67212
30.73084
30.90584
30.95857
30.78513
30.79503
31.42028
31.04871
31.31941
30.69811
30.99061
31.06744
31.26614
31.43458
31.18463
31.45441
31.90935
31.65581
32.07769
31.59237
31.84833
32.47212
32.3451
32.64292
32.50393
32.85844
32.85499
33.29422
33.60167
33.50191
33.15859
33.42467
33.62137
33.25982
33.05795
33.04859
33.51104
33.69317
33.6993
33.56494
33.15331
32.80531
32.86391
33.22806
33.12743
33.14294
33.58226
34.14699
33.74593
33.75685
34.33468
34.21993
34.19082
34.39069
34.54973
33.93959
33.45102
33.08199
33.1137
32.83035
32.99243
32.71442
32.70355
32.71524
32.62148
32.29449
33.06708
33.01564
32.858
32.968
32.44431
32.51349
33.00067
33.21299
33.73528
33.69144
33.5034
32.94171
32.7002
32.67395
33.13058
33.45572
33.5417
33.57084
33.82941
33.94555
33.96208
33.52288
34.05315
34.54398
34.71803
34.4016
34.24143
34.60657
34.76543
34.87363
34.56148
34.45692
34.64386
34.54949
34.47534
34.10455
34.85754
34.31554
34.14005
34.30879
34.077
33.70036
34.39324
34.75749
34.83403
34.41336
34.54193
34.29928
34.63155
34.36212
34.43356
34.29909
34.1319
34.39531
34.36326
34.47841
34.66828
34.88677
34.39343
34.78622
35.11921
35.07773
34.79733
34.58919
34.41889
34.42077
33.75903
34.13236
33.55545
34.0228
33.69898
33.52406
33.62249
33.78453
33.63074
33.7476
34.05056
34.68814
34.62419
34.55876
34.42392
34.87997
34.86698
35.11153
35.14671
35.26177
35.12569
35.09878
35.49809
35.68734
35.72387
35.84295
35.94729
35.75324
35.82144
35.65609
35.68483
35.51618
35.17604
34.95052
35.19446
35.02767
34.8525
35.07296
35.0738
35.03091
34.66173
34.76266
34.95868
35.22941
35.38384
35.33511
35.32964
35.72215
35.4133
35.81509
36.02604
35.93107
36.25555
36.44183
37.10119
37.2947
37.09493
37.19727
36.47421
36.6653
36.62988
36.24408
35.9638
35.85111
35.37273
35.70942
35.40172
35.74771
35.62602
35.71634
35.88631
35.96129
35.75936
35.70595
35.99888
36.15485
36.09245
36.06471
36.58802
36.956
37.78935
37.78134
37.50156
37.7398
37.69567
37.81523
37.84444
37.59679
37.70281
37.33412
36.64723
36.86285
36.87173
36.77381
36.70949
36.49204
36.32271
36.84961
36.78931
36.64361
37.16583
36.83732
36.54078
36.63361
36.26213
36.80039
36.86147
36.65702
36.85278
37.11738
37.23507
37.4973
37.40138
37.07913
37.52896
37.12085
36.84498
36.48441
37.27523
37.16349
37.2218
37.84867
37.86627
37.43541
37.38245
36.81375
37.10338
36.94438
37.04667
37.29695
37.41819
37.66321
37.65321
37.11172
36.86006
36.9658
36.36803
36.01522
35.72738
36.4152
36.79153
36.68079
37.10462
36.54185
36.7717
36.53794
35.83114
35.42377
35.55677
35.4266
35.16022
35.26233
34.9005
34.6044
34.83713
34.76159
34.79117
35.09401
35.19135
35.43258
35.68354
35.77393
36.21435
36.19523
35.90708
36.19514
36.70344
36.56129
36.61751
36.85837
37.59929
37.65571
37.24614
37.29653
36.96117
36.52415
36.5193
36.28888
35.60958
35.44793
35.17707
35.04588
35.02652
34.50248
34.63371
35.38876
35.77689
35.2761
34.45276
34.8976
34.84872
34.28956
34.69887
35.32581
34.97774
35.28744
35.32931
35.44983
35.60941
35.47149
35.6386
35.06391
35.07085
35.31917
35.12311
35.30434
35.27141
35.39381
35.28147
35.16954
35.77254
35.88372
35.60222
36.20447
36.22732
36.40154
36.45172
36.51861
36.27781
37.06716
36.98978
36.47549
36.85695
37.58422
37.84637
38.12691
38.12162
38.26515
37.94025
38.27384
38.10746
37.51053
37.05193
36.98568
36.16142
35.48634
35.55534
35.45279
35.68361
35.79663
36.43507
36.78772
36.64355
36.04554
36.28016
36.48255
36.44748
36.25924
36.57329
36.00601
35.94496
35.7732
35.44191
35.06328
35.02362
35.27476
35.37832
35.04981
34.96799
34.97826
35.56358
36.06578
36.01773
36.00321
35.74863
36.06243
36.28362
36.34848
36.62667
37.06492
37.52224
37.5312
37.81023
37.65685
38.19086
38.73468
38.92362
38.5534
38.68865
38.13241
37.97357
37.74367
37.88258
37.38841
37.95048
37.17568
36.95775
36.28992
35.71491
35.6922
36.10473
36.16713
35.77738
36.26626
36.14897
36.2872
36.48122
36.45463
36.89772
36.64182
36.61771
36.66621
36.70207
36.64275
36.67317
36.97659
36.73133
37.10773
37.07251
37.39828
37.48579
37.42475
37.75075
37.49301
37.88394
38.05361
38.2604
38.42629
38.78435
38.83375
39.09071
39.33665
39.69275
39.72269
39.58372
39.76347
39.618
39.82865
39.83018
39.85281
39.7799
40.13558
39.93001
40.2398
40.29248
40.27892
40.10689
39.69222
40.01278
40.27308
40.43275
40.1633
40.54454
40.12375
40.17688
39.92886
39.71276
40.13218
40.51177
40.29235
40.35948
40.53622
40.66429
40.18544
40.09747
40.45586
40.19971
40.47799
39.92791
39.65488
39.41777
39.88443
39.57509
39.62274
39.80594
39.91693
39.74622
40.37418
40.27514
40.24659
40.39988
40.008
39.94868
39.64748
39.3143
39.19254
39.7798
39.30253
38.78154
38.84925
38.45919
38.12117
38.13533
38.05292
37.91569
38.75851
38.34617
38.8104
38.704
38.49629
38.43343
38.19268
38.14611
37.92857
38.25761
38.30362
38.34436
38.44997
38.94264
39.0017
39.32477
39.30706
39.3987
39.54027
39.51051
39.25647
39.1582
39.37983
39.88332
39.48867
39.59867
39.75121
39.59313
40.14889
39.80965
39.46548
39.45737
39.56926
39.59126
39.73207
39.78199
39.28656
38.83488
38.95901
39.12915
39.12617
39.00665
38.9054
38.7708
38.48328
38.63687
38.61495
38.64785
38.54814
38.45724
38.96045
38.91606
38.67127
38.92136
38.80169
38.80819
38.93314
39.50827
38.92454
38.67091
38.45255
38.29261
38.00405
38.27534
38.85826
38.58371
38.64851
38.94591
38.73813
38.66564
38.53762
38.296
38.29372
38.47807
38.29072
37.9814
37.64736
37.09011
37.25597
37.12692
37.38513
37.23457
37.27156
37.05388
37.2921
37.31601
37.35591
37.70973
38.02304
37.67301
37.54908
37.65971
37.6365
37.77235
38.14117
37.95377
38.84477
38.93784
38.73945
39.15485
39.45337
39.83168
40.10062
40.79936
41.26977
40.88752
40.88072
40.98259
41.05347
40.78601
40.38139
40.98723
40.46415
40.58679
40.25973
40.10219
39.46528
38.99717
39.02165
38.65556
38.43954
38.02852
38.20405
38.30551
37.83213
37.54079
37.35485
37.43421
36.4902
36.30745
36.09776
36.09504
35.90893
36.00223
35.82551
36.12792
36.28595
36.6909
36.65844
36.91907
36.88698
36.69001
37.10186
36.97244
36.60348
37.07207
37.35701
37.46499
37.43702
37.82515
37.52721
36.76619
37.03538
37.0486
36.63241
36.7119
36.89467
37.28906
37.39117
37.54619
37.23391
37.69526
37.05543
36.96223
37.31665
37.27787
36.85218
37.17406
37.03316
37.07255
37.08282
36.8658
36.9298
37.37053
36.5679
36.62784
36.96318
36.43281
36.47453
36.30748
35.87229
35.81066
35.55279
35.45266
34.88882
35.50378
35.31913
35.7328
35.77629
35.8284
35.76957
36.35673
36.26506
36.21258
35.84094
34.9761
34.67544
34.6677
34.2695
34.83323
34.29808
34.78659
34.81929
34.64285
34.54748
35.21527
34.88684
35.38324
35.57286
35.50663
35.94709
36.03147
35.89435
35.90354
35.8775
35.3767
35.51138
35.66694
35.91432
36.19353
36.12482
36.79501
37.09225
36.97241
37.34371
37.62997
37.3947
36.88991
36.79473
37.13769
36.90314
36.72624
36.72214
36.59913
36.50793
36.89483
37.293
36.98414
36.96436
36.74678
36.31833
36.24072
36.39364
36.20367
35.7735
35.36759
35.22386
35.2673
35.32693
35.06593
35.27776
35.94021
35.60856
35.30899
35.34625
34.99106
35.30618
34.53484
34.08843
33.51339
33.73173
33.50748
32.97525
33.07194
32.61542
32.2405
32.09777
31.98876
31.282
32.1222
31.77622
32.25128
32.5495
32.17237
31.76373
32.4568
32.24925
32.19492
31.9948
31.54645
31.88857
31.71175
31.69698
32.00324
31.91696
31.68257
31.31546
31.46323
31.31854
31.26319
31.76109
31.88073
32.0213
31.91473
31.67269
31.82571
32.04317
31.85772
31.51111
31.306
31.39133
31.45521
31.3335
31.27596
31.74108
31.75373
32.22014
32.29704
32.22608
31.9796
32.22156
32.33853
32.37053
32.61294
32.14919
32.75459
32.51269
31.8532
31.89864
31.45697
31.02188
30.73972
31.34958
31.28599
31.56274
31.71375
31.58555
31.26507
30.79551
30.75408
30.91584
31.21937
31.93242
31.82903
32.13811
32.02008
32.5506
32.34289
32.74682
32.4422
32.09081
31.81477
31.82169
31.57048
32.03425
31.44198
31.32591
31.01109
30.84864
30.42482
30.79475
30.60144
30.34608
30.50215
30.18749
30.20273
30.39639
30.51139
30.43138
30.43487
30.53975
30.7533
30.95117
31.18964
31.10786
30.90849
31.10417
31.15482
31.65183
31.74068
32.09392
31.82515
31.18972
31.11516
30.84884
30.07692
30.11053
30.15704
30.03154
30.19995
30.67182
31.14424
30.58533
30.78878
31.29648
31.00823
30.96174
31.05308
31.08562
30.89618
31.20537
31.1417
30.84649
30.61614
30.74995
30.71202
31.04981
31.07862
30.4307
30.09772
30.1986
30.74742
30.50558
30.61996
31.19448
31.16641
31.47041
31.49118
31.73944
31.27589
31.12329
31.22636
31.36608
31.29371
30.71268
30.20406
29.87715
30.12215
30.53986
30.40245
30.08308
30.39615
30.42484
30.46527
30.34198
29.78969
29.89942
29.70041
29.46458
29.7165
29.699
29.87254
30.20897
30.17494
30.27094
30.05335
29.78674
30.29583
29.71728
29.49773
29.70975
29.29786
29.78319
29.71429
29.38104
29.71866
30.11425
30.04121
30.12268
29.83928
29.60753
29.29491
29.40984
29.8264
30.08786
29.26083
29.23448
29.25418
28.7465
29.1596
29.61548
30.25994
30.9771
30.91856
31.20256
31.33024
31.3398
30.74875
30.44797
30.83245
31.08273
