8.1236e-07
7.435515e-07
8.101064e-07
8.081245e-07
7.917091e-07
7.48726e-07
7.937456e-07
7.697859e-07
7.957289e-07
7.931417e-07
9.00262e-07
9.082495e-07
9.240205e-07
9.3979e-07
8.717462e-07
9.738463e-07
9.753337e-07
1.031378e-06
1.102276e-06
1.161487e-06
1.10901e-06
1.136896e-06
1.093465e-06
1.056516e-06
1.150022e-06
1.143648e-06
1.207797e-06
1.119761e-06
1.217359e-06
1.17826e-06
1.175161e-06
1.122697e-06
1.149375e-06
1.155793e-06
1.094389e-06
1.129061e-06
1.179333e-06
1.116075e-06
1.143629e-06
1.18658e-06
1.172253e-06
1.139375e-06
1.047137e-06
1.038954e-06
1.104289e-06
1.143995e-06
1.148365e-06
1.283459e-06
1.205161e-06
1.098188e-06
1.105761e-06
1.169081e-06
1.041463e-06
9.920317e-07
1.012126e-06
1.064151e-06
1.140656e-06
1.17747e-06
1.236105e-06
1.225878e-06
1.335449e-06
1.276185e-06
1.345215e-06
1.286969e-06
1.362081e-06
1.415103e-06
1.342779e-06
1.211959e-06
1.140632e-06
1.158468e-06
1.26232e-06
1.197266e-06
1.225729e-06
1.080114e-06
1.15841e-06
1.083731e-06
1.006758e-06
1.068087e-06
1.048599e-06
1.140943e-06
1.123075e-06
1.146596e-06
1.234019e-06
1.404187e-06
1.427808e-06
1.459552e-06
1.595509e-06
1.524741e-06
1.540001e-06
1.466547e-06
1.335048e-06
1.33064e-06
1.182156e-06
1.14687e-06
1.196189e-06
1.292711e-06
1.339929e-06
1.32212e-06
1.351563e-06
1.315027e-06
1.412875e-06
1.366276e-06
1.469881e-06
1.410494e-06
1.36568e-06
1.30031e-06
1.218946e-06
1.139652e-06
1.070154e-06
1.032577e-06
1.036621e-06
1.007644e-06
1.015912e-06
1.02591e-06
1.037052e-06
8.904614e-07
9.06086e-07
8.719628e-07
9.705658e-07
1.066371e-06
1.02181e-06
9.857736e-07
9.848236e-07
1.023566e-06
1.013846e-06
1.01801e-06
9.937097e-07
9.793258e-07
1.011315e-06
1.092016e-06
1.136402e-06
1.139929e-06
1.091812e-06
1.088037e-06
1.012434e-06
9.793523e-07
9.598862e-07
1.021325e-06
1.005316e-06
1.028199e-06
1.025186e-06
1.073536e-06
1.072111e-06
1.08352e-06
1.00837e-06
9.833101e-07
1.018801e-06
9.639016e-07
1.001475e-06
8.924853e-07
8.789194e-07
9.260249e-07
9.66627e-07
1.016496e-06
1.117355e-06
1.149348e-06
1.145948e-06
1.116782e-06
1.070554e-06
1.154328e-06
1.234902e-06
1.164283e-06
1.19877e-06
1.215318e-06
1.31435e-06
1.379931e-06
1.364069e-06
1.294197e-06
1.192603e-06
1.162068e-06
1.173388e-06
1.13584e-06
1.123345e-06
1.159618e-06
1.08706e-06
9.890404e-07
9.534045e-07
9.174896e-07
9.287971e-07
8.721764e-07
9.12966e-07
9.286801e-07
8.971017e-07
8.949025e-07
1.032737e-06
8.904916e-07
9.66199e-07
1.028096e-06
1.052661e-06
1.050926e-06
1.089347e-06
1.101486e-06
1.026982e-06
1.060867e-06
1.034927e-06
9.926455e-07
9.325869e-07
8.847093e-07
8.372502e-07
9.182677e-07
9.886691e-07
1.012706e-06
1.040733e-06
1.060629e-06
1.017138e-06
9.489371e-07
9.752451e-07
9.54091e-07
9.401055e-07
1.000352e-06
1.038353e-06
1.045238e-06
9.783879e-07
9.462139e-07
8.885677e-07
9.513725e-07
8.945382e-07
8.785951e-07
9.146241e-07
9.520878e-07
9.841942e-07
9.231092e-07
9.685186e-07
9.61186e-07
9.055666e-07
8.945836e-07
1.02767e-06
1.055441e-06
9.881665e-07
9.791989e-07
9.635553e-07
9.595995e-07
8.865081e-07
9.223457e-07
1.109717e-06
1.054153e-06
1.108099e-06
1.100686e-06
1.196634e-06
1.168484e-06
1.211794e-06
1.223192e-06
1.209598e-06
1.086255e-06
1.116186e-06
1.119189e-06
1.064728e-06
9.894613e-07
1.06468e-06
1.061784e-06
1.063748e-06
1.08952e-06
1.12098e-06
1.051801e-06
1.073579e-06
1.092144e-06
1.055691e-06
1.046526e-06
1.079625e-06
1.076519e-06
1.044506e-06
9.777387e-07
9.609416e-07
9.500675e-07
9.478468e-07
9.188857e-07
9.37825e-07
9.770008e-07
1.124946e-06
1.031068e-06
9.671178e-07
9.469292e-07
9.342134e-07
8.960538e-07
8.248543e-07
8.547122e-07
8.444118e-07
8.597449e-07
9.234929e-07
8.110976e-07
7.547665e-07
7.744485e-07
6.854314e-07
6.531819e-07
6.259636e-07
6.691354e-07
6.221493e-07
6.27121e-07
6.394187e-07
6.956189e-07
7.540664e-07
7.639984e-07
7.385223e-07
6.994654e-07
6.697108e-07
7.663569e-07
7.762972e-07
7.894661e-07
7.213063e-07
7.01786e-07
7.282833e-07
7.894916e-07
7.914671e-07
7.795223e-07
8.77573e-07
9.414512e-07
9.835049e-07
9.636617e-07
1.026648e-06
9.793908e-07
9.490014e-07
9.252872e-07
9.880335e-07
9.879993e-07
1.013491e-06
1.018375e-06
1.048693e-06
1.089616e-06
1.115725e-06
1.120576e-06
1.098807e-06
1.108338e-06
1.018821e-06
1.047769e-06
1.096984e-06
1.205062e-06
1.314552e-06
1.215551e-06
1.227556e-06
1.367666e-06
1.370131e-06
1.255597e-06
1.122612e-06
1.008312e-06
1.134589e-06
1.082983e-06
1.022045e-06
9.675169e-07
9.482999e-07
9.662719e-07
9.979453e-07
1.016396e-06
9.840882e-07
1.014807e-06
9.07718e-07
8.843769e-07
7.939067e-07
7.157902e-07
7.345739e-07
7.276154e-07
6.985728e-07
6.93474e-07
6.410328e-07
6.709897e-07
6.916069e-07
7.244436e-07
7.399525e-07
6.752828e-07
6.878995e-07
6.958924e-07
6.754428e-07
6.068069e-07
5.913743e-07
5.783869e-07
5.900233e-07
5.8659e-07
5.561711e-07
5.388728e-07
5.464904e-07
5.750572e-07
6.23207e-07
5.959475e-07
5.94774e-07
5.915416e-07
5.863288e-07
5.779568e-07
5.696064e-07
6.306666e-07
6.780168e-07
6.814391e-07
7.041717e-07
7.10024e-07
7.371476e-07
6.752444e-07
6.675717e-07
6.059151e-07
6.057512e-07
5.268412e-07
5.705258e-07
5.648259e-07
5.849467e-07
6.498925e-07
6.494368e-07
6.564078e-07
6.423953e-07
6.654652e-07
6.272599e-07
5.479502e-07
5.839681e-07
5.836011e-07
5.529875e-07
5.57237e-07
6.115409e-07
5.629889e-07
5.877923e-07
6.256723e-07
6.233707e-07
5.473016e-07
5.524176e-07
5.480228e-07
5.177921e-07
5.294571e-07
5.194024e-07
5.949454e-07
5.688273e-07
6.291696e-07
6.431058e-07
6.469764e-07
6.891699e-07
6.945639e-07
6.639136e-07
6.639183e-07
6.706119e-07
6.961305e-07
6.331907e-07
6.1534e-07
6.452206e-07
6.707065e-07
6.474155e-07
6.427831e-07
6.378229e-07
6.551888e-07
6.314161e-07
6.115832e-07
6.199286e-07
6.347202e-07
6.607069e-07
6.641413e-07
7.099347e-07
7.250146e-07
6.812936e-07
6.723179e-07
6.233882e-07
6.287705e-07
6.706559e-07
7.273948e-07
7.458637e-07
7.79912e-07
7.982723e-07
8.408713e-07
9.044e-07
8.979376e-07
8.703067e-07
8.551171e-07
8.658315e-07
8.24692e-07
8.865244e-07
9.271732e-07
9.178032e-07
9.324525e-07
9.967777e-07
9.605619e-07
9.734484e-07
1.119817e-06
1.108433e-06
1.201206e-06
1.092786e-06
1.037333e-06
1.00245e-06
1.003569e-06
9.163822e-07
9.900492e-07
1.040797e-06
1.021282e-06
1.123352e-06
1.137904e-06
1.022401e-06
1.030251e-06
1.034679e-06
1.032568e-06
9.925078e-07
1.000412e-06
1.014945e-06
1.006663e-06
1.057826e-06
1.23185e-06
1.139203e-06
1.1086e-06
1.033553e-06
1.013873e-06
1.12772e-06
1.144291e-06
1.112794e-06
1.119622e-06
1.160391e-06
1.076807e-06
1.008582e-06
9.965291e-07
9.968426e-07
1.00533e-06
1.039135e-06
9.810502e-07
9.412311e-07
8.789068e-07
9.032063e-07
9.507215e-07
1.003395e-06
9.949574e-07
9.443378e-07
1.003585e-06
1.169444e-06
1.197435e-06
1.111698e-06
1.140109e-06
1.160956e-06
1.141378e-06
1.152389e-06
1.160014e-06
1.054576e-06
1.075788e-06
9.796131e-07
9.358535e-07
8.9108e-07
8.835286e-07
9.220963e-07
9.097166e-07
9.743716e-07
9.830852e-07
1.018003e-06
1.008693e-06
1.069136e-06
1.108636e-06
1.120543e-06
1.06792e-06
1.069719e-06
1.046716e-06
1.082563e-06
1.080485e-06
1.09561e-06
1.115573e-06
1.168317e-06
1.286101e-06
1.287729e-06
1.226614e-06
1.213068e-06
1.254431e-06
1.194122e-06
1.238211e-06
1.25473e-06
1.202629e-06
1.233301e-06
1.096958e-06
1.099659e-06
1.09518e-06
1.064802e-06
1.039981e-06
1.005798e-06
1.086123e-06
1.11383e-06
1.178214e-06
1.144592e-06
1.135801e-06
1.131443e-06
1.164779e-06
1.173741e-06
1.101076e-06
1.208279e-06
1.11263e-06
1.104616e-06
1.110412e-06
1.107894e-06
1.026726e-06
1.008198e-06
9.914708e-07
1.012982e-06
1.025851e-06
1.102734e-06
1.136149e-06
1.130915e-06
1.094663e-06
1.118991e-06
1.165261e-06
1.206119e-06
1.078394e-06
1.140459e-06
1.143322e-06
1.128324e-06
1.156871e-06
1.120507e-06
1.113318e-06
1.091897e-06
1.131606e-06
1.135272e-06
1.133235e-06
1.181974e-06
1.142629e-06
1.082295e-06
1.028582e-06
1.064834e-06
9.569079e-07
9.613369e-07
9.904468e-07
1.119469e-06
1.090531e-06
1.126894e-06
1.15652e-06
1.089198e-06
1.075327e-06
9.998427e-07
9.9796e-07
9.800077e-07
8.721976e-07
9.461465e-07
9.015574e-07
9.176473e-07
9.409262e-07
9.980372e-07
1.066682e-06
9.851916e-07
9.328497e-07
9.246511e-07
9.511898e-07
9.901107e-07
1.057741e-06
1.09971e-06
1.007508e-06
9.479051e-07
9.322254e-07
1.043002e-06
1.028583e-06
1.091846e-06
1.093685e-06
1.129951e-06
1.113673e-06
1.150468e-06
1.170381e-06
1.284262e-06
1.321797e-06
1.359667e-06
1.247738e-06
1.122209e-06
1.119027e-06
1.027008e-06
1.155587e-06
1.166837e-06
1.162827e-06
1.113901e-06
1.237423e-06
1.226392e-06
1.198774e-06
1.240691e-06
1.327781e-06
1.352721e-06
1.370097e-06
1.348765e-06
1.297319e-06
1.271243e-06
1.389361e-06
1.478346e-06
1.418729e-06
1.352617e-06
1.287202e-06
1.221966e-06
1.294378e-06
1.247386e-06
1.210423e-06
1.267273e-06
1.23134e-06
1.098312e-06
1.078323e-06
1.113395e-06
1.20053e-06
1.301869e-06
1.283181e-06
1.182223e-06
1.260586e-06
1.193062e-06
1.236167e-06
1.319822e-06
1.278268e-06
1.239216e-06
1.234935e-06
1.191525e-06
1.223991e-06
1.270084e-06
1.264466e-06
1.184618e-06
1.107148e-06
1.063957e-06
1.058958e-06
1.054915e-06
1.070879e-06
1.113542e-06
1.157738e-06
1.167417e-06
1.108485e-06
9.923056e-07
9.785522e-07
9.698387e-07
9.193855e-07
9.156485e-07
9.101612e-07
9.152825e-07
8.813139e-07
9.191805e-07
8.939825e-07
9.048101e-07
9.072487e-07
7.967245e-07
7.428643e-07
7.005721e-07
7.772769e-07
7.266246e-07
7.370165e-07
7.006804e-07
6.805031e-07
7.483562e-07
7.294969e-07
6.954324e-07
7.196821e-07
7.768872e-07
8.306979e-07
7.649739e-07
7.374944e-07
7.038583e-07
6.140297e-07
5.934854e-07
5.466343e-07
5.125855e-07
4.699096e-07
5.087828e-07
5.04926e-07
5.194277e-07
5.497374e-07
5.957422e-07
6.348582e-07
6.359632e-07
6.751259e-07
6.685711e-07
7.224497e-07
7.344406e-07
6.655304e-07
6.660892e-07
6.426652e-07
6.499826e-07
6.685686e-07
6.652721e-07
6.792604e-07
6.876441e-07
7.266082e-07
6.164896e-07
6.030052e-07
5.817752e-07
5.668238e-07
5.550625e-07
6.119465e-07
6.813113e-07
6.865931e-07
6.873565e-07
6.783428e-07
6.818733e-07
6.421959e-07
6.225295e-07
6.310374e-07
5.997847e-07
5.887905e-07
5.289989e-07
5.101441e-07
4.64683e-07
4.682059e-07
4.215408e-07
4.348363e-07
4.56755e-07
4.286639e-07
4.045928e-07
4.035544e-07
4.051614e-07
4.232613e-07
4.487874e-07
4.79525e-07
4.887613e-07
5.042476e-07
5.204029e-07
5.08305e-07
5.360014e-07
5.673779e-07
6.168667e-07
5.939231e-07
6.612434e-07
6.882181e-07
6.560333e-07
5.961305e-07
5.912278e-07
6.56828e-07
6.584885e-07
6.933491e-07
7.014769e-07
7.33426e-07
7.024554e-07
7.45366e-07
7.458545e-07
7.890565e-07
7.726573e-07
8.237634e-07
8.560931e-07
8.992385e-07
9.585663e-07
9.272591e-07
8.420586e-07
7.592888e-07
7.626799e-07
6.712391e-07
6.685463e-07
6.611745e-07
7.305532e-07
7.571748e-07
7.689022e-07
7.617107e-07
7.094557e-07
7.018085e-07
7.236263e-07
7.369746e-07
7.720462e-07
6.930048e-07
7.312889e-07
7.575337e-07
8.24052e-07
8.985955e-07
9.691936e-07
9.260686e-07
9.29391e-07
8.966468e-07
9.308202e-07
9.354423e-07
9.248927e-07
9.639509e-07
9.704042e-07
9.095753e-07
8.951125e-07
8.507222e-07
8.248165e-07
7.932791e-07
7.87004e-07
7.579412e-07
8.144913e-07
8.116241e-07
8.185896e-07
8.693166e-07
9.592707e-07
9.229587e-07
8.81122e-07
8.623486e-07
8.866193e-07
9.903321e-07
1.06485e-06
1.102304e-06
1.036132e-06
1.104185e-06
1.25561e-06
1.206365e-06
1.148004e-06
1.101906e-06
1.191369e-06
1.109058e-06
1.180433e-06
1.166303e-06
1.149478e-06
1.11392e-06
1.124397e-06
1.174764e-06
1.14836e-06
1.096711e-06
9.716191e-07
9.937749e-07
8.789191e-07
8.385947e-07
7.849306e-07
7.557826e-07
7.589839e-07
7.931071e-07
8.049123e-07
7.959845e-07
8.11031e-07
8.083612e-07
9.408174e-07
8.09639e-07
8.196124e-07
8.389717e-07
7.864117e-07
7.622731e-07
7.673507e-07
8.267406e-07
8.668144e-07
9.115682e-07
9.448847e-07
8.814296e-07
8.283071e-07
7.698357e-07
7.129314e-07
6.712739e-07
6.651632e-07
6.274305e-07
5.859309e-07
5.930116e-07
5.845934e-07
5.743273e-07
6.27969e-07
5.936332e-07
5.612612e-07
5.86196e-07
6.307989e-07
6.314232e-07
6.200866e-07
6.393743e-07
6.36205e-07
6.472899e-07
5.990876e-07
6.531193e-07
6.853872e-07
6.56676e-07
6.859386e-07
6.528831e-07
6.448247e-07
6.153663e-07
6.434433e-07
6.506504e-07
6.410695e-07
5.937463e-07
6.487413e-07
6.568804e-07
6.270496e-07
5.861325e-07
5.75105e-07
5.934769e-07
5.805551e-07
5.767601e-07
5.638678e-07
5.440113e-07
5.653622e-07
5.851225e-07
5.171347e-07
5.332074e-07
5.181383e-07
5.088401e-07
4.954908e-07
4.941716e-07
5.110522e-07
5.067631e-07
4.911495e-07
4.70455e-07
5.444944e-07
5.489285e-07
5.40742e-07
6.06494e-07
6.142188e-07
5.574081e-07
5.78478e-07
6.063682e-07
5.708543e-07
5.983266e-07
5.935515e-07
5.78356e-07
6.071188e-07
6.010187e-07
6.29555e-07
6.423434e-07
7.108671e-07
6.512987e-07
6.611233e-07
6.638318e-07
6.740056e-07
6.731834e-07
6.439541e-07
6.438825e-07
5.874877e-07
6.165417e-07
6.665604e-07
6.723989e-07
6.394698e-07
6.052586e-07
6.255981e-07
6.497093e-07
6.439588e-07
6.643516e-07
6.886374e-07
6.580313e-07
7.089595e-07
7.083858e-07
7.452099e-07
7.237946e-07
7.19046e-07
6.643815e-07
6.42157e-07
5.969611e-07
5.656149e-07
5.440146e-07
5.845945e-07
5.991679e-07
6.413645e-07
6.743102e-07
6.079754e-07
6.455097e-07
6.318332e-07
6.071951e-07
6.556763e-07
7.104338e-07
7.170887e-07
7.068275e-07
7.702763e-07
7.615295e-07
8.172122e-07
8.191834e-07
8.154283e-07
7.494222e-07
7.016682e-07
6.944434e-07
6.718478e-07
6.91728e-07
7.483694e-07
7.205422e-07
7.663515e-07
8.193787e-07
7.620001e-07
7.872676e-07
8.050218e-07
7.744918e-07
8.068322e-07
7.714324e-07
7.480093e-07
7.5485e-07
7.288016e-07
7.530464e-07
7.548384e-07
7.681012e-07
7.438202e-07
7.493848e-07
7.548786e-07
7.828889e-07
8.421368e-07
8.457251e-07
7.671207e-07
7.591903e-07
7.020298e-07
6.887459e-07
6.813104e-07
7.107599e-07
7.288472e-07
7.017546e-07
7.412522e-07
6.860386e-07
7.81258e-07
7.29432e-07
7.28754e-07
7.196007e-07
7.418199e-07
6.389216e-07
5.892097e-07
6.220292e-07
6.540922e-07
6.822826e-07
7.176181e-07
7.069647e-07
7.322408e-07
7.194243e-07
7.072152e-07
7.176155e-07
8.134764e-07
8.331835e-07
8.0187e-07
8.271584e-07
7.868232e-07
8.088969e-07
7.778507e-07
7.277341e-07
6.737437e-07
7.056354e-07
6.726472e-07
6.585505e-07
7.265932e-07
6.747894e-07
6.537667e-07
5.752167e-07
6.04171e-07
5.799428e-07
5.343565e-07
5.804403e-07
6.068861e-07
6.327543e-07
6.029505e-07
5.755175e-07
5.612884e-07
5.706447e-07
5.614422e-07
5.279859e-07
5.19683e-07
4.760799e-07
4.286641e-07
4.298925e-07
4.439535e-07
4.532784e-07
4.53859e-07
4.508941e-07
4.71587e-07
5.243108e-07
5.142407e-07
4.687841e-07
4.677927e-07
4.491467e-07
4.823753e-07
4.560703e-07
4.354976e-07
4.860751e-07
4.864444e-07
4.877283e-07
4.720368e-07
4.69592e-07
4.738609e-07
4.419798e-07
4.71928e-07
4.778409e-07
4.876761e-07
4.901127e-07
4.622734e-07
4.303488e-07
4.12885e-07
4.181287e-07
4.228232e-07
4.255816e-07
4.393543e-07
4.281747e-07
4.63256e-07
4.670961e-07
4.435854e-07
4.52867e-07
4.767138e-07
4.404291e-07
4.165573e-07
4.303488e-07
4.528134e-07
4.702413e-07
4.800114e-07
5.344445e-07
5.592802e-07
5.811214e-07
6.024529e-07
6.263583e-07
6.569617e-07
6.87893e-07
7.251284e-07
7.343492e-07
7.080374e-07
6.616889e-07
6.205393e-07
5.805653e-07
5.722011e-07
5.623235e-07
5.608149e-07
6.105001e-07
6.318072e-07
6.177077e-07
7.060482e-07
7.279311e-07
7.233228e-07
6.96036e-07
6.946198e-07
6.977546e-07
7.288673e-07
8.010583e-07
8.318127e-07
8.511418e-07
8.767322e-07
8.619235e-07
7.881697e-07
7.662409e-07
7.120811e-07
6.982729e-07
7.034586e-07
7.145146e-07
7.501023e-07
7.412161e-07
7.155228e-07
7.20819e-07
7.07262e-07
7.794172e-07
8.166409e-07
9.14873e-07
1.001982e-06
1.113563e-06
1.148988e-06
1.254802e-06
1.191984e-06
1.276131e-06
1.326818e-06
1.320832e-06
1.356943e-06
1.337878e-06
1.445097e-06
1.356152e-06
1.414092e-06
1.465716e-06
1.515732e-06
1.423472e-06
1.393845e-06
1.430028e-06
1.403141e-06
1.360231e-06
1.251014e-06
1.219944e-06
1.169474e-06
1.251154e-06
1.202473e-06
1.270711e-06
1.275389e-06
1.240808e-06
1.247753e-06
1.091439e-06
1.004756e-06
1.004597e-06
1.027456e-06
9.476303e-07
9.28116e-07
9.316934e-07
8.117892e-07
8.504822e-07
8.302645e-07
8.66257e-07
8.789104e-07
8.712488e-07
8.271803e-07
8.173762e-07
7.727401e-07
7.677562e-07
7.195921e-07
6.904611e-07
6.709048e-07
6.893527e-07
6.623391e-07
6.698672e-07
6.25098e-07
6.431022e-07
5.972659e-07
5.810202e-07
5.6619e-07
5.12228e-07
5.354093e-07
5.163557e-07
4.897936e-07
4.444089e-07
4.192601e-07
3.910162e-07
4.136119e-07
3.918908e-07
4.259994e-07
4.17795e-07
4.489364e-07
4.66683e-07
4.742216e-07
4.487038e-07
4.647964e-07
5.019492e-07
5.177521e-07
4.947244e-07
4.482344e-07
4.631907e-07
4.927639e-07
5.364243e-07
5.595957e-07
5.84357e-07
5.797237e-07
5.433522e-07
5.477086e-07
5.491868e-07
5.658738e-07
5.518339e-07
5.578185e-07
5.686559e-07
5.808125e-07
5.969268e-07
6.6614e-07
6.635171e-07
6.758157e-07
6.751318e-07
7.429905e-07
7.567142e-07
7.906735e-07
8.032195e-07
8.079907e-07
7.261195e-07
6.395817e-07
6.580195e-07
6.753096e-07
6.688341e-07
6.40778e-07
6.166428e-07
6.003095e-07
6.280969e-07
5.968028e-07
5.665195e-07
5.585908e-07
5.422648e-07
5.164377e-07
4.929365e-07
5.165564e-07
4.998591e-07
4.925293e-07
5.062851e-07
5.111924e-07
5.539743e-07
5.197916e-07
5.324007e-07
5.517667e-07
5.882684e-07
5.993306e-07
6.351966e-07
6.530644e-07
6.794668e-07
7.286131e-07
7.413643e-07
7.543671e-07
7.514238e-07
7.591036e-07
7.932944e-07
8.362981e-07
8.701237e-07
8.369646e-07
8.27268e-07
7.651455e-07
8.1969e-07
8.16834e-07
8.663607e-07
8.7831e-07
8.718049e-07
7.778061e-07
7.814554e-07
7.454702e-07
7.228991e-07
7.529291e-07
7.438633e-07
7.321211e-07
7.140732e-07
7.387589e-07
7.347005e-07
7.009391e-07
6.980048e-07
7.442425e-07
8.094568e-07
8.170802e-07
8.043294e-07
8.464641e-07
8.7117e-07
8.750467e-07
8.490868e-07
8.177323e-07
8.552101e-07
8.399617e-07
8.851092e-07
8.830716e-07
8.964786e-07
8.681677e-07
7.857811e-07
8.809747e-07
9.121935e-07
9.282093e-07
8.796052e-07
8.084088e-07
7.984058e-07
7.639254e-07
7.622506e-07
8.389989e-07
8.991506e-07
8.978395e-07
8.62714e-07
8.983649e-07
8.693869e-07
8.262861e-07
8.331296e-07
8.863267e-07
9.511391e-07
9.717831e-07
9.783032e-07
1.055296e-06
1.041766e-06
1.017118e-06
1.031793e-06
1.006389e-06
1.081773e-06
1.009423e-06
9.701653e-07
9.631788e-07
9.649118e-07
9.534811e-07
9.873684e-07
1.071536e-06
9.91941e-07
9.898624e-07
1.028242e-06
1.004829e-06
1.089647e-06
1.183745e-06
1.11335e-06
1.134058e-06
1.143438e-06
1.096395e-06
1.106434e-06
1.197128e-06
1.185414e-06
1.1143e-06
1.196326e-06
1.157565e-06
1.14845e-06
1.151898e-06
1.181122e-06
1.165948e-06
1.172941e-06
1.203312e-06
1.023667e-06
1.149358e-06
1.142844e-06
1.035278e-06
1.022801e-06
1.055252e-06
1.070625e-06
1.160976e-06
1.042615e-06
1.085658e-06
1.013378e-06
9.824978e-07
9.833933e-07
9.765595e-07
9.801033e-07
9.861936e-07
1.023808e-06
1.051063e-06
1.004202e-06
1.049537e-06
1.019195e-06
1.048074e-06
1.070778e-06
1.09838e-06
9.874098e-07
1.009975e-06
1.053254e-06
1.125425e-06
1.141573e-06
1.113543e-06
1.24551e-06
1.246579e-06
1.100556e-06
1.137119e-06
1.149122e-06
1.082879e-06
1.060303e-06
1.208252e-06
1.27142e-06
1.292267e-06
1.382037e-06
1.212088e-06
1.331192e-06
1.288053e-06
1.301517e-06
1.213889e-06
1.203416e-06
1.232827e-06
1.317609e-06
1.410375e-06
1.453693e-06
1.392199e-06
1.394e-06
1.448191e-06
1.410791e-06
1.309539e-06
1.244876e-06
1.184085e-06
1.038436e-06
1.053095e-06
1.062886e-06
1.030429e-06
1.076627e-06
1.055981e-06
1.093857e-06
1.198247e-06
1.315805e-06
1.378096e-06
1.374875e-06
1.437416e-06
1.478092e-06
1.385171e-06
1.271038e-06
1.247018e-06
1.166235e-06
1.090012e-06
1.049721e-06
1.119087e-06
1.039644e-06
1.007174e-06
1.100956e-06
1.062812e-06
1.06774e-06
1.136466e-06
1.197414e-06
1.230332e-06
1.364433e-06
1.415363e-06
1.415456e-06
1.404555e-06
1.333099e-06
1.36459e-06
1.30871e-06
1.197342e-06
1.280623e-06
1.238132e-06
1.228339e-06
1.177661e-06
1.200842e-06
1.172909e-06
1.085541e-06
1.090018e-06
1.05032e-06
1.054042e-06
1.119117e-06
1.165948e-06
1.168789e-06
1.21675e-06
1.244838e-06
1.186914e-06
1.30403e-06
1.172839e-06
1.274662e-06
1.347485e-06
1.323601e-06
1.472928e-06
1.441323e-06
1.323848e-06
1.250685e-06
1.195544e-06
1.073053e-06
1.053851e-06
1.037792e-06
1.009058e-06
1.082903e-06
1.009141e-06
9.659068e-07
9.645157e-07
1.058674e-06
1.051744e-06
1.11377e-06
1.1107e-06
1.015507e-06
9.919317e-07
9.513579e-07
8.930989e-07
9.651749e-07
1.054497e-06
1.029783e-06
1.063929e-06
1.05963e-06
1.108483e-06
1.164896e-06
1.16618e-06
1.130045e-06
1.16184e-06
1.205655e-06
1.229376e-06
1.133877e-06
9.710311e-07
9.394125e-07
9.942311e-07
9.822396e-07
9.390883e-07
9.435277e-07
1.032524e-06
9.505425e-07
8.330015e-07
7.875691e-07
7.709019e-07
7.592261e-07
8.235548e-07
7.688022e-07
8.21386e-07
8.937516e-07
8.945886e-07
9.116384e-07
9.337161e-07
9.283855e-07
1.032481e-06
1.076358e-06
1.162007e-06
1.111355e-06
1.045692e-06
1.056439e-06
1.022242e-06
9.218709e-07
9.253563e-07
9.613621e-07
1.054644e-06
1.02143e-06
1.005489e-06
1.036296e-06
1.075583e-06
9.838676e-07
8.689745e-07
8.313441e-07
8.202817e-07
8.317819e-07
8.499819e-07
8.162869e-07
8.129315e-07
8.067649e-07
8.211654e-07
8.950512e-07
9.292333e-07
9.247698e-07
9.732493e-07
8.841973e-07
8.154681e-07
7.947506e-07
8.31217e-07
7.754158e-07
7.041521e-07
6.931793e-07
6.515963e-07
6.409814e-07
5.982327e-07
6.113648e-07
6.155515e-07
6.474581e-07
6.606477e-07
6.689587e-07
6.582347e-07
6.63094e-07
6.327461e-07
6.107932e-07
6.190447e-07
5.969382e-07
5.974989e-07
6.373934e-07
6.201584e-07
5.624247e-07
6.277094e-07
5.983683e-07
5.948208e-07
5.771851e-07
6.171376e-07
6.0158e-07
6.812193e-07
7.27611e-07
7.812476e-07
7.912667e-07
7.510686e-07
7.588761e-07
7.483868e-07
7.886294e-07
8.115082e-07
8.04874e-07
8.081046e-07
8.401498e-07
7.87376e-07
7.604165e-07
8.131631e-07
7.826673e-07
7.42428e-07
7.00904e-07
7.001377e-07
6.390858e-07
7.112085e-07
6.973112e-07
7.060185e-07
6.708353e-07
6.502374e-07
6.861451e-07
6.934245e-07
6.838102e-07
7.555649e-07
7.655041e-07
7.343856e-07
7.573647e-07
7.492028e-07
7.363719e-07
7.59392e-07
7.801547e-07
8.233477e-07
7.413425e-07
7.40284e-07
7.075638e-07
7.079492e-07
6.682631e-07
6.508934e-07
7.094796e-07
7.174894e-07
7.129869e-07
7.144402e-07
7.068922e-07
6.683415e-07
6.510816e-07
5.942519e-07
5.77293e-07
5.896509e-07
5.787649e-07
5.815362e-07
5.780492e-07
6.070111e-07
6.206139e-07
6.533371e-07
6.957274e-07
7.168963e-07
8.108236e-07
7.947577e-07
7.714981e-07
7.510845e-07
7.489062e-07
6.735442e-07
6.629124e-07
6.307621e-07
6.553809e-07
7.150673e-07
7.388778e-07
7.187903e-07
8.086494e-07
8.033933e-07
8.224037e-07
8.14155e-07
8.160168e-07
8.182416e-07
7.538119e-07
7.568002e-07
7.709488e-07
7.667414e-07
6.786325e-07
6.514816e-07
6.547344e-07
6.438632e-07
6.758741e-07
6.820651e-07
6.840919e-07
7.176444e-07
7.727397e-07
7.612573e-07
7.377116e-07
8.262464e-07
8.676895e-07
8.829984e-07
9.638524e-07
1.009527e-06
1.006314e-06
1.043895e-06
1.048717e-06
1.077176e-06
9.619544e-07
1.004543e-06
9.95063e-07
9.64524e-07
8.865933e-07
9.057452e-07
9.155112e-07
8.388948e-07
8.636887e-07
8.67021e-07
9.343201e-07
8.736792e-07
8.657404e-07
9.0379e-07
9.507085e-07
9.162785e-07
9.032213e-07
8.945332e-07
8.302579e-07
8.124079e-07
7.918427e-07
8.079025e-07
8.091832e-07
8.097651e-07
7.694737e-07
7.804802e-07
7.650619e-07
7.681272e-07
7.963912e-07
7.933165e-07
8.162307e-07
8.133711e-07
8.111703e-07
8.708333e-07
9.220509e-07
8.589705e-07
7.909806e-07
9.04216e-07
8.011551e-07
8.107415e-07
8.762662e-07
9.098508e-07
9.753028e-07
9.630042e-07
9.333992e-07
9.413728e-07
9.983456e-07
1.0807e-06
9.537004e-07
9.628271e-07
1.028654e-06
9.298256e-07
9.62481e-07
9.343858e-07
8.637764e-07
9.629302e-07
1.033922e-06
1.044975e-06
1.110427e-06
1.022953e-06
1.017806e-06
8.890047e-07
8.83998e-07
8.853211e-07
8.988363e-07
8.626684e-07
8.399841e-07
8.487791e-07
8.333275e-07
9.235998e-07
8.335648e-07
7.672096e-07
7.676269e-07
7.874703e-07
8.886579e-07
9.343528e-07
9.225381e-07
9.116395e-07
8.959827e-07
9.206302e-07
9.220945e-07
9.352023e-07
8.198918e-07
7.56564e-07
7.579705e-07
7.693948e-07
7.452151e-07
7.442824e-07
7.124515e-07
6.905959e-07
6.655159e-07
6.831742e-07
6.773864e-07
7.314012e-07
7.54058e-07
7.482086e-07
7.761901e-07
7.789528e-07
7.795059e-07
7.700619e-07
7.709888e-07
7.896022e-07
8.388484e-07
8.063822e-07
7.762609e-07
7.641601e-07
7.496708e-07
7.788329e-07
8.233356e-07
7.836994e-07
8.570636e-07
8.970994e-07
8.883025e-07
9.192708e-07
8.550641e-07
8.327892e-07
8.6682e-07
9.191185e-07
9.922e-07
9.741129e-07
1.00294e-06
1.028457e-06
9.329643e-07
9.356779e-07
9.504354e-07
9.801241e-07
9.185654e-07
8.592838e-07
7.7898e-07
7.837765e-07
7.372836e-07
7.864549e-07
8.519865e-07
8.243713e-07
8.101071e-07
8.0383e-07
7.781044e-07
7.844767e-07
7.552967e-07
7.839141e-07
8.691615e-07
8.351115e-07
8.725898e-07
8.887085e-07
8.791754e-07
8.363686e-07
7.95374e-07
7.861848e-07
8.335328e-07
8.045488e-07
7.798963e-07
8.175346e-07
8.032988e-07
8.061812e-07
8.450902e-07
9.642967e-07
9.484025e-07
9.518675e-07
9.085223e-07
9.342902e-07
8.611192e-07
9.065147e-07
8.82481e-07
8.559191e-07
7.970612e-07
8.122508e-07
8.196119e-07
7.863695e-07
7.52792e-07
7.960579e-07
7.976424e-07
7.71539e-07
8.185294e-07
8.731394e-07
9.318439e-07
8.630392e-07
8.243275e-07
8.334427e-07
7.819042e-07
7.671677e-07
7.304183e-07
7.123703e-07
7.372075e-07
7.085409e-07
7.762926e-07
8.415334e-07
8.120371e-07
7.76013e-07
7.643394e-07
7.316623e-07
7.247624e-07
7.848209e-07
8.022993e-07
8.215544e-07
8.971514e-07
8.663789e-07
8.84661e-07
8.812985e-07
8.921383e-07
9.279553e-07
9.5492e-07
9.830689e-07
9.489283e-07
9.246483e-07
9.771744e-07
1.049277e-06
1.058073e-06
9.840151e-07
1.00281e-06
1.006405e-06
9.500495e-07
9.395013e-07
9.12024e-07
9.83379e-07
1.018686e-06
9.043133e-07
8.538963e-07
8.89198e-07
8.60932e-07
8.651899e-07
7.951105e-07
8.032026e-07
7.099209e-07
6.852636e-07
7.231659e-07
7.949486e-07
7.5478e-07
7.448139e-07
7.238767e-07
7.775623e-07
7.89846e-07
7.34943e-07
7.435433e-07
7.342842e-07
7.242146e-07
7.235721e-07
7.222821e-07
6.912657e-07
7.396213e-07
7.047477e-07
6.770808e-07
5.955558e-07
6.272739e-07
5.995167e-07
6.172872e-07
6.408324e-07
6.803249e-07
6.925692e-07
7.459974e-07
6.769904e-07
7.317087e-07
7.386876e-07
7.229653e-07
7.576711e-07
7.079202e-07
6.904782e-07
6.643703e-07
6.126622e-07
6.072202e-07
5.954213e-07
5.664825e-07
6.249599e-07
6.518015e-07
6.484664e-07
6.814509e-07
6.428219e-07
6.027751e-07
5.509813e-07
5.181453e-07
5.124413e-07
5.289773e-07
5.595167e-07
6.253613e-07
7.093124e-07
6.844212e-07
6.707543e-07
7.275467e-07
7.270466e-07
7.608691e-07
8.068546e-07
7.07197e-07
7.167233e-07
7.607004e-07
7.35545e-07
7.412188e-07
7.061334e-07
7.438055e-07
6.786876e-07
7.059531e-07
6.850625e-07
6.279613e-07
6.667518e-07
6.931486e-07
7.059744e-07
7.874352e-07
8.223395e-07
8.059637e-07
8.455068e-07
8.207267e-07
8.868542e-07
8.584411e-07
7.922984e-07
7.572441e-07
8.085206e-07
8.323776e-07
7.672465e-07
7.555057e-07
7.540479e-07
7.792679e-07
8.247866e-07
7.912258e-07
7.743278e-07
7.66235e-07
7.770433e-07
7.916669e-07
8.001526e-07
8.957418e-07
8.585441e-07
9.902403e-07
9.76536e-07
9.652052e-07
1.029747e-06
1.181761e-06
1.130285e-06
1.149451e-06
1.120171e-06
1.160165e-06
1.169814e-06
1.169309e-06
1.143593e-06
1.208487e-06
1.212477e-06
1.317108e-06
1.283895e-06
1.28909e-06
1.345733e-06
1.187621e-06
1.24805e-06
1.289352e-06
1.379605e-06
1.347327e-06
1.317695e-06
1.278991e-06
1.303454e-06
1.424769e-06
1.332612e-06
1.340979e-06
1.236345e-06
1.127923e-06
1.080888e-06
1.020885e-06
1.002226e-06
1.028479e-06
9.89311e-07
9.97654e-07
1.087274e-06
1.068414e-06
1.091815e-06
1.023244e-06
1.08536e-06
1.015435e-06
9.670014e-07
9.105219e-07
9.224347e-07
9.510046e-07
9.348485e-07
1.009578e-06
1.064669e-06
1.147216e-06
1.153283e-06
1.053295e-06
9.925785e-07
9.545373e-07
9.78342e-07
9.574621e-07
8.931822e-07
1.043228e-06
1.007529e-06
9.539515e-07
9.406767e-07
9.372515e-07
9.081092e-07
8.600366e-07
8.30344e-07
8.607267e-07
8.596238e-07
8.639801e-07
9.334939e-07
9.403982e-07
9.389722e-07
9.042412e-07
9.295164e-07
8.854154e-07
8.500521e-07
8.627417e-07
8.77506e-07
8.310228e-07
8.38968e-07
8.386399e-07
8.257944e-07
8.189305e-07
7.405347e-07
6.733009e-07
6.626066e-07
6.670343e-07
6.125872e-07
6.274308e-07
6.504677e-07
6.338007e-07
5.669178e-07
5.876645e-07
6.072416e-07
5.596731e-07
5.839193e-07
5.479907e-07
5.333833e-07
5.800387e-07
5.903151e-07
6.029745e-07
5.672375e-07
5.391206e-07
5.573158e-07
5.219134e-07
5.914894e-07
6.357306e-07
6.165431e-07
6.25142e-07
6.063606e-07
5.774466e-07
5.239751e-07
5.068395e-07
4.99198e-07
4.512473e-07
4.51594e-07
4.679973e-07
4.968061e-07
4.542772e-07
4.5064e-07
4.340242e-07
4.189932e-07
3.783695e-07
4.146073e-07
4.427785e-07
4.66436e-07
4.595019e-07
5.25577e-07
5.350566e-07
5.121999e-07
4.713079e-07
4.629436e-07
4.999408e-07
4.910065e-07
4.664645e-07
4.760754e-07
4.645792e-07
4.675773e-07
4.879949e-07
4.892122e-07
5.095623e-07
5.31072e-07
5.586974e-07
5.73179e-07
5.796977e-07
5.395927e-07
5.49288e-07
5.61191e-07
6.046094e-07
5.815513e-07
6.16523e-07
6.555504e-07
6.420681e-07
6.355424e-07
6.065212e-07
6.594685e-07
7.031753e-07
7.165818e-07
6.991377e-07
7.068631e-07
7.009412e-07
6.616023e-07
7.27123e-07
7.653927e-07
7.446228e-07
7.084116e-07
7.197017e-07
7.27158e-07
6.610996e-07
6.638321e-07
6.575564e-07
6.521515e-07
6.69667e-07
6.50758e-07
5.931758e-07
5.857071e-07
6.00539e-07
6.646502e-07
6.665421e-07
6.317288e-07
6.567931e-07
6.951977e-07
6.255677e-07
6.374164e-07
6.683529e-07
7.19843e-07
7.589744e-07
7.426761e-07
7.480658e-07
8.750755e-07
9.125037e-07
8.048808e-07
8.024924e-07
8.003859e-07
7.590187e-07
7.736829e-07
7.363863e-07
7.340646e-07
7.671006e-07
6.936994e-07
7.312693e-07
7.388118e-07
7.18777e-07
7.25744e-07
7.258512e-07
7.840763e-07
8.162506e-07
8.272746e-07
7.647602e-07
7.664691e-07
7.15867e-07
7.744642e-07
7.89683e-07
7.512839e-07
8.041032e-07
8.058699e-07
7.886083e-07
7.867902e-07
7.918398e-07
7.919742e-07
7.72896e-07
8.01248e-07
7.272246e-07
6.591593e-07
6.453025e-07
5.896916e-07
6.081664e-07
5.979619e-07
7.027755e-07
6.686374e-07
6.279223e-07
6.072168e-07
5.575464e-07
5.962551e-07
5.682879e-07
5.517577e-07
6.045192e-07
5.697714e-07
5.648905e-07
5.890053e-07
5.474195e-07
5.851493e-07
5.365954e-07
5.324325e-07
5.187581e-07
4.565384e-07
4.777508e-07
4.736955e-07
4.758199e-07
4.825755e-07
5.545482e-07
5.5794e-07
5.309811e-07
5.054273e-07
5.047359e-07
5.160294e-07
5.174395e-07
4.908914e-07
5.253338e-07
5.039493e-07
5.428693e-07
5.574009e-07
5.221055e-07
5.250358e-07
5.143054e-07
5.338607e-07
4.963317e-07
5.026095e-07
4.949567e-07
5.281163e-07
5.441929e-07
5.42495e-07
5.236386e-07
4.90641e-07
4.700365e-07
4.426089e-07
4.12248e-07
4.411319e-07
4.342217e-07
4.384834e-07
4.095532e-07
4.224764e-07
4.607342e-07
4.866153e-07
4.57267e-07
4.822697e-07
4.86094e-07
5.120413e-07
5.538344e-07
5.674492e-07
5.022707e-07
5.208097e-07
5.081419e-07
5.138669e-07
5.061342e-07
5.130316e-07
5.190161e-07
5.022971e-07
5.123641e-07
5.513154e-07
5.36079e-07
5.305646e-07
5.448277e-07
5.570582e-07
5.431516e-07
5.748663e-07
5.898599e-07
6.123242e-07
6.099101e-07
6.093091e-07
6.785932e-07
6.848177e-07
6.757434e-07
7.221604e-07
7.458066e-07
7.854344e-07
8.637615e-07
8.90163e-07
9.285749e-07
9.544412e-07
1.042985e-06
1.121962e-06
1.108566e-06
1.146311e-06
1.1275e-06
1.198086e-06
1.249291e-06
1.245068e-06
1.283583e-06
1.411287e-06
1.366495e-06
1.299697e-06
1.203523e-06
1.211626e-06
1.227839e-06
1.267525e-06
1.371831e-06
1.189935e-06
1.101491e-06
1.033589e-06
9.58212e-07
9.486052e-07
8.892571e-07
8.828903e-07
8.197074e-07
8.073455e-07
7.647634e-07
7.861607e-07
7.962786e-07
7.682872e-07
7.520905e-07
7.660199e-07
7.713952e-07
7.392991e-07
7.566237e-07
7.795808e-07
8.803435e-07
8.610944e-07
8.67079e-07
8.207404e-07
8.06018e-07
7.428487e-07
7.400497e-07
6.922516e-07
7.325215e-07
7.30215e-07
6.17364e-07
5.917707e-07
5.903605e-07
5.706742e-07
6.117721e-07
5.739578e-07
6.219943e-07
6.285292e-07
6.480203e-07
6.535616e-07
5.898724e-07
5.481946e-07
5.302661e-07
5.346033e-07
4.79236e-07
4.814731e-07
5.709423e-07
5.527679e-07
5.801438e-07
5.661553e-07
5.8098e-07
6.234591e-07
5.927506e-07
5.444485e-07
5.391449e-07
5.38634e-07
5.404434e-07
5.488419e-07
5.263184e-07
5.415229e-07
5.404481e-07
5.64838e-07
5.451119e-07
5.397074e-07
4.755394e-07
4.666995e-07
4.624967e-07
4.582699e-07
4.410719e-07
4.660549e-07
4.701587e-07
4.459837e-07
4.280607e-07
4.015664e-07
3.662115e-07
3.718778e-07
3.420469e-07
3.699828e-07
3.936357e-07
3.814317e-07
3.750103e-07
3.861026e-07
4.322918e-07
4.036882e-07
4.328251e-07
4.455715e-07
4.553949e-07
4.411668e-07
4.379194e-07
4.906361e-07
4.865305e-07
5.099641e-07
5.326332e-07
5.698546e-07
5.032925e-07
4.906812e-07
4.880738e-07
5.012193e-07
5.068482e-07
5.36918e-07
5.271659e-07
5.4539e-07
5.451525e-07
5.552728e-07
5.224409e-07
5.062044e-07
5.50938e-07
5.728503e-07
5.348225e-07
5.734517e-07
5.947515e-07
6.090068e-07
6.308495e-07
6.469016e-07
7.020097e-07
7.349305e-07
7.212104e-07
7.347719e-07
7.39866e-07
7.427795e-07
6.931335e-07
6.725061e-07
7.022884e-07
7.393267e-07
7.849065e-07
8.056607e-07
7.981952e-07
8.000522e-07
8.35444e-07
8.425504e-07
9.595367e-07
8.925482e-07
8.296248e-07
7.487773e-07
7.475547e-07
7.779591e-07
7.748395e-07
8.171262e-07
8.024702e-07
7.840545e-07
7.479581e-07
7.668641e-07
8.470193e-07
8.449006e-07
8.457423e-07
8.119795e-07
8.449755e-07
8.775764e-07
9.056979e-07
9.160243e-07
9.16918e-07
9.822344e-07
9.983726e-07
9.467152e-07
9.031444e-07
9.126101e-07
9.235447e-07
8.886274e-07
9.433052e-07
9.953895e-07
1.066061e-06
1.148771e-06
1.132454e-06
1.134191e-06
1.146831e-06
1.132333e-06
1.053414e-06
1.061776e-06
1.105028e-06
1.051984e-06
1.083566e-06
1.067251e-06
1.10839e-06
1.021512e-06
1.046059e-06
1.046581e-06
1.026208e-06
9.800578e-07
9.484017e-07
8.84548e-07
9.612663e-07
9.932309e-07
9.988101e-07
1.103217e-06
1.205905e-06
1.267125e-06
1.300764e-06
1.238879e-06
1.202523e-06
1.125592e-06
1.071449e-06
1.112012e-06
1.09821e-06
1.165905e-06
1.183821e-06
1.210482e-06
1.134547e-06
1.156675e-06
1.088427e-06
1.148675e-06
1.141174e-06
1.143887e-06
1.120241e-06
1.151056e-06
1.142137e-06
1.125052e-06
9.807216e-07
9.875656e-07
8.766437e-07
7.953639e-07
7.386735e-07
7.658545e-07
8.09809e-07
8.596898e-07
9.050354e-07
8.751592e-07
9.140062e-07
9.172675e-07
8.804227e-07
8.787099e-07
8.840989e-07
8.474213e-07
8.02126e-07
7.671516e-07
7.214099e-07
7.072001e-07
7.473018e-07
8.395915e-07
8.2515e-07
7.888907e-07
7.270312e-07
7.274244e-07
7.252363e-07
7.583219e-07
8.549929e-07
8.184833e-07
8.511284e-07
8.464316e-07
8.372545e-07
7.740622e-07
8.209522e-07
7.666503e-07
7.924169e-07
7.306642e-07
6.974041e-07
7.12475e-07
7.336899e-07
7.030656e-07
7.0569e-07
6.436132e-07
6.480107e-07
6.240336e-07
6.049409e-07
6.619119e-07
7.058553e-07
7.561387e-07
7.480692e-07
6.82917e-07
6.530734e-07
6.634408e-07
6.642701e-07
6.699414e-07
6.387634e-07
6.165952e-07
5.922856e-07
5.891036e-07
6.376575e-07
6.456309e-07
6.507e-07
6.594625e-07
6.561264e-07
6.287728e-07
6.539809e-07
6.211856e-07
6.656191e-07
6.416712e-07
6.826333e-07
6.978052e-07
6.914755e-07
6.659761e-07
5.873066e-07
4.993969e-07
5.541335e-07
5.717911e-07
5.956402e-07
5.901945e-07
5.695076e-07
5.044689e-07
5.235245e-07
5.203806e-07
4.484113e-07
4.55746e-07
4.516001e-07
4.622079e-07
4.758413e-07
4.741536e-07
4.734512e-07
4.80248e-07
4.958204e-07
5.238624e-07
5.41547e-07
5.671745e-07
5.647607e-07
5.304936e-07
5.733166e-07
5.979132e-07
5.997731e-07
5.848612e-07
5.96766e-07
6.16373e-07
6.542348e-07
7.024337e-07
6.359286e-07
6.885797e-07
6.463681e-07
6.922473e-07
7.205754e-07
6.825303e-07
7.287237e-07
7.222028e-07
6.637814e-07
6.96395e-07
7.584823e-07
8.293717e-07
8.026394e-07
8.614547e-07
9.057602e-07
9.232888e-07
9.186639e-07
8.853988e-07
8.555023e-07
9.429006e-07
9.210138e-07
8.070434e-07
8.058136e-07
7.881873e-07
8.651668e-07
8.490034e-07
8.783981e-07
7.72764e-07
7.869962e-07
7.524247e-07
7.963812e-07
7.972323e-07
7.481631e-07
8.118329e-07
8.826252e-07
8.988764e-07
9.226941e-07
8.411294e-07
7.597764e-07
8.936511e-07
9.049881e-07
9.219133e-07
9.523262e-07
9.648342e-07
9.087336e-07
9.20721e-07
9.546983e-07
9.482265e-07
9.767484e-07
9.895886e-07
9.728648e-07
9.675115e-07
1.017979e-06
1.043453e-06
1.119059e-06
1.179525e-06
1.236931e-06
1.222504e-06
1.26787e-06
1.209388e-06
1.15287e-06
1.174967e-06
1.160253e-06
1.033092e-06
9.911514e-07
1.015356e-06
1.007335e-06
9.572361e-07
9.697778e-07
9.382678e-07
9.195996e-07
9.084735e-07
9.551386e-07
8.972068e-07
7.870712e-07
7.888654e-07
8.354994e-07
8.634576e-07
8.935575e-07
8.600376e-07
8.483474e-07
9.096538e-07
1.014392e-06
1.105627e-06
1.21821e-06
1.175006e-06
1.137496e-06
1.163044e-06
1.135159e-06
1.109668e-06
1.129783e-06
1.132587e-06
1.08611e-06
1.154237e-06
1.145656e-06
9.978825e-07
1.026474e-06
1.007313e-06
1.057651e-06
1.045543e-06
1.121334e-06
1.147731e-06
1.131843e-06
1.139528e-06
1.103058e-06
1.056504e-06
1.015957e-06
9.884232e-07
1.063348e-06
9.773984e-07
9.160123e-07
8.385101e-07
9.070394e-07
9.447521e-07
8.821807e-07
8.10852e-07
7.357216e-07
7.111179e-07
7.556921e-07
7.625426e-07
8.119931e-07
8.320257e-07
8.374734e-07
8.190487e-07
7.664164e-07
7.819584e-07
7.732872e-07
7.645985e-07
7.965901e-07
7.811815e-07
7.940456e-07
7.319189e-07
6.686399e-07
7.136338e-07
7.400139e-07
7.055872e-07
6.975909e-07
7.575865e-07
8.157173e-07
8.330198e-07
8.050925e-07
8.933274e-07
9.060465e-07
8.684254e-07
8.986045e-07
9.109849e-07
8.324401e-07
8.582515e-07
8.510449e-07
8.306774e-07
7.894202e-07
8.074316e-07
8.60771e-07
7.7566e-07
7.189156e-07
7.230652e-07
7.831411e-07
6.854552e-07
7.014145e-07
7.534033e-07
8.056834e-07
8.092031e-07
8.552044e-07
8.40022e-07
7.913473e-07
8.419785e-07
8.838162e-07
8.981816e-07
9.539741e-07
9.251803e-07
8.867884e-07
9.056817e-07
8.83282e-07
8.973771e-07
8.710785e-07
8.443658e-07
8.067793e-07
7.971871e-07
7.897299e-07
8.665345e-07
8.755319e-07
8.831288e-07
8.876633e-07
8.670126e-07
8.147059e-07
7.785946e-07
8.594617e-07
8.413293e-07
8.51544e-07
8.072326e-07
7.384442e-07
7.931693e-07
8.17022e-07
8.397268e-07
9.538376e-07
8.968368e-07
8.44004e-07
8.265125e-07
8.219989e-07
8.917068e-07
8.563566e-07
8.956826e-07
7.978552e-07
7.940357e-07
8.279567e-07
8.200864e-07
8.393168e-07
8.329148e-07
7.981077e-07
8.158111e-07
7.437568e-07
6.893446e-07
7.01213e-07
8.010053e-07
7.793995e-07
7.361723e-07
7.319493e-07
7.270613e-07
7.020588e-07
7.20259e-07
6.764932e-07
7.055438e-07
6.957473e-07
7.093715e-07
6.943587e-07
7.662245e-07
8.045808e-07
8.52717e-07
9.162421e-07
9.189012e-07
9.293238e-07
9.482355e-07
9.303231e-07
9.223248e-07
8.746296e-07
9.459218e-07
1.004191e-06
9.189082e-07
8.088622e-07
8.147268e-07
9.152077e-07
8.696604e-07
9.025732e-07
9.448148e-07
9.906698e-07
1.135995e-06
1.100814e-06
1.205224e-06
1.225682e-06
1.127513e-06
1.205075e-06
1.272374e-06
1.240703e-06
1.231284e-06
1.148545e-06
1.143386e-06
1.147635e-06
1.085972e-06
1.03343e-06
9.610429e-07
9.576827e-07
9.609834e-07
9.658523e-07
1.025077e-06
9.603737e-07
8.873347e-07
8.10519e-07
8.948332e-07
8.243051e-07
8.481276e-07
8.671486e-07
8.481754e-07
7.711762e-07
6.992428e-07
7.04858e-07
7.10095e-07
6.945141e-07
7.296169e-07
7.865134e-07
8.301252e-07
8.840757e-07
9.333466e-07
8.913057e-07
8.714764e-07
9.230324e-07
9.145035e-07
9.062093e-07
8.506201e-07
7.785919e-07
7.861715e-07
7.870577e-07
8.266721e-07
7.525433e-07
7.994876e-07
7.920283e-07
7.331118e-07
7.537765e-07
7.262538e-07
7.470633e-07
7.386761e-07
6.704189e-07
6.73945e-07
7.515322e-07
7.266398e-07
7.025575e-07
7.382298e-07
7.845131e-07
7.972283e-07
7.494012e-07
7.376163e-07
7.806017e-07
7.882798e-07
6.956712e-07
7.082618e-07
7.111292e-07
7.299593e-07
7.864311e-07
8.125751e-07
8.23825e-07
7.91458e-07
7.999509e-07
7.620825e-07
7.593891e-07
8.112326e-07
8.654732e-07
8.648629e-07
8.817334e-07
8.787036e-07
8.942735e-07
8.995424e-07
9.131072e-07
9.223401e-07
9.537221e-07
9.045815e-07
9.492279e-07
1.015669e-06
9.560217e-07
9.159114e-07
8.339904e-07
8.066521e-07
8.018222e-07
7.664434e-07
7.345113e-07
7.276707e-07
6.72358e-07
7.071402e-07
6.387796e-07
6.40522e-07
6.386282e-07
6.780876e-07
6.704006e-07
6.507227e-07
7.17114e-07
7.137083e-07
7.139131e-07
7.025197e-07
7.337892e-07
6.818598e-07
7.06586e-07
7.519531e-07
7.702406e-07
7.317893e-07
6.601082e-07
6.57276e-07
6.94613e-07
6.63563e-07
6.680563e-07
6.512793e-07
6.458776e-07
6.446522e-07
6.749521e-07
6.886083e-07
7.149101e-07
6.377236e-07
5.809873e-07
5.909407e-07
6.584088e-07
6.319382e-07
5.827216e-07
6.087698e-07
6.403512e-07
6.779748e-07
7.11362e-07
7.962131e-07
6.792032e-07
6.771736e-07
6.971376e-07
7.183664e-07
6.960186e-07
7.367733e-07
6.902191e-07
7.786845e-07
7.954271e-07
8.566076e-07
8.948903e-07
9.15488e-07
9.772358e-07
9.704856e-07
9.186444e-07
9.348829e-07
9.840343e-07
8.921965e-07
8.835438e-07
8.388037e-07
7.951158e-07
8.135163e-07
8.147967e-07
7.790753e-07
7.681213e-07
7.856234e-07
7.989983e-07
7.233545e-07
7.448135e-07
7.853683e-07
8.817502e-07
9.55289e-07
9.717479e-07
9.651724e-07
1.046902e-06
1.000581e-06
1.03691e-06
1.08622e-06
9.395929e-07
9.013418e-07
9.59269e-07
9.301363e-07
9.045659e-07
8.708789e-07
8.214591e-07
8.678814e-07
8.492919e-07
8.379491e-07
8.803043e-07
8.396311e-07
8.568453e-07
8.585115e-07
8.491575e-07
8.68686e-07
8.674076e-07
8.701535e-07
8.054503e-07
8.596446e-07
8.15885e-07
8.157615e-07
8.022136e-07
7.471867e-07
8.367143e-07
8.269164e-07
8.716313e-07
9.001437e-07
9.101449e-07
8.923318e-07
8.104761e-07
8.044408e-07
8.773963e-07
9.138799e-07
8.901794e-07
9.158126e-07
9.554039e-07
9.130605e-07
8.69227e-07
8.228152e-07
8.657847e-07
8.649734e-07
9.019122e-07
8.608588e-07
7.970859e-07
7.665388e-07
8.063004e-07
8.304415e-07
8.780693e-07
8.543732e-07
8.535557e-07
7.845759e-07
7.29356e-07
7.426119e-07
8.507023e-07
8.404473e-07
8.327393e-07
8.505822e-07
9.59463e-07
9.508008e-07
9.074275e-07
9.250917e-07
9.164296e-07
9.190697e-07
9.324961e-07
1.023628e-06
1.087891e-06
1.054136e-06
1.153334e-06
1.181412e-06
1.221895e-06
1.167903e-06
1.141636e-06
1.264409e-06
1.219759e-06
1.225085e-06
1.17697e-06
1.170373e-06
1.249145e-06
1.343102e-06
1.271402e-06
1.313292e-06
1.301697e-06
1.35577e-06
1.353725e-06
1.372931e-06
1.268105e-06
1.249041e-06
1.125642e-06
1.139761e-06
1.014202e-06
9.696677e-07
8.683985e-07
8.585967e-07
8.130847e-07
8.032067e-07
7.732846e-07
7.538085e-07
7.244634e-07
7.145862e-07
7.113806e-07
7.69781e-07
7.854917e-07
8.055275e-07
8.022076e-07
7.836668e-07
7.727112e-07
7.314725e-07
7.482064e-07
7.60774e-07
7.730575e-07
7.962859e-07
8.457867e-07
8.675273e-07
7.841983e-07
7.970322e-07
7.365742e-07
7.546435e-07
7.222726e-07
7.510148e-07
7.689887e-07
8.210259e-07
8.573016e-07
8.223794e-07
7.985061e-07
8.074543e-07
8.588053e-07
9.0145e-07
9.473221e-07
9.313473e-07
9.982842e-07
1.03145e-06
1.047467e-06
1.049963e-06
9.709342e-07
9.266924e-07
9.18592e-07
9.075688e-07
8.479138e-07
8.04956e-07
9.079284e-07
8.784395e-07
8.858771e-07
8.588125e-07
8.668789e-07
8.148296e-07
8.422014e-07
8.178296e-07
8.470027e-07
8.44025e-07
8.794314e-07
8.931554e-07
8.920449e-07
9.132448e-07
8.157531e-07
8.066968e-07
8.601927e-07
8.548671e-07
8.472256e-07
8.653724e-07
8.871164e-07
9.582091e-07
9.249007e-07
9.697698e-07
9.317031e-07
8.771248e-07
9.279699e-07
8.908277e-07
9.053716e-07
9.252169e-07
8.917687e-07
8.734656e-07
8.379349e-07
8.279653e-07
8.163655e-07
7.645086e-07
7.829018e-07
8.182343e-07
8.44248e-07
8.785006e-07
8.704018e-07
9.163508e-07
8.516358e-07
8.823278e-07
8.463186e-07
8.260983e-07
7.98752e-07
7.453723e-07
6.691679e-07
6.880357e-07
7.210847e-07
7.423239e-07
7.712638e-07
7.939194e-07
7.839358e-07
8.075165e-07
7.637319e-07
7.770747e-07
8.201221e-07
7.962245e-07
7.632144e-07
7.53155e-07
7.599866e-07
7.443694e-07
8.11372e-07
7.470355e-07
7.549215e-07
7.105384e-07
6.896787e-07
7.383801e-07
7.107622e-07
6.979005e-07
7.390061e-07
7.466427e-07
8.071658e-07
7.934155e-07
7.858791e-07
8.335376e-07
8.340344e-07
7.586002e-07
7.959325e-07
7.968722e-07
7.727744e-07
8.711046e-07
8.57424e-07
8.679983e-07
8.976834e-07
9.930493e-07
1.048326e-06
9.624741e-07
8.983172e-07
8.845987e-07
8.32187e-07
8.158786e-07
8.489648e-07
8.442562e-07
9.110505e-07
8.98463e-07
8.772032e-07
8.554669e-07
9.059246e-07
8.601956e-07
7.784024e-07
8.023481e-07
7.48284e-07
7.240491e-07
6.798513e-07
6.678498e-07
6.438513e-07
6.35282e-07
6.028647e-07
6.081297e-07
6.016828e-07
6.383045e-07
7.000341e-07
6.996785e-07
6.752652e-07
6.498285e-07
6.108771e-07
6.014396e-07
5.583034e-07
6.411214e-07
5.746785e-07
6.552678e-07
6.691055e-07
6.776843e-07
6.780412e-07
6.795432e-07
6.48465e-07
6.921157e-07
6.69912e-07
6.602311e-07
6.672905e-07
7.126803e-07
7.681963e-07
7.816456e-07
8.211301e-07
7.966467e-07
8.354432e-07
8.505056e-07
8.40596e-07
7.989142e-07
8.620879e-07
9.176148e-07
9.193156e-07
1.039525e-06
9.655263e-07
1.004963e-06
9.798434e-07
1.026736e-06
9.932098e-07
1.059117e-06
1.138242e-06
1.0416e-06
1.054128e-06
1.118304e-06
1.093442e-06
1.116756e-06
1.100851e-06
1.108517e-06
1.115503e-06
1.166506e-06
1.155792e-06
1.127488e-06
1.152984e-06
1.123165e-06
1.20042e-06
1.099712e-06
1.012192e-06
1.035446e-06
1.020952e-06
9.901588e-07
9.553204e-07
1.028488e-06
1.02303e-06
1.127199e-06
1.028747e-06
9.134453e-07
9.4865e-07
9.842253e-07
9.906566e-07
8.952286e-07
8.780722e-07
9.363212e-07
9.873265e-07
1.053171e-06
1.009689e-06
1.011585e-06
9.817197e-07
9.258203e-07
8.919881e-07
9.522891e-07
8.439788e-07
8.587481e-07
7.821163e-07
7.941504e-07
8.697714e-07
8.750945e-07
9.03621e-07
8.736327e-07
9.119709e-07
9.338069e-07
8.782427e-07
8.411025e-07
8.897941e-07
9.25901e-07
9.462104e-07
1.00897e-06
1.076009e-06
1.06736e-06
1.099905e-06
1.195546e-06
1.24986e-06
1.262815e-06
1.24429e-06
1.264909e-06
1.168962e-06
1.238142e-06
1.274816e-06
1.305853e-06
1.29686e-06
1.31434e-06
1.202213e-06
1.259953e-06
1.107593e-06
1.067815e-06
1.030649e-06
1.073855e-06
1.091015e-06
1.159679e-06
1.125196e-06
1.194551e-06
1.230871e-06
1.224519e-06
1.11752e-06
1.041506e-06
1.07671e-06
1.043925e-06
1.091035e-06
1.109691e-06
1.085699e-06
1.1011e-06
1.027525e-06
1.000155e-06
1.034511e-06
9.158824e-07
9.02543e-07
8.183674e-07
8.433095e-07
7.726902e-07
7.914319e-07
8.05419e-07
7.853798e-07
8.369671e-07
8.448686e-07
9.514295e-07
9.465885e-07
9.318305e-07
9.298547e-07
8.565057e-07
8.311591e-07
8.270058e-07
7.600531e-07
7.590271e-07
7.427026e-07
6.564875e-07
6.798219e-07
6.312097e-07
6.441049e-07
6.559858e-07
6.778718e-07
7.054378e-07
7.032888e-07
7.630461e-07
8.029875e-07
8.274315e-07
8.063886e-07
8.381075e-07
7.915016e-07
7.999147e-07
7.535736e-07
7.344025e-07
7.308433e-07
7.350108e-07
7.714849e-07
7.628187e-07
8.306539e-07
8.154073e-07
8.721967e-07
9.355605e-07
9.877502e-07
9.648677e-07
1.01199e-06
1.156925e-06
1.130538e-06
1.17707e-06
1.19159e-06
1.173055e-06
1.244031e-06
1.094013e-06
1.059143e-06
1.164817e-06
1.159996e-06
1.125534e-06
1.047843e-06
1.105745e-06
1.087001e-06
1.108122e-06
1.20923e-06
1.204534e-06
1.184559e-06
1.183282e-06
1.100034e-06
1.05214e-06
1.005694e-06
9.009921e-07
8.792118e-07
8.655835e-07
7.60392e-07
8.195797e-07
8.946851e-07
9.680946e-07
1.074524e-06
1.139762e-06
1.138899e-06
1.055047e-06
1.129951e-06
1.076489e-06
9.95266e-07
9.855621e-07
1.025749e-06
1.068861e-06
1.117795e-06
1.128281e-06
1.107476e-06
1.106422e-06
1.095488e-06
1.00799e-06
1.041538e-06
1.034937e-06
1.041774e-06
9.771339e-07
9.427536e-07
9.335918e-07
9.650892e-07
9.419521e-07
8.968612e-07
8.825945e-07
8.767067e-07
8.066312e-07
8.268394e-07
8.139739e-07
7.828916e-07
7.889761e-07
7.854013e-07
7.097677e-07
6.740457e-07
6.432985e-07
6.323234e-07
6.462834e-07
6.964549e-07
7.484936e-07
7.083274e-07
7.403559e-07
7.646185e-07
7.988955e-07
7.219627e-07
7.059127e-07
7.23008e-07
6.974137e-07
7.335552e-07
7.791093e-07
8.220472e-07
8.275067e-07
8.415438e-07
7.809272e-07
7.676622e-07
7.226835e-07
7.311525e-07
7.344695e-07
7.106866e-07
6.951866e-07
6.473153e-07
6.348759e-07
6.529586e-07
6.781213e-07
7.008703e-07
7.622783e-07
8.135722e-07
8.352478e-07
7.718941e-07
7.586287e-07
6.953777e-07
7.005096e-07
6.741761e-07
6.780356e-07
7.034036e-07
6.704103e-07
6.394155e-07
6.908969e-07
6.248515e-07
5.847275e-07
5.839078e-07
5.819976e-07
5.719822e-07
5.783159e-07
5.774272e-07
6.393914e-07
6.40596e-07
6.629049e-07
6.429777e-07
6.307366e-07
6.392263e-07
6.356019e-07
6.290968e-07
6.368692e-07
5.973331e-07
5.553217e-07
5.700889e-07
5.826717e-07
5.587717e-07
6.041945e-07
6.382249e-07
6.215159e-07
6.32214e-07
6.843574e-07
7.101809e-07
6.974022e-07
6.314372e-07
6.252113e-07
6.388735e-07
6.707902e-07
5.975381e-07
6.356904e-07
6.137251e-07
5.695855e-07
5.526193e-07
5.042963e-07
5.103122e-07
5.355601e-07
5.438233e-07
5.353452e-07
5.011291e-07
4.511938e-07
4.512438e-07
4.806612e-07
4.52558e-07
4.567668e-07
4.597997e-07
4.798348e-07
4.489518e-07
4.339951e-07
4.512691e-07
4.383435e-07
4.673363e-07
4.396733e-07
4.487545e-07
4.370358e-07
4.028576e-07
4.138525e-07
3.750701e-07
3.787261e-07
3.765538e-07
3.892802e-07
3.884848e-07
3.847353e-07
3.981052e-07
4.295065e-07
3.919611e-07
4.191486e-07
4.057799e-07
4.255317e-07
4.384148e-07
4.176997e-07
4.311882e-07
3.982482e-07
4.100854e-07
4.048017e-07
3.81809e-07
3.732157e-07
3.926194e-07
4.104527e-07
3.62856e-07
3.54962e-07
3.201284e-07
3.052477e-07
3.262554e-07
3.230854e-07
3.080104e-07
2.919458e-07
3.025308e-07
2.921134e-07
3.032884e-07
3.022951e-07
3.246698e-07
3.238346e-07
3.268702e-07
3.097712e-07
3.012182e-07
3.312004e-07
3.49067e-07
3.627684e-07
3.856489e-07
3.659936e-07
3.970588e-07
3.703991e-07
3.579374e-07
3.651323e-07
3.715392e-07
3.766673e-07
4.223099e-07
4.04825e-07
4.056161e-07
4.117204e-07
4.401278e-07
4.337026e-07
4.674811e-07
4.59062e-07
5.117644e-07
5.116159e-07
4.807169e-07
4.705398e-07
4.415439e-07
4.358669e-07
4.263344e-07
4.427724e-07
4.458764e-07
4.505259e-07
4.630276e-07
5.416239e-07
5.894477e-07
5.932062e-07
6.115204e-07
6.628848e-07
7.205009e-07
7.276139e-07
6.925184e-07
6.669095e-07
6.851472e-07
6.754695e-07
6.489091e-07
7.000336e-07
6.355461e-07
6.350441e-07
6.298936e-07
6.395295e-07
6.386199e-07
6.743622e-07
6.618177e-07
6.712656e-07
6.827575e-07
6.773993e-07
6.342125e-07
6.652731e-07
6.995219e-07
6.970273e-07
7.102302e-07
6.716379e-07
6.835241e-07
7.195409e-07
7.346661e-07
7.642894e-07
7.513851e-07
7.525236e-07
8.352431e-07
8.754626e-07
8.795852e-07
9.010409e-07
9.181276e-07
8.960794e-07
9.109448e-07
9.082375e-07
9.33802e-07
1.005144e-06
1.066153e-06
1.065727e-06
1.031243e-06
9.420466e-07
8.669052e-07
9.361413e-07
9.374704e-07
9.205964e-07
8.81749e-07
8.972118e-07
8.161565e-07
8.006635e-07
8.040281e-07
7.817114e-07
7.904763e-07
7.439965e-07
7.434804e-07
6.836825e-07
6.498387e-07
6.183701e-07
6.359009e-07
6.323381e-07
5.81791e-07
5.975935e-07
5.66362e-07
5.569186e-07
5.5173e-07
5.213264e-07
5.392281e-07
5.6293e-07
5.815668e-07
6.162148e-07
6.832313e-07
6.822721e-07
6.958091e-07
6.989602e-07
6.899339e-07
6.680175e-07
6.411457e-07
6.620043e-07
6.089086e-07
5.961064e-07
7.069239e-07
7.616122e-07
7.444865e-07
7.229654e-07
7.133486e-07
7.09774e-07
6.681954e-07
7.069857e-07
6.920211e-07
7.886166e-07
8.341197e-07
8.872951e-07
9.052255e-07
8.921923e-07
8.471178e-07
8.717025e-07
9.320358e-07
1.003702e-06
1.033048e-06
1.079755e-06
1.177676e-06
1.121055e-06
1.002514e-06
1.062019e-06
9.887628e-07
9.578555e-07
9.962058e-07
9.743425e-07
9.461658e-07
9.848517e-07
9.624579e-07
9.805733e-07
8.669047e-07
8.86166e-07
8.464168e-07
9.160387e-07
9.359986e-07
8.298419e-07
7.497157e-07
8.102257e-07
8.091907e-07
7.198462e-07
7.239344e-07
7.367498e-07
7.213929e-07
7.132042e-07
7.29439e-07
7.180713e-07
7.641211e-07
8.104163e-07
8.126889e-07
8.611898e-07
8.21818e-07
8.814171e-07
8.825743e-07
9.630382e-07
9.052718e-07
9.095034e-07
9.142861e-07
9.017342e-07
8.940505e-07
8.660717e-07
8.364663e-07
8.597008e-07
8.026628e-07
7.068576e-07
7.277333e-07
7.988691e-07
7.893174e-07
7.525682e-07
7.442426e-07
7.440927e-07
7.46634e-07
7.824457e-07
7.542259e-07
6.771628e-07
6.469168e-07
6.324056e-07
6.397519e-07
7.035007e-07
6.610239e-07
6.904489e-07
6.724454e-07
7.428893e-07
7.306485e-07
6.833742e-07
6.17618e-07
6.390886e-07
6.037724e-07
6.004122e-07
5.747296e-07
5.909217e-07
5.889409e-07
6.404596e-07
6.179236e-07
6.240731e-07
6.748966e-07
6.113753e-07
6.769411e-07
6.176568e-07
6.639244e-07
6.621894e-07
6.863206e-07
6.743746e-07
5.973264e-07
5.671455e-07
5.395573e-07
5.336976e-07
4.985363e-07
5.449772e-07
5.388627e-07
5.511338e-07
5.593341e-07
5.49109e-07
5.336383e-07
5.547308e-07
5.838481e-07
5.727977e-07
6.003192e-07
5.870033e-07
6.062042e-07
6.019301e-07
6.615226e-07
6.234327e-07
6.207601e-07
6.502124e-07
6.07753e-07
6.127583e-07
6.251102e-07
6.103965e-07
5.933955e-07
6.157077e-07
6.159716e-07
6.487673e-07
6.348731e-07
6.35438e-07
7.045794e-07
6.478726e-07
6.208329e-07
5.675605e-07
5.23744e-07
5.603565e-07
5.518278e-07
5.500912e-07
5.655755e-07
5.550162e-07
5.53295e-07
5.553681e-07
5.77951e-07
5.259263e-07
5.270493e-07
6.081279e-07
6.558157e-07
6.206571e-07
6.381785e-07
6.977908e-07
6.546943e-07
6.596007e-07
7.133598e-07
7.178264e-07
7.00054e-07
6.920009e-07
6.788562e-07
6.127468e-07
6.180583e-07
6.216137e-07
6.080319e-07
6.385193e-07
6.380586e-07
5.990375e-07
5.676496e-07
5.588374e-07
5.238847e-07
5.337508e-07
5.488953e-07
5.461628e-07
5.55313e-07
5.423629e-07
5.397404e-07
5.588212e-07
5.439057e-07
5.946005e-07
5.514699e-07
5.558894e-07
5.930206e-07
5.149498e-07
5.328115e-07
5.427407e-07
5.461614e-07
5.664483e-07
6.030136e-07
6.409683e-07
5.997082e-07
6.132594e-07
6.257209e-07
6.33687e-07
6.953434e-07
7.050059e-07
6.782159e-07
6.489856e-07
6.766151e-07
6.385523e-07
6.806805e-07
6.252916e-07
6.265192e-07
6.884652e-07
6.67274e-07
6.624096e-07
6.19093e-07
6.508131e-07
6.755584e-07
6.957369e-07
7.294007e-07
7.470984e-07
7.358849e-07
7.408372e-07
7.35327e-07
7.465068e-07
7.271444e-07
8.216269e-07
8.471552e-07
7.783098e-07
7.450102e-07
7.200387e-07
6.787489e-07
6.076334e-07
5.698067e-07
5.766448e-07
5.590932e-07
4.772336e-07
4.732821e-07
4.48189e-07
4.706516e-07
4.872814e-07
5.393286e-07
5.322399e-07
5.350173e-07
6.016196e-07
5.970689e-07
5.686214e-07
6.096609e-07
5.986762e-07
5.771327e-07
6.046319e-07
5.857149e-07
5.785592e-07
5.5014e-07
5.266634e-07
5.645155e-07
5.873345e-07
6.137862e-07
6.000073e-07
6.328334e-07
5.867038e-07
5.213178e-07
5.13677e-07
5.138788e-07
5.120521e-07
5.336402e-07
5.646128e-07
5.623433e-07
6.196751e-07
6.773819e-07
6.303813e-07
6.729509e-07
7.073763e-07
6.879184e-07
6.230505e-07
6.717748e-07
5.958209e-07
6.195498e-07
6.259933e-07
5.886554e-07
6.261218e-07
6.370064e-07
6.087221e-07
6.032274e-07
5.972392e-07
6.146441e-07
6.373551e-07
6.350333e-07
6.548369e-07
7.046249e-07
6.906077e-07
6.561899e-07
6.65232e-07
6.894946e-07
7.70115e-07
6.896685e-07
6.719698e-07
7.23298e-07
7.44564e-07
7.187309e-07
7.544804e-07
7.56048e-07
7.239623e-07
7.906802e-07
7.046205e-07
7.159573e-07
7.110291e-07
7.688884e-07
7.170979e-07
7.528951e-07
8.609078e-07
9.108948e-07
9.793545e-07
8.384078e-07
8.600302e-07
8.522498e-07
8.782414e-07
9.319364e-07
1.015599e-06
9.261365e-07
8.947726e-07
8.696195e-07
8.310696e-07
7.907872e-07
7.605303e-07
7.731209e-07
8.364307e-07
8.725972e-07
8.076337e-07
7.442708e-07
7.790176e-07
7.493612e-07
7.84141e-07
7.794049e-07
7.329936e-07
8.085237e-07
8.420193e-07
8.971634e-07
9.691986e-07
1.032869e-06
1.047884e-06
1.093556e-06
1.078866e-06
1.099739e-06
1.036657e-06
1.023155e-06
1.026521e-06
1.079025e-06
9.527951e-07
9.270156e-07
9.841044e-07
1.015896e-06
9.834658e-07
9.468158e-07
1.009919e-06
1.093748e-06
1.06592e-06
1.064009e-06
1.112589e-06
1.135588e-06
1.092469e-06
1.068275e-06
1.113774e-06
1.008617e-06
8.640796e-07
8.513803e-07
8.541312e-07
7.751634e-07
7.275164e-07
7.839038e-07
8.653434e-07
9.28069e-07
1.029556e-06
1.036331e-06
9.372274e-07
9.306576e-07
1.009828e-06
1.055622e-06
1.034807e-06
1.025151e-06
9.93737e-07
9.702508e-07
8.985545e-07
8.855641e-07
8.349536e-07
9.000304e-07
9.717973e-07
1.033773e-06
9.496184e-07
9.167225e-07
9.33981e-07
8.688118e-07
8.603185e-07
7.468993e-07
7.527797e-07
7.958192e-07
7.706757e-07
8.04449e-07
8.440028e-07
8.339546e-07
8.120656e-07
7.750965e-07
7.775803e-07
7.158922e-07
6.883628e-07
6.563725e-07
7.713194e-07
7.608154e-07
7.108828e-07
6.130141e-07
6.117414e-07
5.737274e-07
5.550803e-07
5.796381e-07
5.637718e-07
5.662337e-07
5.326185e-07
5.740003e-07
5.76369e-07
5.688314e-07
5.664594e-07
5.719836e-07
6.049963e-07
6.616742e-07
6.612221e-07
7.088217e-07
6.766742e-07
6.629412e-07
6.073162e-07
5.814706e-07
5.852189e-07
5.517701e-07
5.660954e-07
6.176069e-07
5.885405e-07
6.059415e-07
6.000325e-07
6.05457e-07
6.598847e-07
6.104821e-07
5.803465e-07
6.028767e-07
5.672011e-07
5.542276e-07
5.378624e-07
5.118398e-07
5.641823e-07
5.317414e-07
5.312137e-07
5.836417e-07
5.896363e-07
6.267093e-07
6.000129e-07
5.600144e-07
5.961677e-07
5.647393e-07
6.309337e-07
5.928028e-07
6.418453e-07
6.741879e-07
6.567357e-07
7.233319e-07
6.913863e-07
5.948353e-07
6.465782e-07
6.822228e-07
6.149743e-07
5.928509e-07
5.401285e-07
5.386013e-07
5.362832e-07
5.050329e-07
5.288116e-07
5.493051e-07
5.277618e-07
5.424954e-07
5.123575e-07
5.365648e-07
5.773249e-07
6.113587e-07
6.280438e-07
6.276154e-07
5.995711e-07
6.670833e-07
6.257821e-07
6.348056e-07
5.982707e-07
6.002743e-07
5.921942e-07
5.896157e-07
5.701298e-07
5.942723e-07
5.567401e-07
5.055792e-07
4.64633e-07
4.427995e-07
4.536522e-07
4.641343e-07
4.627694e-07
4.585069e-07
4.313361e-07
4.271309e-07
4.862406e-07
4.822573e-07
4.614872e-07
5.478638e-07
5.509329e-07
5.60836e-07
5.645371e-07
5.957001e-07
6.418699e-07
6.594622e-07
6.323935e-07
6.126041e-07
5.908423e-07
5.69641e-07
5.819819e-07
5.860442e-07
5.911892e-07
5.889983e-07
5.401107e-07
5.239408e-07
5.096658e-07
5.58862e-07
5.845606e-07
5.614492e-07
5.441784e-07
5.90226e-07
6.216554e-07
6.050839e-07
6.165411e-07
5.817111e-07
5.763584e-07
6.333175e-07
6.48174e-07
6.461942e-07
6.664976e-07
7.066366e-07
7.409698e-07
7.413249e-07
7.010496e-07
6.949666e-07
7.403746e-07
7.763417e-07
7.135546e-07
6.972661e-07
6.921796e-07
7.3348e-07
7.351553e-07
8.493392e-07
8.519394e-07
7.946437e-07
7.309686e-07
7.262803e-07
7.262696e-07
7.796381e-07
8.539848e-07
8.941841e-07
8.810387e-07
9.287707e-07
9.616295e-07
1.011283e-06
1.006019e-06
1.109071e-06
1.147827e-06
1.237521e-06
1.232799e-06
1.191294e-06
1.185701e-06
1.133668e-06
1.169134e-06
1.084217e-06
1.039993e-06
1.053459e-06
1.007772e-06
1.013204e-06
1.002072e-06
1.037056e-06
9.914261e-07
9.82468e-07
1.030961e-06
1.010948e-06
1.138355e-06
1.054211e-06
1.069421e-06
9.882722e-07
9.83575e-07
1.012482e-06
1.065131e-06
1.041145e-06
1.042983e-06
1.102925e-06
1.0162e-06
1.026391e-06
1.036405e-06
1.03526e-06
1.028639e-06
1.065087e-06
1.085423e-06
1.090434e-06
1.071573e-06
1.111868e-06
1.055171e-06
1.068848e-06
9.830003e-07
9.195306e-07
8.861733e-07
8.054622e-07
8.194016e-07
8.088048e-07
7.108557e-07
6.606998e-07
6.886042e-07
6.738806e-07
6.137885e-07
6.033133e-07
6.183415e-07
6.556951e-07
6.57294e-07
6.517803e-07
6.695254e-07
6.290008e-07
6.001581e-07
6.322676e-07
6.218869e-07
6.029562e-07
5.58347e-07
5.589704e-07
5.336457e-07
6.063968e-07
6.022814e-07
5.828882e-07
5.923143e-07
6.105911e-07
6.249276e-07
6.479277e-07
7.029238e-07
7.681061e-07
7.703464e-07
8.30261e-07
8.86506e-07
8.880776e-07
9.161603e-07
8.733871e-07
8.758387e-07
8.936172e-07
9.380389e-07
1.009638e-06
1.056452e-06
1.015957e-06
1.074255e-06
1.111705e-06
1.126061e-06
1.113288e-06
1.052506e-06
1.087532e-06
1.202659e-06
1.227781e-06
1.156901e-06
1.174094e-06
1.066021e-06
1.030692e-06
1.105701e-06
9.909221e-07
1.009063e-06
1.009887e-06
9.996212e-07
9.630695e-07
9.418946e-07
8.885781e-07
8.034649e-07
7.719208e-07
7.189137e-07
7.539904e-07
7.375286e-07
7.897033e-07
8.015782e-07
8.154967e-07
8.722123e-07
8.882477e-07
8.532899e-07
8.220758e-07
8.107516e-07
8.917573e-07
8.558066e-07
8.556767e-07
8.238691e-07
8.013378e-07
8.080749e-07
8.106162e-07
8.3308e-07
8.268045e-07
7.927457e-07
8.376178e-07
7.979258e-07
7.289166e-07
7.015288e-07
7.255774e-07
6.998175e-07
7.076978e-07
6.945336e-07
6.336922e-07
6.135092e-07
6.258493e-07
6.230878e-07
6.3462e-07
6.222959e-07
5.9912e-07
6.047426e-07
5.674524e-07
5.711514e-07
6.182976e-07
6.207143e-07
5.697495e-07
5.906382e-07
6.044128e-07
5.612336e-07
6.066882e-07
5.839914e-07
5.517551e-07
5.407591e-07
5.667082e-07
6.119471e-07
6.570453e-07
6.676798e-07
5.850695e-07
6.101857e-07
6.223453e-07
6.124007e-07
6.507849e-07
6.284688e-07
6.122865e-07
6.310311e-07
6.233445e-07
6.636286e-07
6.48788e-07
6.010676e-07
6.091693e-07
6.74029e-07
6.562961e-07
6.617617e-07
6.608283e-07
6.337222e-07
5.751704e-07
5.825545e-07
5.842589e-07
6.179573e-07
5.884254e-07
5.986429e-07
6.238048e-07
6.799654e-07
6.392449e-07
5.652692e-07
5.904547e-07
6.235927e-07
6.214976e-07
6.636488e-07
6.655437e-07
6.126719e-07
6.184543e-07
6.193055e-07
6.108378e-07
5.552217e-07
5.615339e-07
5.388172e-07
5.665476e-07
5.828599e-07
6.402544e-07
6.097063e-07
6.134871e-07
6.197609e-07
6.258374e-07
7.254842e-07
7.167965e-07
7.234086e-07
7.479335e-07
7.147648e-07
7.02027e-07
7.503887e-07
7.246828e-07
7.664312e-07
7.858434e-07
8.036121e-07
7.453301e-07
7.673694e-07
7.384421e-07
7.491071e-07
8.053337e-07
7.41425e-07
7.024592e-07
6.871848e-07
6.630961e-07
6.723472e-07
6.785418e-07
7.275349e-07
6.927855e-07
7.179346e-07
7.535986e-07
7.932597e-07
8.642839e-07
8.297398e-07
9.013049e-07
9.408921e-07
1.049223e-06
1.075465e-06
1.033773e-06
9.585237e-07
1.023574e-06
1.147829e-06
1.178615e-06
1.105818e-06
1.054719e-06
1.00274e-06
9.724113e-07
1.024411e-06
9.952926e-07
9.281691e-07
7.93952e-07
8.089901e-07
8.540491e-07
8.20585e-07
8.485704e-07
8.276276e-07
7.8142e-07
7.701337e-07
8.095491e-07
8.678152e-07
9.135348e-07
9.451903e-07
8.324784e-07
8.44701e-07
8.429347e-07
8.320781e-07
7.497155e-07
7.187164e-07
7.212581e-07
7.045068e-07
6.28068e-07
6.040268e-07
6.22741e-07
6.492138e-07
7.117865e-07
6.952015e-07
6.802742e-07
6.331583e-07
6.270362e-07
6.050868e-07
6.117065e-07
5.813304e-07
5.242812e-07
5.184435e-07
5.295027e-07
5.476873e-07
5.231309e-07
5.172044e-07
5.530573e-07
5.144911e-07
5.249596e-07
4.726309e-07
4.623445e-07
4.668258e-07
4.422063e-07
4.581004e-07
4.664475e-07
5.067309e-07
5.541744e-07
5.967491e-07
6.036372e-07
6.062976e-07
5.835755e-07
5.385829e-07
5.468587e-07
5.952759e-07
5.994294e-07
5.854686e-07
6.073474e-07
6.22443e-07
6.469552e-07
6.330858e-07
6.019318e-07
5.715456e-07
6.190099e-07
6.425493e-07
6.946112e-07
6.776545e-07
6.963099e-07
6.497782e-07
6.708061e-07
6.711605e-07
6.448789e-07
6.294768e-07
6.137316e-07
6.252608e-07
5.959166e-07
6.129372e-07
6.266713e-07
5.953416e-07
6.338668e-07
6.256139e-07
6.320603e-07
6.111418e-07
6.337631e-07
6.527084e-07
6.575437e-07
6.621483e-07
6.617566e-07
6.396378e-07
6.608785e-07
6.463572e-07
6.810035e-07
6.649064e-07
6.908543e-07
6.826078e-07
6.771361e-07
6.732963e-07
6.599941e-07
7.252808e-07
7.322383e-07
7.393221e-07
7.086862e-07
6.888234e-07
7.010835e-07
6.017931e-07
5.88037e-07
5.647425e-07
5.29078e-07
5.010634e-07
5.346431e-07
5.598561e-07
6.063688e-07
5.605938e-07
5.594446e-07
6.017229e-07
6.480375e-07
6.251833e-07
5.807379e-07
6.185756e-07
6.074579e-07
6.327981e-07
6.373999e-07
6.354257e-07
6.576288e-07
6.592015e-07
7.000304e-07
7.253073e-07
7.429614e-07
7.377955e-07
6.868138e-07
6.805094e-07
6.5031e-07
5.849183e-07
5.649268e-07
6.102376e-07
6.155128e-07
6.200132e-07
6.231633e-07
6.127564e-07
6.289255e-07
6.37962e-07
6.103212e-07
6.183195e-07
6.166621e-07
6.283559e-07
6.636302e-07
6.573566e-07
6.130511e-07
5.999644e-07
6.50895e-07
6.457766e-07
5.627605e-07
5.533519e-07
5.564907e-07
5.490396e-07
5.531691e-07
5.985413e-07
5.828525e-07
6.355749e-07
5.969874e-07
5.886745e-07
5.632398e-07
6.032215e-07
5.93446e-07
5.405206e-07
5.992471e-07
5.676088e-07
5.784739e-07
6.034234e-07
6.627515e-07
6.639322e-07
6.50953e-07
6.293885e-07
6.300292e-07
5.829885e-07
5.894012e-07
6.089091e-07
6.821968e-07
6.561205e-07
6.765024e-07
7.646648e-07
7.808068e-07
7.432231e-07
8.163942e-07
8.659524e-07
9.612617e-07
9.125796e-07
8.799018e-07
7.863819e-07
7.428079e-07
7.323166e-07
6.893257e-07
6.41549e-07
7.486695e-07
7.678519e-07
7.734506e-07
7.522194e-07
8.093638e-07
8.776094e-07
8.914567e-07
9.100284e-07
9.677723e-07
8.951455e-07
8.512227e-07
8.020143e-07
7.456539e-07
7.023175e-07
7.074542e-07
7.41337e-07
7.401768e-07
6.441319e-07
6.059069e-07
6.237572e-07
5.75344e-07
6.155373e-07
6.529703e-07
6.387153e-07
6.461441e-07
6.524555e-07
6.100863e-07
6.332036e-07
7.186507e-07
7.487263e-07
7.141566e-07
7.021045e-07
6.675577e-07
7.224842e-07
7.814758e-07
7.566546e-07
7.560476e-07
7.753543e-07
7.529742e-07
6.421036e-07
6.488482e-07
6.341356e-07
5.646998e-07
5.24827e-07
4.854662e-07
4.988591e-07
4.655571e-07
4.527527e-07
4.402116e-07
4.405484e-07
4.341239e-07
4.543502e-07
4.291513e-07
4.218258e-07
4.654081e-07
4.70795e-07
4.45168e-07
4.530865e-07
4.617374e-07
4.859236e-07
4.90037e-07
4.650569e-07
4.68443e-07
4.641161e-07
4.87515e-07
5.114473e-07
4.987615e-07
4.8462e-07
4.875915e-07
4.834452e-07
5.315452e-07
5.363782e-07
5.53957e-07
5.685629e-07
5.802855e-07
5.53986e-07
5.564592e-07
5.554106e-07
5.566534e-07
5.466061e-07
5.715313e-07
6.266923e-07
5.836967e-07
5.615502e-07
5.581948e-07
5.725013e-07
5.81616e-07
6.222232e-07
5.969226e-07
5.77414e-07
5.572087e-07
5.316549e-07
4.800712e-07
4.97219e-07
5.043306e-07
5.240515e-07
5.383947e-07
5.560533e-07
5.189451e-07
5.162144e-07
5.724603e-07
5.584561e-07
5.521908e-07
6.171903e-07
6.074417e-07
