0.9713115
1.051678
0.9975249
1.114433
1.103883
1.310569
1.042265
1.10807
1.161324
1.023187
1.138811
0.9769892
1.031829
1.005369
1.005516
1.353503
1.036477
0.9468099
0.9621251
0.9941135
1.11748
0.9489142
0.9436584
0.8565399
1.019631
1.083767
0.980123
1.049994
1.015573
1.044165
0.9448886
1.053659
0.9919116
1.094978
1.050176
1.098882
1.094477
1.09962
1.023812
1.115132
1.147889
1.020715
1.137555
0.9958957
0.8976716
0.8895707
1.178015
0.9981336
1.039754
1.002609
1.005226
1.02975
0.9618978
1.147382
1.14706
1.042065
0.9831661
0.9790246
1.033202
1.243062
1.119608
1.011065
1.133382
1.019246
1.180987
1.059553
1.274105
1.058726
1.017987
1.117969
1.006786
0.9489608
1.093315
1.020177
1.191921
0.9786351
0.9555539
1.121879
1.086354
1.083627
1.242032
1.11997
1.132849
0.971623
1.188632
0.9655003
1.024056
1.122454
1.145153
1.13589
1.140584
1.140801
1.118345
1.267236
1.040366
1.091451
1.076534
1.054857
1.127776
1.015178
1.137315
1.229207
0.9845906
1.160542
1.29076
1.15372
1.123078
1.214434
1.034907
0.9748952
1.130225
0.994808
1.046627
0.9751138
1.109202
1.069582
1.06003
0.8888303
1.007141
1.149172
1.104216
1.326305
0.9824331
1.042315
1.116735
1.162062
1.284334
1.146979
1.153608
1.184172
1.057691
1.068452
1.016507
1.009315
1.004136
1.316043
1.112394
1.159012
1.016547
1.005592
0.9657044
1.080903
0.9706048
1.074115
1.106886
1.042946
1.080935
1.043044
1.04752
1.051732
1.124324
1.04322
1.100388
1.119019
1.230237
1.097268
1.019628
1.186055
0.9737181
1.035781
1.125537
1.149336
1.138198
1.15782
0.9764381
1.010854
1.075048
1.078321
1.20592
0.996757
1.171576
0.9956833
1.167502
0.9925604
1.050787
0.9770344
0.9847042
0.9626987
1.083198
1.030961
0.9546352
0.9489338
1.01307
1.0444
0.9925552
1.150203
0.9849931
0.9890262
0.948317
1.147968
0.9365603
1.222222
1.000405
1.107227
1.043896
1.05598
1.09979
0.9376536
1.093718
1.192425
1.074319
0.8276786
1.070827
0.9634707
0.9629836
1.055077
1.150314
0.8956267
0.9941941
0.9454044
0.9577776
1.056098
1.125281
1.103294
0.9031458
0.9609929
1.066406
1.023802
0.9687831
1.184198
1.175554
1.031004
1.081657
0.9215159
1.06376
0.9285636
0.9583728
1.049285
1.013575
1.111154
1.299856
0.9470148
1.198043
1.193465
1.070674
1.226207
1.114267
0.9544954
1.139614
1.103112
1.166748
0.9061936
0.9724846
1.143923
1.152889
1.010526
1.026175
0.9949272
0.9761163
0.945658
1.031118
0.9952803
1.154672
1.017534
1.096505
1.105178
1.067211
1.002952
0.9249429
1.0123
1.020888
0.8443752
1.024777
1.200801
0.9442868
1.167353
1.172911
0.9575266
1.244221
1.119904
0.960518
1.129779
1.151548
1.100939
0.9678854
1.085495
1.016543
1.02512
1.052929
1.050781
1.152364
0.9929889
1.044176
1.004937
1.073048
0.9422199
1.150229
1.217785
1.216619
0.893272
1.085115
1.031029
1.068206
1.234962
1.137334
1.160127
0.9875321
1.154229
1.103201
1.038447
1.078613
1.148401
1.115222
0.9176992
1.050183
1.038247
1.154924
1.1346
1.09554
0.8991866
0.9951412
0.8700174
0.9225708
1.286706
0.9682478
1.17953
1.158442
1.08931
0.9616061
1.240945
0.9469102
1.187703
1.159381
0.9345197
0.9729001
0.9494599
0.9996069
1.105418
1.120762
1.067908
1.007002
1.187845
1.079857
1.090633
0.9553121
1.010086
1.180436
1.130479
1.179137
1.036785
1.136711
1.146575
1.092595
1.031292
0.9583698
1.073236
1.163563
1.085947
1.086547
1.134768
1.073544
0.9678882
1.100512
0.9267704
1.102077
1.146624
1.03699
1.061627
1.150277
1.118536
1.035799
1.103316
1.065059
1.115582
1.08107
1.018
1.023104
0.9702936
1.013193
1.206887
1.017284
0.9134196
1.141442
1.008516
1.176678
1.065148
1.124665
1.115083
1.005902
1.151832
1.168485
1.050396
1.168235
1.013493
1.063303
0.9692712
1.043277
1.029575
0.9963121
1.157824
0.8864647
1.132654
0.9948029
0.8349334
1.127955
1.328315
1.112796
0.9402202
0.9962544
1.021155
1.20998
0.990511
1.032243
0.9745181
1.039297
1.120581
1.074783
1.078471
1.056724
1.103516
1.05822
1.121983
0.8983153
1.128978
0.9381722
0.9264641
1.005061
1.027346
1.08126
1.079525
1.049783
1.02945
1.126373
0.9425621
1.061124
1.106839
0.8957748
1.201384
1.081043
1.095849
1.04848
0.9913333
1.066745
0.9934024
1.214342
1.047996
0.9731148
1.113428
1.02429
1.077012
1.100289
1.186109
0.998045
1.05722
1.042455
1.275723
1.13433
1.169772
1.050078
1.170052
0.9367479
1.074415
1.209725
1.089868
1.112196
1.091678
0.9972945
1.031778
1.03812
0.9967621
1.170911
0.9624948
1.070446
1.143887
1.137082
1.132118
1.015146
1.136102
1.019383
1.134308
1.033638
1.129459
0.987679
0.9658304
0.8949575
0.9965646
1.012598
1.217083
0.9652695
1.107056
1.017005
1.01994
1.046698
1.008146
1.163869
1.115162
1.082264
1.114976
1.120202
1.147338
1.06989
0.9420958
0.8469853
1.04167
1.059718
1.074443
1.038764
1.013004
1.0078
1.112255
1.027398
1.060683
0.9922852
1.12483
1.232095
1.153898
1.147664
1.076063
1.131674
0.905661
1.299636
0.888913
1.161492
1.077247
1.16414
1.015186
1.058682
1.194467
1.225697
1.059772
0.9551059
1.030166
1.090453
1.175991
1.167258
1.101068
0.950604
1.151392
1.052703
1.17862
1.094572
1.072798
1.180066
1.310472
0.9816657
1.028855
1.310697
1.218791
1.139251
0.9336508
1.112651
0.9190763
1.043633
0.9060623
1.144858
1.050364
1.109304
1.064038
1.191274
1.346198
1.149604
0.9909519
1.213252
1.22298
1.100542
1.184328
0.9739013
1.219873
1.129481
1.150144
1.212616
1.015694
1.189592
1.155312
0.898758
1.063606
1.053653
1.124441
1.148042
1.049048
1.18975
1.127981
1.164259
1.091398
1.114073
1.34111
1.061587
1.115666
1.135583
1.153975
1.054201
1.082786
1.279357
1.139689
1.180133
1.170216
1.125953
1.130025
1.21561
1.05624
1.082579
1.155746
0.9934888
1.186655
1.309712
1.071376
1.074212
1.086959
1.189258
1.179812
1.055234
0.97132
1.192602
1.171984
1.127935
1.082446
1.117001
1.026261
1.08911
1.081621
1.02016
1.115803
1.175739
1.027178
1.012724
1.208981
1.014938
0.9963357
0.9746122
1.117998
1.039404
1.146349
1.15133
1.145101
1.234934
1.082201
1.137573
1.082681
1.108196
1.217305
1.061736
1.229085
1.169514
1.262836
1.185305
1.114614
1.033083
1.113151
1.244833
1.032103
0.9279264
0.9443003
1.224006
1.168018
1.143445
1.243745
1.185795
1.165478
1.103506
1.168582
1.274131
0.9797272
1.233421
1.128088
1.214432
1.117622
1.254655
0.9492726
1.000158
1.132651
1.038759
1.169358
1.153954
1.1088
0.9627458
1.061408
1.252905
1.204964
1.040531
1.070404
0.9870526
1.088972
0.9142507
1.044531
1.124472
1.000208
1.033693
1.073364
1.092819
1.080325
1.023028
1.03722
1.148452
1.072188
0.8744781
0.9874822
1.193202
1.000702
1.296723
0.9788533
1.252498
1.117148
1.027145
0.9273399
1.10837
1.101809
0.9712128
1.081457
1.115587
1.143285
1.167673
1.086822
1.09252
0.9756871
1.154429
1.180009
1.151704
1.032032
1.096362
0.9995866
0.9297354
0.9803878
1.072622
0.9552825
1.152753
1.00228
0.9549502
1.190912
0.9562304
1.057969
1.163775
1.050286
1.096517
1.053471
0.978064
1.127288
0.9546806
0.934582
0.9927817
1.049503
1.039765
0.9542755
1.148886
0.9005633
0.8920832
0.9556697
1.08652
1.106576
1.018048
1.003692
0.9649589
1.04733
0.9154271
0.9444477
0.9426348
0.9012289
1.064221
1.05671
0.9300927
0.9492457
1.251302
1.014023
1.007711
1.03295
0.9694339
1.038676
0.9964757
1.111366
0.9263506
0.9893802
0.8209627
0.9452148
0.9987525
1.141002
1.071198
0.9373326
1.192259
1.052142
0.9756499
0.9707835
0.8860308
0.9793242
1.008735
0.919688
0.9161866
1.004475
0.9193237
1.030342
1.008216
0.8342378
0.9969206
0.8423344
1.077232
1.032017
0.9971446
0.8789847
1.06718
1.008209
0.90901
0.922158
0.9146104
0.7811456
0.8340355
0.921823
0.9488325
1.169641
1.113841
0.9396959
0.8704981
0.8999859
0.9895301
1.020397
0.9916042
1.014863
0.9549883
0.9424798
1.096231
0.9179431
1.09526
1.078961
0.929939
1.063339
0.9973488
0.9166745
0.9522029
0.8354819
0.9542666
0.7671679
0.9823593
1.058742
0.9643163
0.9619064
0.952166
1.043553
0.9491935
1.049495
1.084265
1.049457
0.8480026
0.9992489
0.988773
0.8688969
1.020355
1.031909
0.9089238
0.9269796
1.01397
0.8486423
1.202869
0.9684123
0.9440168
0.9118407
1.088473
1.027393
1.124905
1.26884
1.125137
1.038089
1.072048
1.023684
1.010992
1.05023
1.04105
0.9035796
1.019114
0.9470216
1.056893
0.9876139
1.010845
1.075646
0.9307935
1.014008
0.9143971
1.104016
1.02324
0.9738151
1.080637
1.093379
1.034252
0.9524682
1.097495
0.9471141
1.127702
1.055577
0.8946212
1.268327
1.172273
1.109707
0.8990811
1.043153
1.115535
1.273394
1.176142
1.181295
1.088626
1.093884
1.092698
1.016951
0.8869956
1.092381
1.168508
1.087565
1.199543
1.174749
1.098599
0.9426701
1.072451
0.9756265
1.086684
1.100905
1.051245
1.03761
0.9031078
0.9705447
1.264473
1.04465
1.115565
1.03972
1.172646
1.107742
1.042553
0.8721769
0.9186817
1.217629
0.928713
1.107876
1.21229
0.9745458
1.050398
0.9644285
1.076479
1.142304
0.9415037
1.101985
0.8723335
1.07045
0.8718341
1.040139
1.020047
1.062864
1.014019
1.105655
0.9769234
1.244807
0.9856618
1.011549
1.075506
1.036218
1.115057
0.954137
1.128589
0.896773
0.9916673
1.169794
0.9909559
0.9744584
1.062745
0.8862993
1.085494
1.064777
1.104903
0.9656607
1.010795
0.9813902
0.8335097
1.005642
1.029649
0.955589
1.085159
1.003728
1.159008
0.9959817
1.141099
0.9209782
0.9083036
1.085503
1.072083
1.135817
1.081487
1.006626
1.021756
1.060854
1.150681
0.9706565
0.9837852
0.9556969
1.08598
0.9853162
1.032067
1.0094
1.22896
1.075164
1.097864
1.070998
1.185118
1.005295
1.073576
1.072996
1.046115
1.082095
1.093126
1.120773
1.024758
1.109632
1.027449
1.169594
1.078521
1.072828
0.9956033
1.08089
1.003474
1.024526
1.086283
1.116747
1.086931
1.38725
1.095052
1.128286
0.9417088
0.995586
1.048322
1.15358
0.9853293
1.079533
0.8038725
0.8980133
1.071038
0.9236505
1.215437
1.025612
0.9877965
1.025767
1.123076
1.022774
1.082336
0.9043323
0.9660778
1.149373
1.045622
1.128247
1.168434
1.181022
1.100926
1.147936
0.920594
1.165813
1.152017
1.146995
1.094777
1.018127
1.116145
1.033325
1.074651
1.040588
0.9643071
1.080268
0.9825936
1.042903
1.168867
1.048833
1.1404
1.161487
1.135156
1.159689
1.060965
1.081397
1.182729
1.094054
1.061963
0.8989343
1.224071
1.14451
1.101908
1.078899
1.159743
1.195117
1.242672
1.279521
0.9952053
1.180613
1.080497
1.173317
1.182276
1.254128
1.140231
1.055634
1.250689
1.309299
1.039436
1.071388
1.207032
1.067185
1.277577
1.212323
1.101617
1.188977
1.010164
0.9191427
1.070078
1.013477
1.105296
1.092044
1.132108
1.057967
1.175486
1.073466
1.293761
1.20412
1.039985
0.9313771
1.08822
1.17803
1.028011
1.054482
1.093033
1.210884
1.187576
1.060099
1.213054
0.9632822
1.218237
1.195365
1.112728
1.295043
1.108023
1.182511
1.13328
1.301743
1.077082
1.223634
1.237028
1.074948
1.104251
1.089779
1.09603
1.188511
1.277733
1.177523
1.190848
1.1413
1.288424
1.186487
1.063604
1.131372
1.179485
1.223127
1.112738
1.226389
1.157785
1.078044
1.165193
1.141185
1.283965
1.120365
1.233581
1.091712
1.164955
1.151787
1.074957
1.08002
1.086146
1.199308
1.029968
1.027628
1.020831
1.03534
1.108323
1.224575
1.13294
1.038192
1.081439
1.014475
0.9972832
1.173936
1.104217
1.115913
1.05277
1.080584
0.9941536
1.13079
1.148869
0.9839546
1.113498
1.068167
1.053911
1.106172
1.104796
1.074554
0.9540324
1.096997
1.061057
1.192036
1.091123
0.9892882
1.125815
1.061183
1.174245
1.047213
1.084804
1.005809
1.164764
1.082508
1.183005
0.9997208
1.221532
1.093606
1.088778
1.218279
0.9907175
0.9543855
1.192029
1.119302
1.070475
0.9647699
1.080003
1.141477
1.112244
1.049651
1.180639
1.155978
1.009444
1.207272
1.115348
1.103186
1.164756
1.091263
0.9791895
0.9829876
0.9482958
1.076189
0.9678524
1.193557
1.152744
0.8703152
1.085732
1.020648
1.020149
1.07104
1.074786
1.083959
0.9936927
0.9726111
0.9126727
1.098235
1.089415
0.9500296
1.076346
1.078316
1.075348
1.058269
1.074975
1.193692
1.137952
1.169623
1.200885
1.042523
0.9391804
1.148026
1.131593
1.075748
1.094962
1.185185
1.058331
0.9967323
1.25911
1.071772
1.114537
1.21404
1.109781
1.121789
0.9238291
1.214315
1.295575
1.068117
1.161298
1.19411
0.9710896
1.206933
1.041546
1.018195
1.08323
1.155897
1.156595
1.137387
1.060762
1.027272
1.251855
0.9759261
1.120035
1.034104
1.113729
0.9551379
0.9850667
1.029449
1.079336
1.169234
1.097013
1.267023
1.054228
1.150947
1.111807
1.112808
1.133125
1.166175
1.043874
1.077669
1.001079
1.06469
1.049547
1.09717
0.9887728
0.9623612
0.9739083
0.9590411
1.016655
1.151277
1.225382
0.9544841
0.9371417
0.9492001
1.030777
1.15701
1.375525
1.124343
1.055418
1.052182
1.271409
0.9708576
0.9899824
1.066166
1.006947
0.9706866
0.9526094
1.059396
1.132119
0.9953309
0.974497
1.129831
1.243993
1.215237
1.067674
1.137729
1.260463
1.136991
0.9314121
1.042426
1.073507
1.085008
1.175459
1.106884
1.038719
1.225013
1.141994
1.169741
1.120294
1.077986
1.056401
1.013606
1.056249
1.18289
1.067409
1.186656
1.169766
1.103407
1.180064
1.089219
1.046184
0.997319
1.078447
1.04203
1.017372
1.186803
1.037361
1.285427
1.164894
0.9564081
1.015801
0.9915966
1.082711
1.099891
1.282018
1.36546
0.9575795
1.114043
1.098248
1.193981
0.9759682
1.110165
1.102746
1.034309
1.073904
1.133283
1.01905
1.113349
1.04295
0.9502141
1.150935
1.284823
1.136554
1.069311
1.089758
0.975319
1.042924
1.0436
0.9632592
1.134172
1.061611
1.14867
0.9223007
1.167838
1.165326
1.033967
1.019327
1.278818
1.117269
1.09394
1.195127
1.04261
1.187678
1.195817
1.156913
1.14245
1.207081
1.04314
1.013869
1.358506
1.244638
1.167443
0.9235325
1.330322
1.134533
1.186858
1.247548
1.178338
1.080418
1.084182
1.164102
1.188359
1.078094
1.171061
1.114701
1.197801
1.260336
1.138395
1.471649
1.241736
1.312955
1.125118
1.142269
1.207138
1.202503
1.04146
1.057697
1.018626
1.031408
0.9976267
1.033417
1.229235
1.034435
1.052275
1.061927
0.9866699
1.219255
1.109689
1.045143
1.058319
1.222991
0.9475587
1.143348
1.152851
1.023414
0.9574467
1.038141
1.035578
1.227434
1.053748
0.9489676
1.103296
1.070551
1.079338
1.123988
1.150597
1.13369
0.9850424
1.167213
1.065706
1.130143
1.02859
1.047312
1.064642
1.028902
1.001993
0.8598668
0.8536019
1.095353
1.082464
1.199675
1.106669
0.9516081
0.9786701
1.263406
0.881072
0.9052732
0.9642645
0.988735
1.075467
1.031326
1.127848
1.377783
1.238524
1.182919
0.9816274
1.023863
1.171665
1.265738
1.020527
1.030731
1.106645
1.011439
1.178208
0.9780076
0.9729734
1.106511
1.210658
0.9875811
1.173213
1.07484
0.9752764
1.127764
1.120551
1.021481
1.16899
0.9027169
0.9296857
0.979517
1.075255
1.068662
1.100993
1.023143
1.081914
1.174783
1.086856
0.911163
1.111086
1.180925
1.054922
1.082876
1.079855
1.009897
1.095039
0.9885964
1.032392
1.137691
1.073883
1.106736
1.082099
0.8657324
1.086651
0.9821325
1.000183
1.110172
0.903545
1.013001
0.9760676
1.06436
1.153629
1.052311
1.197352
1.164401
0.988474
1.030793
0.9313341
1.013703
0.9321853
1.26792
1.015553
1.157964
1.092883
0.958149
0.8911553
1.108797
0.9466049
0.9348054
0.9471676
0.9326529
1.019865
1.080998
1.001941
0.9694435
0.9580377
1.12932
1.201467
0.9289214
0.958623
0.9459669
1.138402
0.9803489
1.124307
1.078475
1.136008
0.9467614
0.8507457
1.104634
1.11933
0.9597187
1.12694
0.892542
1.170679
1.060079
1.08613
1.08942
1.006031
0.9724537
0.9240477
1.135493
1.037513
1.182932
0.9775297
0.9837243
0.9747673
1.062561
1.156117
1.173425
1.175269
1.178888
1.193963
1.013268
0.9465039
1.226242
1.037027
1.003083
0.927509
1.086277
1.180077
1.149881
1.014769
1.127869
1.022434
1.074714
1.165131
0.9614444
1.101104
1.196926
1.11352
1.030771
1.003033
1.116533
1.073179
1.050795
1.222063
1.099165
1.099463
0.9879983
1.088895
1.009493
1.037976
1.255037
1.125713
0.9110959
1.078274
1.173374
1.059426
1.200978
1.130462
1.091303
1.101636
0.9080273
1.175081
0.9977627
1.239604
0.9636735
0.9563249
1.005981
1.070962
1.039025
1.006347
0.8766631
1.025585
1.162547
0.9898311
0.9250891
0.9621553
1.040303
1.067339
1.076885
0.956184
1.042227
0.9550249
1.144703
1.005438
1.075514
0.9397362
1.059913
1.135165
1.058294
0.8354009
0.9618635
1.162477
1.015307
1.042802
0.9016252
1.068411
0.9021367
1.060601
1.019617
0.8830192
0.9564421
1.203475
0.9842516
0.9291921
1.198503
1.084689
0.9841939
0.9423032
1.040039
1.058165
1.028857
0.8326381
1.166097
1.024847
1.032604
0.9871518
0.9632453
0.9718923
1.291397
0.922879
0.8754243
0.9816376
1.050629
1.03382
0.9391681
0.9858645
0.9877568
1.034963
0.9733535
1.124947
1.214408
0.9939426
1.237197
1.203351
1.161137
1.1798
1.196925
1.115856
1.033905
1.267243
0.9294504
1.086858
1.284166
0.9394954
1.05982
1.087101
1.135745
1.206163
1.077441
1.126005
1.2768
1.170113
1.092076
1.114647
1.048704
1.080744
0.9920168
1.219424
1.130603
0.9616125
1.21759
1.158209
0.9702587
1.080158
0.9777821
0.9860201
0.9515889
1.143014
1.111833
1.061162
1.139185
1.094756
0.9903014
1.025049
1.219776
1.039318
1.069365
1.076035
1.010735
1.110415
0.9753156
1.123582
1.124848
1.108242
0.9865404
1.168359
1.140413
1.233072
1.139864
0.9462064
1.10825
1.013643
1.064925
1.106831
1.187014
1.161366
0.9504669
1.04833
0.9451503
1.086207
0.9820373
1.25932
1.206721
1.063784
1.105134
1.081344
0.9790682
0.9521759
0.9540396
0.891417
0.8074046
1.165602
1.093349
1.000586
1.290902
1.215639
0.9397715
1.273743
0.9508257
1.040651
1.11853
1.031765
1.129722
1.085048
0.8839103
1.085656
1.003743
1.131506
1.024603
0.9149584
1.011263
0.8895892
1.041371
0.9086053
1.075552
1.069366
1.052816
0.9361803
1.082499
1.092645
0.9896936
1.016262
1.111039
1.000877
1.076164
0.8964264
0.9681144
0.9202411
0.946545
1.039665
0.93245
0.9986141
1.123982
1.164574
1.162386
0.9140272
1.073878
1.057963
0.9542478
0.8739157
1.214638
1.024944
0.9505012
1.062283
1.088548
1.180534
0.9961517
1.298732
1.02326
1.040592
1.023831
1.031347
0.9921963
1.063581
1.154945
0.8644953
1.156759
1.101774
1.125988
1.127154
1.09481
1.055111
1.000608
1.19471
1.016145
1.070395
1.102455
1.076734
1.137918
1.250655
1.142202
1.090221
1.219342
1.049701
1.220769
1.222721
1.075922
1.239021
1.019041
1.128312
1.019396
1.290409
1.104409
0.9010846
1.103838
1.066004
1.17675
1.15207
1.097429
1.082494
1.092123
1.157308
0.9970872
0.9610931
0.8432076
1.048055
0.9392445
1.20347
1.132456
1.139518
1.205111
1.025669
1.146454
1.04749
1.137381
1.24013
0.9469569
1.226547
1.052968
1.045902
0.90853
1.172379
1.066232
1.058153
1.086154
1.031198
0.9700285
1.041645
1.073613
1.058619
1.081098
1.094943
1.094248
0.8933256
1.150572
1.167053
1.065975
1.114292
0.9421955
0.9898323
0.9176423
1.035307
0.9640359
1.116012
1.103964
1.085641
0.9580328
0.9653477
1.033888
0.966694
1.073924
0.9608146
1.118078
1.012767
0.9627095
1.049352
1.006128
0.91861
1.060641
1.234778
0.9808074
1.12018
1.002654
0.8238363
1.166411
0.8651261
0.9430377
0.9589484
0.9346511
0.8463882
0.9116702
1.025871
0.9419601
0.9688139
0.8929635
1.028171
1.03313
1.214388
0.8717926
1.181342
0.9489021
1.032074
0.8621336
1.082103
0.973488
0.9128647
0.9318555
1.035751
1.099831
0.9724252
0.9987965
1.027334
0.9756807
1.04716
0.9990595
1.06086
0.9694968
0.9645444
1.023244
1.035773
1.098882
1.169996
1.089252
1.103152
1.136555
1.048093
1.01507
0.9975354
0.9677771
1.047865
1.051394
0.917223
1.078249
1.155781
1.060529
1.022963
0.9700592
1.080937
0.9779862
1.06853
0.9657612
1.078868
1.041686
0.9563365
0.918635
1.150204
0.9846076
1.130413
0.9613488
0.9309608
0.9734877
1.055411
0.9671475
1.068066
1.060142
0.9908895
1.080392
1.0936
1.000154
1.151246
1.130794
1.049412
1.036653
1.054276
1.177435
1.1105
1.113129
0.9955578
1.084272
1.086773
1.143737
0.9482271
1.051863
1.007761
1.009839
1.097272
0.9522059
1.013398
0.9519678
1.235768
1.057081
0.9439115
1.135046
1.003129
1.059957
0.9047257
1.20278
1.051108
1.001367
1.07239
1.01442
0.9907455
1.001357
0.8323954
1.053206
0.9972759
0.9957697
1.074062
0.9479449
0.8836814
0.902173
0.9676032
1.069708
1.035979
1.07645
0.9897111
1.153531
0.9894049
1.087257
1.039924
1.067351
0.9990831
1.054214
1.227548
0.9326569
1.132324
0.9100932
1.036591
1.040016
1.081892
1.217487
1.019029
0.9938814
1.00795
1.166783
1.080829
1.208164
0.9215528
1.158217
1.091236
1.083045
0.9670463
1.084095
1.119379
1.065392
0.9489681
1.117603
1.08232
1.055158
1.039786
1.122411
1.290201
1.075701
0.9599807
0.9874836
1.136748
0.9199816
1.242775
1.00815
1.018028
1.00035
1.072283
1.028663
1.382599
0.9590005
1.085458
1.035801
0.9852011
1.155673
1.088993
1.215022
1.03476
1.066975
1.244747
0.9907156
1.162564
1.029187
1.002048
1.110038
0.899038
1.129235
0.9283965
1.025555
1.047481
1.019601
0.9976111
1.04464
1.192014
1.097387
0.9490385
1.114733
1.236867
1.079473
1.111613
0.9657548
1.029414
1.074338
1.114054
0.9974175
1.090351
1.110417
0.9990221
0.9711542
1.223637
1.129425
1.150089
1.083848
1.289092
1.203036
1.089703
1.122269
1.128666
1.109353
0.9954924
1.128868
1.230989
1.100215
1.055385
1.089738
1.112985
1.204507
0.9155098
1.087207
1.100751
0.9588758
1.072955
1.100549
0.9980052
1.057432
1.035762
1.096871
1.068296
1.073472
1.114593
1.078707
1.094981
1.198883
1.208473
1.198454
1.027714
1.059843
1.101955
1.07097
1.29622
1.279007
1.234955
1.06552
1.052974
1.336921
1.056123
1.126769
1.042938
1.113506
1.166163
1.122795
0.9300611
1.016927
1.043053
1.109478
1.019932
1.070803
1.139073
1.115449
1.096353
1.07273
1.329132
1.099928
0.9947684
1.03137
1.2314
1.001831
1.062726
1.051377
0.9852176
0.9964839
1.065922
1.037731
0.9466757
1.054522
1.097683
1.082177
1.031828
1.04707
0.9741112
1.057008
0.9460442
1.211543
0.9700315
1.000943
1.012487
1.053578
1.10575
1.214011
1.164189
1.230569
0.9215972
0.961731
1.042171
0.9922691
0.9694769
0.9159202
0.99128
0.8169815
1.11265
0.9910937
1.116386
1.012057
1.073097
0.9741891
0.9382131
1.092385
1.166344
1.039619
1.072769
1.226024
1.054046
1.058577
0.9841697
1.037721
0.9902485
0.9369744
1.003329
1.150834
0.9582035
1.032876
1.114085
1.173366
1.189876
1.03519
1.310132
1.131133
0.9861652
1.120053
1.129856
1.068283
1.145027
1.226966
1.102654
1.130382
1.086454
1.175492
1.063808
1.034487
1.181741
1.189782
1.120527
1.14575
1.006414
0.9751587
1.038359
1.319353
1.081867
1.073334
1.121587
1.043217
1.17334
1.05798
1.02413
1.191448
1.144593
1.027918
1.036131
0.9260491
1.192681
1.079737
0.9655338
1.010936
1.157066
1.0148
0.9770654
1.029801
1.240498
1.047686
1.060291
0.9291743
1.22612
0.8977178
1.006697
1.021957
1.01617
1.033795
1.264178
0.9590675
1.014814
1.079596
0.951106
0.9927365
1.230832
1.235642
0.9471245
1.014194
0.9415909
1.082624
0.9628917
1.041466
1.058514
1.050306
1.023555
1.120164
1.028163
0.9679429
1.027578
1.060009
1.151423
1.124209
1.030673
1.039586
1.046728
0.9264292
1.10221
1.160334
1.124676
1.093422
1.221418
1.037819
1.087823
1.076014
1.048563
0.9691089
1.13716
0.9305439
1.019652
1.066334
1.112288
1.051299
1.27835
0.9884021
1.218783
1.064702
1.086684
1.065044
1.167422
0.9041509
1.091599
1.161033
1.068448
1.18933
1.045711
1.192573
1.073377
1.053199
1.186813
1.261145
1.141303
1.100669
1.163501
1.238156
1.138847
1.153708
1.051087
1.151396
1.011111
1.184491
1.072417
0.9405435
1.083659
1.000521
1.095717
0.9156521
1.132332
0.8964479
1.203105
1.088101
1.16815
1.045891
1.007283
1.13293
1.074626
1.244336
0.974777
1.11991
1.079269
1.101068
1.170003
1.181381
1.135728
1.014212
1.142432
1.093019
1.093614
1.141497
1.169001
1.112507
1.130369
1.28645
1.086123
1.133005
1.101155
1.108209
1.042668
1.401416
1.10375
1.31134
1.065291
1.181618
1.189871
0.9029237
0.9028531
1.073314
1.093574
1.150768
1.225375
0.8830599
1.070856
1.105974
1.046648
1.044748
1.028751
0.9465082
1.07006
0.9545459
1.178433
1.2428
1.192872
1.076894
0.9274954
1.081294
0.9827457
1.113447
1.051174
1.054264
1.069303
1.108738
1.316463
1.114757
1.025581
1.138071
1.043879
1.102606
0.9705725
1.183154
1.084101
1.042353
1.119777
1.107746
1.08796
1.060073
1.02331
1.179659
1.03521
1.138594
1.095718
1.08945
1.048738
1.234172
1.158123
1.220472
1.08087
1.256895
1.2158
1.272052
0.9847912
1.258557
1.112313
1.168341
1.145416
1.183412
1.287501
1.126315
1.101381
1.183635
1.124304
1.232726
0.9819779
1.20132
1.158552
1.077843
0.9956264
1.20607
1.07351
1.012817
0.9753256
1.168628
1.075911
1.065627
1.107533
0.9625663
1.09891
1.041324
1.273968
1.252187
1.177301
1.324557
1.317261
1.053936
1.087465
1.272005
1.231111
1.122479
1.353382
1.117316
0.984825
1.142028
1.140768
0.9773801
1.227966
1.210693
1.036788
1.12898
1.042928
1.020664
1.151604
1.05211
0.864426
1.283071
0.9699825
1.06193
1.136381
0.9429446
1.037685
1.002447
0.9206316
1.341694
1.034379
1.056545
1.18741
1.103712
0.952235
1.11039
1.18368
1.106905
1.069504
1.011495
1.009752
1.194641
1.235175
1.039166
1.168598
0.9937562
1.009394
1.182641
1.022791
0.9997626
1.080152
0.9969611
1.046457
0.9744048
1.027116
1.235684
1.076618
1.205089
1.139742
1.069071
1.012924
1.187407
1.224394
1.05568
1.19208
1.142731
1.167824
1.19224
1.065816
1.163567
1.112282
1.051894
1.005052
1.267671
1.160216
1.169548
1.028642
1.315473
1.04512
1.263843
1.109793
1.122742
1.001874
1.095655
0.9845854
1.148802
1.094764
1.115676
1.131742
0.9811277
0.9504948
1.191748
1.034972
1.043162
1.237028
1.155553
1.171814
0.97275
1.170983
1.226537
1.090072
1.194921
1.156901
1.133243
1.130295
1.098065
0.973497
1.153277
1.082326
1.210319
1.130408
1.137105
1.212365
1.004976
1.079804
1.114339
1.190559
1.099087
1.171455
0.9821728
1.198111
1.165439
1.136495
1.205126
0.9698501
1.021626
1.112668
1.08256
1.16515
1.066665
1.072804
1.080095
1.103162
0.978944
1.038168
1.073177
1.034672
0.9472962
0.9997088
0.9829036
1.034177
0.9623846
1.041734
0.9817178
0.9662692
1.032344
1.105524
1.099352
1.022801
1.011767
1.048726
1.152905
1.135095
1.07658
1.055763
1.089446
1.142268
1.200947
0.8904354
1.151761
1.011401
0.9105802
1.275689
1.210126
1.11457
1.117387
1.052568
1.049983
1.094464
0.9693516
1.065549
1.021866
1.126867
0.935264
0.9645537
1.079463
1.080003
0.98045
1.10275
0.9860529
1.059626
1.023823
1.132036
1.079351
1.101253
1.043714
1.043942
1.062318
1.088597
1.147896
1.114154
1.085544
1.135594
0.8440648
1.08815
1.028058
1.015912
1.105775
1.21638
1.075336
0.9194454
1.120397
1.145511
1.114505
1.176854
1.04657
1.060238
1.072607
0.9973314
1.101912
1.054348
1.127157
1.112088
1.053241
1.052121
1.129215
1.160748
1.060252
1.2913
1.031265
0.9922171
1.058781
1.188511
1.065074
1.07779
1.119368
1.046897
1.013631
1.161973
0.9443879
1.09231
1.041864
1.02691
1.019911
0.8335246
1.093059
1.050708
1.046106
0.9410272
1.020036
0.9902775
1.091471
1.015362
1.101943
1.031255
1.044419
0.9884653
0.8971115
0.9756856
1.330696
1.197106
0.9488817
0.8960148
1.022621
1.071207
0.9675914
1.110778
1.012695
1.154332
1.070892
1.142679
0.9269442
1.058528
1.131286
1.084657
0.8163322
1.055933
1.093975
1.35229
1.102365
0.9683474
0.9080664
1.028417
0.9932234
1.052296
1.080727
1.11497
0.8334872
1.207496
0.9175937
1.130055
0.9884813
1.000178
0.9185981
0.9438402
1.002662
1.023097
1.003546
1.081896
1.016696
1.126281
1.068706
0.993775
1.033756
0.9600835
1.192276
0.9266945
0.9384723
1.08383
1.153003
1.098764
1.005045
1.118015
1.213173
1.068896
0.9254191
0.9541594
0.9582184
1.024536
0.9354604
1.117742
1.13867
1.123331
0.9320938
1.050856
1.165886
0.8396179
0.9600307
1.044011
0.9656894
0.9494844
1.139908
1.061738
1.069328
1.041395
1.043377
1.053173
1.125525
1.097686
0.9897688
1.025586
0.9139813
1.034479
1.074723
1.245984
1.170488
1.10942
1.20764
1.101551
0.9606406
0.9935764
0.9728473
1.088379
1.025472
0.9243634
1.112663
0.9961601
1.283521
1.109851
1.011385
1.239571
0.9524973
0.9477148
0.9484627
0.8908747
0.8952892
1.090858
1.016579
1.107459
1.095957
1.11504
1.016859
0.9098051
1.056238
1.142012
1.012372
1.075832
1.209837
1.008247
1.151639
1.111799
1.100293
1.176312
1.147506
1.212285
0.9946179
1.135363
1.160695
1.079459
1.212882
1.072585
0.9830881
1.161034
1.093296
1.011079
1.026786
0.9811856
0.9633701
1.051212
1.164357
1.094904
1.077163
1.268489
1.125212
1.236443
1.083288
1.149152
1.167103
1.049335
1.2403
1.223671
1.049912
0.9992212
1.161088
1.049495
1.010787
1.188061
1.176697
0.9699191
1.050018
1.159662
1.142128
1.061592
1.030717
1.051709
1.041156
1.196335
1.185447
1.208592
1.02313
1.12575
1.193862
1.125003
0.9896706
1.271121
0.9833486
1.088547
1.072472
1.24727
0.9452066
1.147978
1.116366
1.17267
1.093354
1.312727
1.211641
1.14964
1.219691
1.151569
1.243592
1.170051
1.101555
1.0448
1.039969
1.101248
1.221568
1.064694
1.097954
1.365059
1.204793
1.307571
1.123801
1.213531
1.133641
1.23028
1.181801
0.9834354
1.125143
1.016003
1.038226
1.159661
1.100684
1.099816
1.053895
1.025893
0.9277115
1.163783
1.058801
1.093227
1.098102
1.268387
1.09735
1.018178
1.008938
1.079056
1.169578
1.184275
1.024744
1.137624
1.128883
1.172368
0.9459787
1.269572
1.235357
1.046458
1.092809
1.255697
1.087775
1.385245
1.171204
1.124995
1.241149
1.020295
1.056624
1.180737
1.09706
1.182658
1.141004
1.193942
1.255786
1.175903
1.107248
1.12848
1.247953
1.176952
1.197007
1.158297
1.254584
1.314841
1.123904
1.189631
1.316406
1.16018
1.146607
1.126167
1.190466
1.065456
1.140532
1.153402
1.273479
1.175103
1.446646
1.155978
1.012116
1.204908
1.00552
1.11369
1.119408
1.151048
1.147424
1.169995
1.121544
1.33158
1.149365
1.177723
1.272693
1.134852
1.018521
1.156487
1.31902
1.14937
1.083539
1.166644
1.212907
1.167146
1.242311
1.223814
1.28802
1.151811
1.122833
1.217378
1.241388
1.08077
1.157589
1.280098
1.285311
1.330962
1.136105
1.102973
1.180714
1.118278
1.140459
1.069158
1.030467
0.9787013
1.119578
1.133284
1.174369
1.132031
1.15542
1.135872
1.118101
1.151939
1.095809
1.133011
1.179065
1.31647
1.137659
1.342618
1.358028
1.023367
1.112249
1.095938
1.092739
1.133176
1.353933
1.246498
1.093249
1.037354
1.239071
1.08945
1.084824
1.201443
1.272633
1.208175
1.138193
1.160545
1.254647
1.230927
1.086664
1.180946
1.32725
1.101973
1.081449
1.075165
1.0528
1.317723
1.079355
1.096618
1.237626
1.159162
1.216071
1.127288
1.204196
1.164475
1.153694
1.024194
0.9915924
1.166135
0.9825369
1.166986
1.31507
1.205543
1.310507
1.236905
1.264098
1.167408
1.213452
1.030345
1.0709
1.018775
1.174878
1.285553
1.060026
1.160734
0.9644414
1.043601
1.050116
1.128599
1.041761
1.118141
1.103796
1.266744
0.9872498
1.08342
0.9604074
1.217537
1.094418
1.005436
1.176235
1.129796
0.9909435
1.059058
1.015423
1.05351
1.164803
1.252296
1.121719
1.162685
1.151367
1.015073
1.051972
1.218234
1.016557
1.147112
1.081565
1.268602
1.19532
0.9670752
1.276665
1.057303
1.152409
1.069436
1.243881
1.047266
1.067365
0.9971972
1.00822
0.9390272
1.23867
1.034003
1.076595
1.003299
1.111192
1.070589
1.002471
1.077802
1.031486
0.9110198
1.164747
0.9624881
1.121261
1.152242
0.9757031
1.01496
1.010496
1.224359
1.049823
1.000937
0.8866657
1.03818
1.128389
1.010371
1.048697
1.030541
1.200753
1.086782
1.141794
1.016499
1.003122
1.071522
1.020158
1.210143
1.179045
1.095022
1.228878
1.091747
1.098805
1.078577
0.9733002
0.9871487
1.045083
0.9349693
1.189938
1.188858
0.9419327
1.131577
1.017547
1.136951
1.133006
0.8815324
1.002172
1.050762
1.021238
0.9768934
0.9540067
1.159758
1.218595
1.039132
0.9464464
1.006072
1.114881
1.074235
0.9829572
0.976425
1.138879
1.141763
1.140023
1.092706
1.093145
0.9697325
1.048706
1.073629
1.133516
1.112172
1.057609
0.8522145
1.113764
1.193315
1.037017
0.9995327
1.082441
0.9687379
1.222846
1.02581
0.9142325
0.875407
1.031074
1.069307
1.130055
1.221505
0.9699631
1.246856
1.031818
1.298276
1.06505
1.273902
1.114957
0.9388914
1.079081
0.8974677
1.049798
0.9193332
0.9905087
0.9206046
1.011978
0.9760361
1.151226
1.07061
0.9858455
0.976337
1.196105
1.028836
1.069337
0.8983955
1.073393
1.102017
1.01976
1.089646
1.103499
1.181426
1.096
1.084472
1.038358
1.013391
1.214301
1.017536
1.117768
0.9799852
0.9513813
0.9274987
0.9887764
1.00348
0.9297973
0.9992181
1.134975
1.236293
1.016017
1.084342
1.055502
1.123495
1.062539
1.148948
1.072951
0.9289538
1.137564
1.187604
1.110662
1.151652
1.184519
1.109114
1.146863
1.111881
1.174949
1.022283
1.093819
1.046833
1.016764
1.12973
1.198588
1.122962
1.037168
1.209006
1.098999
0.9395932
1.244464
1.064254
1.034397
1.159306
1.124826
1.280464
1.017958
1.02761
1.072392
0.9297052
1.059071
1.00822
1.172294
1.220928
1.121578
1.124445
1.031174
1.056764
1.191304
1.109727
1.063793
1.07696
1.09725
1.002936
0.9536608
0.8992589
1.103776
0.9951032
0.9984366
1.156874
1.210366
1.005684
1.325446
0.9209836
1.061187
1.088075
1.03166
1.08342
0.9889311
1.188353
1.097775
0.9477477
0.9200382
1.109362
0.9839758
1.110513
1.064091
1.104911
1.067257
1.140324
0.9677093
1.1996
1.01637
1.034915
1.040804
1.164381
1.062985
0.9158707
1.112288
0.9815039
0.9867891
1.018061
0.9262223
1.167203
0.9365398
1.040895
1.099285
1.051894
0.9405468
1.148237
1.062791
1.090444
1.097598
0.9573668
0.9514112
0.9556186
1.019578
1.061611
1.015337
0.97783
1.046516
1.095031
0.992154
1.095109
0.9973291
1.084047
0.9832092
1.056107
0.9993669
0.9665349
1.106605
0.9773061
1.181577
1.124488
0.9613385
1.100161
1.047527
1.018167
1.107365
1.013594
1.143967
0.9089788
1.005494
1.105801
1.064567
1.056378
0.8787346
1.19692
1.015517
1.086512
0.9549564
0.9847244
0.9643067
0.9437696
1.13468
1.019809
1.014179
1.017333
1.045868
1.063724
1.080608
1.077147
1.010779
1.03449
0.9214948
1.10094
1.040785
1.034958
1.037394
0.9912802
1.001762
1.06022
0.926181
0.9805802
1.069175
1.072719
1.009186
1.204196
1.170543
1.06855
1.056417
0.9797041
1.064194
1.158986
1.033635
1.017488
1.131388
1.033991
1.027044
1.112695
1.113197
1.016721
1.132806
1.102226
0.9525972
1.063787
0.9972161
1.27609
1.183268
1.006316
1.193848
0.9822241
1.040934
1.154476
1.117659
1.149183
1.047758
0.953263
1.134585
1.122281
1.009286
0.9149251
0.9573864
1.189589
1.005264
1.043985
1.112742
1.039304
1.024325
1.022567
1.171058
1.171686
1.198657
1.016817
1.194466
1.132524
0.9637268
1.076368
1.255548
1.181104
1.235055
1.155657
1.143161
1.121936
1.143595
1.032091
0.9992552
1.213777
1.049505
1.077147
1.125453
1.040734
1.133942
1.119037
1.184773
1.369241
1.00559
1.273519
0.9662995
0.9645368
1.047188
0.9598592
1.245876
1.122232
1.15379
1.120764
1.133919
1.03477
0.9797535
1.016168
0.9088796
1.122307
1.167238
1.118507
1.02132
1.230969
1.077482
0.9881224
0.9544196
1.065947
1.125756
1.015285
1.054212
1.150347
1.08212
1.078379
1.093721
0.9512039
0.9709905
1.153579
1.246921
1.151916
1.338433
1.136272
1.135817
1.043579
1.089451
1.067308
1.1832
1.068267
0.9717593
1.00083
1.099114
1.135752
1.082068
1.053543
0.9548833
1.183902
1.125086
1.199194
1.115984
1.132663
0.8998393
1.260212
1.046645
0.9446133
1.041475
1.161341
1.111123
1.078532
1.080949
1.153108
1.024545
1.088673
1.044255
1.126627
1.116508
1.023325
0.906809
1.004108
0.995665
1.031382
1.05194
0.9941554
1.050436
0.9948491
1.130056
1.014572
1.010059
1.220632
1.027596
0.9024084
0.9669724
1.022733
0.9977226
0.9710428
1.083377
0.9826806
1.254372
0.9888257
1.11251
1.256686
1.254856
1.217772
1.006252
1.144483
1.064683
1.157303
1.124353
1.342114
1.110736
1.149893
1.280288
0.9244794
1.133884
1.093012
0.9440149
1.014736
1.076861
1.278702
1.171566
1.277081
1.189106
1.077188
0.8935165
1.060801
1.015685
1.057227
0.8681051
1.095264
1.083427
1.258698
1.097959
1.071551
1.115649
1.152376
1.21703
1.114721
1.023972
1.149578
1.168011
1.195259
1.101702
1.048507
1.07924
1.117723
1.067136
1.193805
0.9894825
1.154471
1.01207
1.05242
1.065227
1.115478
1.067887
1.017627
0.9739607
1.115992
1.220059
1.030902
1.195949
1.092031
1.031642
1.005237
1.148597
1.191078
1.143089
1.092645
1.068654
1.015528
1.183639
1.03673
1.183819
1.258763
1.194984
1.041727
1.249257
1.05986
1.051246
0.9558431
1.098635
1.021548
1.136414
1.279724
1.168329
1.354017
0.9716258
1.111775
1.189776
1.234032
1.047014
1.036909
1.061422
1.094161
1.022997
1.001249
1.125137
1.105349
1.045775
1.020098
1.156827
1.152539
1.194278
1.034789
1.04388
1.138051
1.147316
1.001286
1.131632
1.085435
1.161692
1.098685
1.10341
1.225236
1.152688
1.152102
1.191758
1.171372
1.162835
1.23291
1.059319
1.07682
1.315107
1.012504
1.260577
1.00137
1.043485
1.132557
1.077175
1.149447
1.289949
0.8980925
1.119095
1.287155
1.074739
1.181128
0.9740898
1.256561
1.16014
1.04886
1.028341
1.149127
1.291804
1.113509
0.9269112
1.23063
1.007327
0.9884296
1.059366
0.9974141
1.094886
1.109086
1.120192
1.060186
1.029429
0.982306
1.296428
0.9719359
0.9852275
1.010061
1.008798
1.071325
1.041274
1.018281
1.156652
1.060385
1.171257
1.071761
1.060424
0.9504956
1.091227
1.157594
1.088304
0.9271855
1.050919
1.043543
1.1867
1.028813
0.9465519
1.128641
0.983707
1.179745
0.9540769
1.037012
0.9289399
1.094612
1.055032
1.13667
1.153544
1.073513
0.9376083
1.108196
1.111662
0.8951435
1.175154
1.191797
1.045971
1.070938
1.052154
1.009404
1.103673
1.114483
1.05108
1.108606
1.006397
0.9926837
1.215329
1.152134
1.134598
0.8923836
1.077571
0.9282313
1.1525
0.9640117
1.225653
1.020219
0.988554
0.9751169
1.198804
1.156885
1.035578
1.049676
1.120155
1.169059
0.8972612
0.9674086
1.127428
1.150635
1.061614
1.080525
1.002868
1.138581
1.004254
1.015386
1.017093
1.084087
1.108509
1.117853
1.138619
1.240706
1.220992
1.068834
0.9874309
1.130396
1.091386
1.044678
1.191572
1.171167
1.061959
1.135162
0.9996605
1.021465
1.205739
0.9862812
1.276711
1.108853
0.9728392
1.074962
0.9626295
0.9055088
1.133367
1.18712
0.952822
1.037897
0.9376853
0.9925042
1.124056
1.042536
0.9111339
1.263145
0.9095561
0.8953627
1.075896
1.050271
1.088515
0.9742957
1.092015
0.8785547
1.130531
1.094839
1.105335
0.9958747
1.078457
1.015852
1.081993
1.248813
1.28097
1.200784
1.079706
1.219827
1.076237
1.152111
1.159467
1.042331
1.071327
1.108372
1.221366
1.242962
1.185846
1.169301
1.104934
1.093139
1.045042
1.074755
1.15206
1.185417
1.055388
0.9996538
0.9931192
1.084655
0.8920823
1.073851
1.206176
1.087027
1.086324
1.028232
1.310227
1.086155
1.04896
1.04548
1.197363
1.072753
1.045411
1.070006
1.047442
1.285751
1.018822
1.098285
1.019019
0.9638743
1.03838
1.176625
0.9862503
1.126853
1.069709
0.9708785
1.215047
1.012797
1.066063
1.015815
1.00112
0.9451214
1.09365
0.9822814
1.059017
1.03593
1.020642
1.086249
1.057578
0.9948659
0.9536916
0.9107619
0.9583957
1.011126
1.00815
0.9618605
1.137143
1.041047
0.9072485
1.037302
0.9186814
1.037017
0.9482789
1.136667
1.025606
0.9993276
0.9019391
0.8578417
1.151789
1.091235
0.8334828
1.085544
0.8603999
0.9487563
0.9027139
1.036338
1.002979
0.9780701
0.9050632
1.00829
0.9434166
0.9619843
0.997353
0.9931971
1.031455
1.07832
1.032068
1.07766
1.028185
0.9812348
1.01523
0.9463121
0.817796
1.076363
1.012996
1.111163
1.068348
1.015327
1.083512
1.176291
1.041992
1.054513
1.169261
1.12454
0.9828245
1.024147
1.298194
0.9754897
1.23107
1.060693
1.167658
0.9935598
1.152114
0.9844506
1.064241
0.976443
1.044461
1.119771
0.9860069
0.963201
1.13428
1.045535
1.163577
1.049485
1.229888
1.040634
1.064514
0.9203316
1.146999
1.159255
1.223579
1.137073
1.098641
1.01271
0.9631832
1.024818
0.8823313
1.041589
0.9942464
1.291497
1.048204
0.9638355
1.192356
1.20294
0.9102106
1.000194
0.9670489
0.8976573
1.08931
1.171697
1.019774
1.115996
1.004141
1.118538
1.159664
1.036372
0.9642047
1.041482
1.046738
1.081302
1.070935
1.070438
1.111737
1.036954
0.9721904
1.228535
1.204874
1.07629
1.194793
1.139526
0.9855155
1.236033
1.057505
1.101836
1.054167
1.01885
1.012934
1.045878
0.9811006
1.007042
1.007787
1.095935
1.073606
0.9726768
1.228181
1.067025
1.184104
1.077983
0.9418337
1.009839
1.097739
1.06338
1.052825
0.986328
0.9655695
1.080056
0.9832483
1.160834
0.9874352
1.072301
1.085042
1.053534
1.11007
1.005597
1.041262
1.069341
1.049981
1.053554
1.24795
1.137659
1.33242
0.9970652
1.097819
0.9933417
1.048802
1.016912
0.9215784
1.19986
1.107033
1.125077
1.125309
1.163223
1.113852
1.122388
1.013647
1.17561
1.078062
1.03832
1.032528
1.044772
1.175098
1.147782
1.183366
1.167226
1.142015
1.013299
1.176422
1.295238
1.093477
0.9623235
1.085657
1.220475
1.162535
1.148813
1.137403
1.25319
1.075761
1.178661
1.103694
1.167596
1.103768
1.168983
1.163557
1.137352
1.194765
1.113914
1.291048
1.18334
1.14184
1.284648
1.021141
1.096902
1.146364
1.017034
1.202921
1.114125
1.128256
0.9752511
1.015306
1.331643
1.043646
1.029037
0.9773632
1.132736
0.9773656
1.091792
1.143094
1.135202
1.196533
1.229181
1.166564
1.040784
1.255689
1.216033
1.141886
1.079432
1.247605
1.178199
1.228574
1.101989
1.23491
1.20069
1.090262
1.283977
0.982923
1.019872
1.065173
1.076225
1.020757
1.128386
1.105931
1.21139
1.153508
1.122466
1.055941
1.125142
1.233251
1.080216
0.9681476
0.9523417
0.9718171
1.026152
0.910194
1.137149
1.115852
1.054785
1.138285
1.158131
1.104269
1.113339
1.065245
0.9766631
1.006739
1.112391
0.9437386
1.11626
1.152063
1.252435
1.079334
1.006054
1.098756
1.25057
1.089841
1.005505
1.012551
1.096589
1.236929
1.010749
1.131037
1.260129
1.149925
1.119969
1.079303
1.047707
1.051044
1.121815
0.9693521
1.226896
1.222602
1.028831
1.020611
1.211806
1.193365
1.143905
1.014609
1.188639
1.230075
0.9844382
1.032854
1.041986
1.186101
1.056012
1.248205
1.010644
1.068892
0.9840613
1.116597
1.141734
1.041125
1.088985
1.075994
1.215374
1.007305
1.190104
1.272918
0.9773321
1.108611
1.151967
0.9944386
1.062164
1.245071
1.059746
1.212388
1.131791
1.003927
1.178007
1.108125
1.123669
1.030221
0.9863973
1.31804
1.020616
1.170217
0.8603326
1.084338
1.176224
0.9193323
0.8916526
1.092492
0.903186
1.211035
1.12439
1.011987
0.926083
1.085129
1.118044
1.006204
1.169167
0.9968578
1.097997
1.115065
1.071996
0.9459114
1.052946
0.9878486
0.9624896
1.063561
1.017707
1.090428
1.10524
1.028834
1.196834
0.9508721
1.224911
1.048025
1.020586
0.9841356
1.139052
0.8530352
0.8856181
0.8605603
1.115375
1.110048
1.161411
0.9967512
0.9617459
1.038211
0.9266981
0.9883975
0.890228
1.016323
1.01651
1.062774
1.143828
1.006486
1.142684
1.084937
0.9398817
0.8583634
0.9178198
1.262123
1.146246
1.042152
1.115135
1.090458
1.057068
0.9931507
0.8603362
1.003731
0.95622
1.18195
1.033755
0.9985653
0.9801367
1.056876
1.031347
1.141144
0.9802368
1.035657
1.000765
1.064738
0.9284546
0.98507
1.265166
1.071821
0.9865595
1.020687
1.093029
0.8768061
0.8848479
0.8653612
0.9554123
0.9751167
1.091016
1.001268
1.024395
1.121333
1.213542
1.035588
1.193096
0.8772605
0.993042
0.8925212
0.9442632
1.072111
0.9973826
0.9822033
0.941338
1.072838
0.9430491
0.967331
1.127577
0.9813029
0.9268707
1.100914
1.013068
1.2586
0.9391375
0.9932414
0.8952716
1.149577
0.9320614
1.02212
0.9999993
0.9406579
1.109189
0.8081766
1.044454
0.9768719
0.843436
0.9934492
1.258888
0.9323657
0.9862789
1.053508
1.083308
1.001166
1.112862
1.080147
0.8552322
0.873373
0.9108026
1.084344
0.8900792
1.051927
1.096927
0.9531442
0.9797486
1.058456
1.024427
0.8989281
0.8444285
1.078208
0.9126713
1.028134
0.9387383
1.075186
0.955178
1.019006
1.195778
1.036862
0.9619451
0.8593773
0.9443826
1.054361
1.0254
1.075254
1.004711
1.031517
0.9642442
1.063297
1.098562
1.026419
0.8787805
1.058598
1.216213
1.126139
1.133196
0.9091977
1.145359
0.9959436
1.277513
1.108622
1.125278
1.074342
0.9642537
1.132194
1.167258
1.058345
1.219296
1.368756
1.176056
0.9913288
1.125271
1.166668
1.244662
1.182614
1.050092
1.069419
1.094018
1.043937
1.16376
1.051421
1.050624
1.096168
0.988252
1.119989
1.032101
1.005559
1.119251
1.033982
0.8320736
1.038341
1.17023
1.153294
1.19237
1.158363
1.244699
1.073446
1.089966
1.076253
1.152846
1.136241
1.059641
1.077741
0.9786036
1.227376
1.293998
1.209645
0.995682
1.062061
1.203611
1.093612
1.040972
1.086854
1.125958
1.132681
0.9705374
1.179638
1.059108
1.13445
0.9842411
0.9658979
1.162621
1.196406
1.066003
1.041646
1.137189
1.195197
1.107966
0.9181481
1.201691
1.129828
1.114091
0.9834433
1.122639
0.9772567
1.029009
1.18148
1.069742
1.064603
1.263071
1.172681
0.948941
1.109651
1.116901
1.087926
1.030299
1.15498
1.057261
1.101587
1.124731
1.081741
1.05261
1.272085
1.096108
1.223862
1.113479
1.123051
1.175723
0.9443489
1.016669
1.039676
1.296491
1.086136
1.113388
1.11853
1.227877
1.066155
1.075595
0.9722759
1.358711
1.099961
1.158791
1.199247
1.170312
1.009616
1.285268
0.9820057
1.021435
1.051943
1.068357
1.124381
1.315033
1.150208
1.108712
1.1831
1.198462
1.014274
1.22428
1.081873
1.034816
1.114279
1.09369
1.133233
1.045431
1.207133
1.108945
1.090838
1.254789
1.063623
1.265131
1.116906
1.252056
1.018557
1.097908
1.167178
1.136286
1.15782
1.07772
0.9247879
1.183677
1.219182
1.080478
1.117634
1.033361
1.090301
1.315125
1.322277
1.170874
1.135911
1.163156
1.068348
1.240327
1.215955
1.066357
1.117675
1.278544
1.053496
0.9882312
1.140358
1.141497
1.085629
1.265391
1.020348
1.059455
1.173384
1.239294
1.138422
1.226017
1.400036
1.099052
1.101062
1.058843
0.998723
0.8933291
1.24834
1.082504
1.015086
0.9648447
1.243321
1.01849
1.063884
1.000516
1.059729
0.9548059
0.908916
1.071148
1.268719
1.071809
1.074003
1.114346
1.068453
1.152347
1.078373
1.000598
1.071334
1.15148
0.9687616
1.097208
1.05155
0.9382778
0.9508984
1.006764
1.178063
1.017109
1.179673
1.113575
1.055692
1.00723
1.183708
1.183721
1.274904
1.075267
1.2261
1.099914
1.127381
1.026743
1.207387
1.113321
0.9955237
1.153707
1.014608
1.031204
1.110536
1.18518
1.177607
1.184116
1.221395
1.066249
0.9253092
1.191183
1.166108
1.118781
1.15176
1.032697
1.280102
1.114194
1.389997
1.230916
1.097794
1.143066
1.134997
1.228291
1.128667
1.134278
1.038934
0.9828824
1.17593
1.096438
1.129955
1.174926
1.118597
1.138416
1.155112
1.230853
1.22389
1.287105
1.23539
1.176297
1.059677
1.148721
1.058509
1.312288
1.283762
1.011857
1.203375
1.132219
1.138947
1.277723
0.9788598
1.184676
1.190766
1.157298
0.9953912
1.060735
1.322089
1.14374
1.114683
1.071
1.135377
1.112465
1.069662
1.175028
1.18978
1.143509
1.505011
1.035528
1.208257
1.168158
1.253825
1.137257
1.018709
1.116875
0.9868237
1.19788
1.177226
1.038414
0.9950012
1.010268
1.015849
1.213275
1.193111
1.055479
1.255573
1.101871
1.095822
1.110282
1.158361
1.156287
1.158236
1.156151
1.187417
1.182777
1.200833
1.092533
1.181921
1.258904
0.9625358
1.182773
1.248613
1.137346
1.114733
1.114405
1.166428
1.153502
1.017213
1.13135
1.105436
1.157996
1.193692
1.093235
0.9590359
1.192311
1.065817
1.251446
1.062624
1.177712
1.121715
1.011871
1.14789
1.050337
1.186397
0.9857511
1.024637
1.126503
1.102467
1.00469
1.178199
1.237173
1.153251
1.049943
1.00927
1.034396
1.018026
1.119607
1.073827
1.029517
1.160404
1.113113
1.157107
1.258158
1.305461
1.129871
0.9656999
1.04974
0.9988737
1.037446
1.000428
1.106424
1.024352
1.174834
1.091171
1.074352
1.192021
1.111297
1.067609
1.164502
1.080822
1.096256
1.255917
1.083368
1.008315
1.160721
1.140669
1.097092
1.26955
1.377419
1.158695
1.100297
1.130513
1.206998
1.163638
1.118152
0.9526225
1.267599
1.039519
1.012452
0.9954463
1.140639
1.181828
1.047307
1.131102
1.118424
1.068087
1.206906
1.044612
1.267669
0.9883919
0.9931373
0.9659463
1.184012
1.189076
1.100061
1.203405
1.137603
