8.248988
7.99306
8.316479
8.865067
9.088369
9.847724
9.636973
9.772342
9.951146
9.862285
10.68063
10.80136
10.62237
10.85748
10.84216
10.04605
10.13308
9.824217
9.644858
9.344488
9.147371
9.53556
10.18778
11.57028
11.86472
11.56642
11.03338
10.48133
10.56216
10.72705
10.70979
9.907586
10.77529
10.34017
10.75638
10.63074
11.04014
11.65278
12.09304
12.10708
12.44673
12.77452
12.83649
12.39024
12.82795
12.6586
12.84844
12.54805
13.45824
13.00853
13.15403
12.86842
13.72643
14.26218
13.89122
13.84947
13.40058
13.64498
12.69534
13.3609
13.43526
13.555
13.36402
13.53588
13.61953
13.34896
12.76644
12.95463
12.69892
12.32384
12.64844
12.22798
11.91207
11.55458
11.35392
10.01037
9.393985
9.094154
9.764622
9.340626
8.892531
8.307933
7.774019
8.17598
7.594946
8.29939
8.03479
8.007021
8.679807
8.112664
7.997826
8.271922
7.864802
8.742401
8.20912
7.848263
7.615955
8.548585
9.195794
9.187651
7.784307
8.008928
8.273231
7.849123
8.148008
8.321755
8.693005
8.233015
8.279849
8.809885
9.156457
9.267567
8.833077
8.159746
8.24145
8.525843
8.613677
8.717068
8.276996
7.785653
8.805286
8.974662
8.389115
8.572907
8.126712
7.984342
8.006157
8.14433
7.590773
8.041456
8.005425
8.303895
8.314233
7.739864
8.051976
8.489
8.154752
7.927742
7.330796
7.101811
6.930313
6.753802
6.683037
6.651744
6.689156
6.628838
7.07402
6.640688
6.941843
7.868611
7.006496
6.794795
7.996194
8.693193
8.29536
8.486271
8.003485
8.286823
8.029949
7.475064
7.149519
6.855947
6.504363
6.061856
6.118232
6.37833
6.531785
6.549003
6.743393
7.271261
7.394608
7.513274
7.791688
8.675971
8.23754
7.514821
7.831425
8.34738
7.964904
7.600773
7.248721
7.04393
7.248281
6.759137
6.679235
6.242466
6.341325
6.495472
6.304449
6.614062
5.127834
4.989588
4.906755
5.247483
5.601912
5.351715
5.009125
4.947592
5.027774
5.171442
6.313824
6.417185
5.884
6.13698
6.701952
6.392929
7.240498
6.827691
7.583516
7.456022
7.291171
7.350752
6.872141
7.004387
7.061966
6.737323
7.013018
6.934214
6.329261
6.294709
6.774314
7.420714
6.779671
6.986479
7.074516
7.078178
7.508725
8.001897
8.171662
8.009802
8.684027
9.218528
9.050964
8.935693
8.953837
8.926046
9.243236
9.00691
8.455002
8.458286
9.115429
9.604595
10.40865
10.77642
10.74345
11.19374
11.65212
12.22669
12.24152
12.71724
12.76754
12.66054
12.50055
13.27077
12.32636
12.90383
12.45329
11.8595
12.30493
12.17328
12.07474
12.13689
13.14266
13.69044
14.13059
13.99872
13.94201
13.30387
12.86142
12.50444
12.31925
11.93646
11.89471
12.31154
12.16346
12.38562
13.10879
14.02848
13.89836
14.52293
15.18094
15.44058
14.76374
15.41745
16.35819
15.93742
15.73966
15.14471
14.81853
15.24891
15.24355
15.97309
16.43756
16.24818
17.03602
17.26498
18.44274
18.58426
18.28063
18.82917
19.27841
20.31078
21.25388
22.02776
22.29442
23.12676
22.62048
22.69134
22.44122
22.96708
22.3836
22.0305
21.43997
21.3423
21.47373
21.15581
21.21774
20.64508
20.81785
20.62946
20.37137
20.76742
20.99933
20.40996
19.98579
19.60977
19.87312
19.91324
19.62361
19.32962
19.28425
19.33917
19.39331
20.03839
20.09103
19.7673
20.52264
19.78933
19.62159
19.35347
20.11828
20.02991
20.66409
20.48163
20.63962
20.71995
20.40961
20.38555
19.65545
19.59451
19.96632
19.73638
19.57311
19.56955
19.59892
19.35551
19.95074
19.7042
19.03695
19.08107
19.06927
18.71819
18.35565
18.56297
18.42659
18.83344
19.1031
19.39046
19.31348
19.61869
20.12443
20.39462
20.05504
20.05825
20.12963
20.44052
20.78118
21.32734
21.42683
21.28064
21.06818
21.00245
20.87128
21.38642
21.02355
20.7081
20.62554
19.87358
20.07031
19.87443
20.00099
21.47986
21.48271
21.84996
20.9097
20.88248
20.69751
21.45524
22.02422
21.46505
21.27629
21.38325
20.57491
20.10517
20.61944
20.50769
20.37289
20.87486
20.82198
21.33278
20.85685
21.44975
21.14979
20.72926
20.22323
20.18955
20.38109
19.59593
18.84048
19.19033
19.19086
19.0582
19.17525
19.34202
18.95596
18.91195
19.13991
20.09256
20.68445
20.98586
21.29176
20.40198
20.18854
19.76086
19.65295
19.69448
20.46396
20.06126
19.8374
20.0668
20.31944
20.50094
19.73567
19.70967
19.18468
18.9439
18.2435
18.56479
17.93078
18.42783
18.76632
19.1313
18.97023
19.32447
19.71847
19.81485
19.94275
19.7085
20.19015
19.55767
20.53988
19.85796
20.01283
19.26092
18.89561
18.7717
18.39398
18.41387
18.41671
17.2701
17.718
17.17352
16.74314
16.93098
17.51479
17.73023
17.71985
18.38497
19.07296
18.63997
18.55288
19.09177
18.54424
18.97268
19.03571
19.41119
20.35562
20.3153
20.04577
19.8762
19.97896
20.00938
20.10398
19.73638
19.53248
19.43515
19.53735
19.34821
19.51851
19.80547
19.79376
20.4439
20.48054
21.11185
21.208
20.78134
21.29347
21.90014
22.13071
22.62039
22.78055
23.00691
22.94848
22.22862
21.81518
21.5919
20.39472
20.85359
20.67701
20.47992
20.20721
20.17178
20.96621
20.31746
21.43697
21.51397
21.67695
20.94561
20.70263
20.76614
20.85432
20.88274
20.85766
20.7755
20.04977
20.13831
19.67494
19.75861
20.09088
19.56248
19.68283
19.5996
20.07225
19.56637
20.07296
19.26374
19.0723
19.26208
18.77394
18.81901
18.71653
18.54676
18.85999
18.02045
18.12438
18.74218
18.77019
18.54749
18.41267
17.95379
17.90116
17.92193
18.33913
17.43861
16.55811
16.50792
16.85532
16.98221
17.36323
17.3572
18.24001
17.9374
17.12279
18.19866
18.20731
17.97049
17.64108
18.45307
18.52562
18.38104
17.8994
17.85505
16.90226
16.656
17.54887
18.19066
19.06353
19.26387
18.5066
18.07304
18.51192
18.67423
19.12972
18.50053
17.98368
17.5098
17.29242
17.36134
17.05917
17.13746
17.37853
17.47371
16.92543
17.10985
16.87647
17.10903
17.27206
17.60785
17.02198
18.28457
18.23534
18.14993
17.49105
16.95854
16.37562
16.38977
16.00046
16.42616
16.3572
15.66539
14.82777
14.42701
14.07571
14.26975
14.10302
13.26965
13.43362
13.38835
13.34845
13.47666
13.75009
13.7545
14.29384
13.62114
13.61339
14.70711
14.30371
14.17753
14.00428
14.16309
13.63575
14.33486
14.54793
14.45461
14.15192
14.78431
14.52583
14.70107
15.35226
15.49747
15.81077
14.70954
14.90546
15.36708
15.91124
16.18007
16.11009
16.24882
16.55813
17.30993
17.22885
17.16308
16.76092
16.54264
16.78215
17.02529
16.87848
16.78229
17.10219
16.22267
16.07517
16.9672
16.81406
16.4736
16.65848
16.88363
17.32549
17.33356
16.46671
16.85587
16.1674
16.15319
16.31782
16.76884
17.64981
17.7968
17.62004
17.97491
18.19319
18.33446
17.79762
18.84685
19.48508
20.05662
19.53044
19.63096
18.8475
18.70945
18.86588
18.36939
18.43754
19.39348
18.46407
18.2397
18.68547
18.30438
17.89968
17.77753
17.22341
17.56063
17.77197
18.27611
18.38217
18.1462
18.55141
18.68191
18.79415
18.56108
19.19028
20.00918
19.35066
19.49726
19.84747
19.57972
20.59812
20.60189
21.17448
21.36235
21.92372
22.34305
22.6532
22.46846
21.59126
21.24129
21.19359
21.4066
21.01479
20.61541
20.29202
20.08791
19.6628
19.78438
19.84265
20.6895
19.45029
19.12171
18.61284
18.47064
18.31703
18.51725
18.13246
18.12589
18.05864
17.21062
17.96451
17.71071
17.64509
17.24734
17.19182
17.41556
17.22579
17.18443
16.72537
16.39169
16.66127
15.98653
16.2764
16.06525
15.70148
15.89578
16.0488
16.86717
16.63629
16.7825
16.45873
16.13138
15.22392
14.96022
15.47441
14.3915
13.77539
14.07808
13.87894
13.74662
13.86775
14.44278
13.83636
13.84331
14.44137
14.41483
13.61574
13.88944
13.46104
13.05311
12.97285
13.54091
13.53896
14.04148
14.70309
14.4118
14.78138
15.80736
15.42558
15.38495
15.91391
16.7061
17.11064
16.12819
15.82158
15.82444
16.32176
16.68724
16.35623
16.59202
16.62979
16.80228
16.66485
16.59905
16.62544
17.05826
17.31738
17.43259
17.29907
18.33385
18.84923
19.80114
20.08998
20.42592
20.32059
20.08061
20.15472
21.03366
20.88196
20.13545
20.3662
20.30661
19.85106
19.23176
19.73613
20.24349
20.24669
20.62499
20.60758
20.91504
20.95682
20.77487
20.17721
20.17079
19.76453
18.68662
19.09151
18.77219
18.69379
19.30901
19.65849
19.54323
19.77979
19.58449
19.34493
18.9885
19.46969
18.39939
19.14634
19.53294
19.48602
20.00483
20.56109
20.44782
20.64663
20.26409
19.87695
19.46902
19.41839
19.21468
19.76997
19.47569
19.23125
19.52119
20.45671
20.3283
20.90262
21.00405
21.1026
20.87696
21.32558
21.47562
21.56659
21.57441
21.40322
21.41163
21.5553
20.994
20.74136
20.4747
20.54556
21.09298
20.95572
20.65421
20.65815
20.97526
20.85154
21.69111
21.65362
22.03071
22.05375
21.90627
21.57765
22.10798
21.98708
21.54082
21.64208
21.65126
21.97814
21.65561
21.04981
20.73059
21.38568
20.98766
21.34726
21.86994
22.044
21.81409
21.89332
21.99327
21.86665
22.17913
21.78936
22.00779
22.14792
21.25274
21.84955
22.64517
23.15054
23.79355
23.40451
22.7059
22.62828
22.2264
21.75982
22.32855
23.07579
22.70048
22.37059
22.31522
22.36309
23.05796
23.75667
23.61069
23.306
23.743
23.81596
23.92784
24.60457
25.15796
24.44988
23.28546
23.194
23.07995
23.01362
22.24543
22.46386
22.42809
21.20464
20.73895
21.20392
22.20155
21.58403
22.43702
22.32234
23.01693
22.72874
23.11159
22.77454
22.68122
22.29755
23.07157
22.50925
22.28437
21.86723
20.87171
21.51458
22.33474
22.62744
22.14133
22.15012
22.0371
21.9757
22.20787
21.70103
21.92971
21.72758
21.48337
21.42414
21.46379
20.67032
20.62091
20.32706
20.30481
20.0026
19.82539
19.34988
19.49799
19.60637
19.74501
19.21626
18.26274
18.54842
19.3854
18.85233
17.76675
17.17856
17.49309
18.37978
18.91096
19.12789
19.18488
19.10171
19.44889
19.10401
18.84486
17.66962
17.54895
17.69417
18.26649
18.50659
19.08814
20.22937
19.87822
20.04669
21.01232
20.27295
20.56632
20.53182
20.9175
19.96228
21.00721
21.34317
21.45931
22.15476
22.31867
21.68198
22.26619
22.80258
22.82336
22.92433
22.41056
22.06602
21.64437
22.08642
22.67179
22.67608
22.96347
22.56999
22.60083
22.58461
22.07688
21.82469
22.08942
22.68342
23.30381
23.04047
22.53613
22.09546
21.76135
21.66684
21.97799
22.30786
22.03438
22.20619
22.25475
22.56499
23.07248
22.93211
22.85692
22.86678
22.89259
22.87398
23.4353
22.91088
23.28919
23.83035
24.12334
24.41616
25.16825
25.34843
25.77128
25.64674
25.95443
25.58707
25.83924
25.30064
25.19329
25.12011
25.41122
24.60783
24.82363
24.85133
24.55855
24.7791
25.01046
25.11937
24.009
24.98588
24.7098
25.61091
25.79752
25.63404
25.36805
25.21299
25.16707
25.21225
25.67687
25.81409
25.2571
24.92299
24.33685
23.3517
23.78664
23.70645
23.4985
23.84876
23.27468
22.54102
22.16768
21.5983
21.64919
21.09168
21.19402
21.24795
21.17055
21.1955
21.34901
20.62523
20.3191
19.9419
19.52134
18.75355
18.5248
18.56307
18.41136
17.63795
17.73331
18.09743
18.39719
18.81667
19.14891
19.46657
19.28812
19.54796
19.67
19.34141
19.0634
17.71948
17.10173
16.71346
16.37564
16.22305
15.93245
15.41564
15.68439
16.14994
16.37228
16.05817
16.76605
16.95935
16.47411
15.8588
16.33813
16.06378
15.3666
14.92289
14.46575
14.65892
12.97304
12.36924
12.5553
12.36855
11.789
11.66243
11.77202
12.08971
11.97217
11.8053
10.80965
11.04516
10.93826
10.73871
10.57871
9.541476
9.077482
8.85691
9.1248
8.427228
8.565936
8.164393
7.480926
7.332773
7.478602
6.857442
6.882081
6.420394
6.09817
5.778519
6.027267
5.459525
5.09223
5.414647
5.517497
5.93893
6.036137
5.495765
5.610783
5.428003
5.429793
4.941179
4.903107
5.318356
4.743042
4.652196
4.531866
4.298836
4.438423
4.917984
4.595088
4.07041
3.75329
4.183755
4.06311
3.317403
3.342194
3.806995
4.008924
4.36477
4.484387
4.75671
4.189114
4.46198
4.362618
4.372876
3.801078
3.398944
3.421563
3.76096
3.420509
2.864558
2.530116
2.641967
2.023631
2.202817
3.351518
3.063638
3.017036
3.290433
3.649638
3.109271
3.056487
3.07395
3.197162
3.359072
3.43501
3.308318
4.178789
4.238041
4.320536
4.172246
3.890107
2.954053
2.756057
2.847608
2.968851
3.554937
3.052676
3.40176
3.216429
3.030756
3.209694
2.363014
1.937128
2.306897
2.419914
1.877424
1.531136
1.275108
0.4277315
1.275397
1.824836
2.721104
2.635906
2.704593
2.371525
1.910704
2.134867
1.560388
1.57152
2.272148
2.570548
2.938461
3.045765
2.478485
2.957141
3.652239
3.887793
4.495627
4.177045
3.881657
3.509908
4.069557
4.077887
4.124469
4.314851
3.711946
3.183551
3.184247
4.161016
4.423093
5.094876
5.107921
5.018515
5.134006
5.982513
5.520034
5.738813
6.263491
5.844985
5.270555
4.927285
5.257897
4.520831
4.397024
4.314373
4.717993
4.154961
4.537436
4.560535
4.265456
4.794562
4.274721
4.111147
3.812622
3.811688
4.250177
3.620841
3.521121
2.869057
2.28621
1.89519
1.844815
1.194603
1.021057
-0.1318987
-0.5100689
-0.8472164
-1.538339
-2.076019
-0.6494553
-1.090885
-0.7279834
-0.7418878
-0.7461776
-1.585878
-2.116067
-1.784399
-1.785839
-1.616565
-0.8474423
-0.08361633
-0.7847229
-0.4084372
-1.04733
-1.157108
-1.455402
-1.844452
-2.268578
-1.998643
-2.127286
-1.366906
-0.445556
-0.1987902
-0.6224235
-1.06019
-1.377207
-1.499522
-1.574598
-1.50904
-1.296208
-0.03119091
-0.2453734
-0.01901561
0.198273
-0.1311062
0.0369855
-0.1184247
-0.7919157
-0.4777749
-0.2372103
-0.1361991
-1.127415
-1.520845
-1.157575
-1.356756
-0.9541133
-0.5665278
-1.710174
-1.946426
-2.505629
-2.917913
-3.036639
-3.139525
-2.953797
-2.588648
-3.088993
-2.659763
-3.218193
-3.807118
-4.117915
-3.971768
-4.6711
-4.165356
-3.943463
-3.428437
-3.219535
-2.371257
-2.468321
-2.393874
-2.300508
-2.725842
-2.473746
-1.937896
-1.430322
-1.20328
-1.212181
-0.8512368
0.2285522
0.7632218
0.7362243
1.231668
1.171518
0.0507707
-0.7685606
-0.7085521
-1.27941
-2.37918
-2.42486
-2.878294
-2.878093
-2.626928
-2.76723
-2.716751
-2.741039
-2.719904
-2.840245
-2.53283
-2.906217
-3.463677
-3.017643
-3.348283
-2.774477
-2.426315
-2.366985
-2.446343
-2.05089
-2.655639
-1.453173
-1.008814
-0.8433221
-0.5459735
-0.06785519
-0.0240707
0.2223869
0.8788465
1.033656
1.064801
1.068129
1.063401
0.398124
0.3738591
1.008849
1.18903
0.8644624
1.442043
0.6392933
1.229422
1.686247
2.989381
2.90738
2.06134
2.432833
2.218117
2.508183
3.01811
3.460807
3.377832
2.815791
2.346767
2.323508
1.844584
1.808732
2.536463
2.109923
2.248029
2.185082
2.671969
2.621078
2.658162
3.579607
3.296075
3.618867
3.515084
3.006477
3.205982
3.570874
3.662744
3.343008
3.605847
3.532293
3.569352
3.140404
3.151966
2.414258
2.695654
1.934122
2.281448
1.970433
2.279001
1.628457
0.6683508
0.884248
0.8357628
1.082631
0.9381874
1.08706
1.64946
1.436178
1.153782
0.9787555
0.4382716
1.350545
1.292822
0.7339327
0.773786
0.4379409
0.6509802
0.2174496
0.358443
0.2438372
0.5750305
0.440156
-0.4226171
-0.3735146
-1.239897
-1.66799
-1.364
-0.8803326
-1.246794
-0.7386875
-0.7603172
-0.8502088
-0.6366048
-1.25245
-0.9016962
-0.5326769
-0.5047238
-0.3087791
-0.03652707
-0.1832346
0.04065144
0.4957658
-0.03855911
-0.2973241
-0.5224555
-0.4534187
-1.113827
-1.206335
-1.830269
-2.216604
-1.754556
-1.738421
-2.325607
-4.062501
-4.202867
-4.11418
-4.78048
-5.172908
-5.392661
-5.467469
-4.608034
-3.774502
-3.574767
-3.158981
-3.289995
-2.607673
-2.448023
-2.44425
-2.711705
-2.756993
-2.316097
-3.40435
-4.21607
-3.924751
-4.974819
-4.869897
-4.110839
-3.773516
-4.393203
-4.081756
-3.862353
-4.816901
-5.341058
-5.244947
-4.683885
-5.041208
-4.774224
-5.207156
-5.170307
-5.169231
-5.095241
-5.393858
-5.169397
-4.866067
-5.33007
-5.566768
-4.9682
-5.179602
-4.14472
-4.919556
-4.265121
-3.523891
-3.559386
-2.842021
-3.114199
-2.933095
-2.876052
-3.634675
-3.863021
-3.599336
-3.140198
-2.407311
-2.431239
-3.119909
-3.156384
-3.266838
-3.808411
-3.990387
-3.640933
-3.989162
-3.743531
-3.97159
-3.349643
-3.68976
-2.972886
-2.958217
-3.316133
-3.242737
-3.552963
-3.395318
-2.569022
-2.888289
-3.454077
-3.346511
-2.104858
-2.219321
-2.836348
-1.820013
-1.19912
-1.529394
-1.126463
-0.7415334
-0.9658277
-0.7245685
-0.8068358
-0.2797096
1.114886
0.8854411
1.003507
1.190256
0.9871908
0.6798006
0.7307563
1.064537
1.477861
1.815855
1.936496
1.402889
2.066556
1.565166
1.600226
1.380141
1.521789
2.364987
1.859574
1.946839
1.461525
2.313462
2.955556
3.417524
4.119469
3.357726
4.027174
4.813378
4.868564
4.592249
4.496035
4.642367
4.103913
3.360229
4.152536
3.854717
2.911009
2.60436
2.414347
2.794772
2.89664
3.228966
3.619425
3.398959
2.802397
2.973736
3.166944
2.674979
3.606721
3.745482
4.524075
4.940772
4.442634
4.684055
5.266111
4.293713
4.346786
3.625517
3.137887
3.749066
3.569008
2.900844
2.998548
2.81988
3.574476
1.92633
1.755757
1.484991
1.185263
0.2455264
1.299775
0.9519432
0.862192
0.1362213
0.7219225
0.6852113
0.6158475
-0.3278245
0.01290283
-0.08425299
-0.05960779
-0.7175776
-0.7790971
-0.1020155
-0.1763493
-0.6095583
-0.3569532
0.2683511
-0.3625475
-0.7803877
-0.7501028
-0.8941148
-1.373455
-1.455166
-1.420179
-1.611001
-1.076791
-1.056302
-1.293528
-1.975727
-1.401649
-0.8465155
-1.77545
-1.040668
-0.4650636
-0.2183747
-0.5643923
-0.06160356
0.2525726
0.4924895
0.4112812
-0.5113831
-0.8485883
-0.9168056
-1.297862
-1.051511
-1.030086
-1.076932
-1.5107
-1.426389
-0.5745803
-0.9231907
-0.2088468
-1.197184
-0.6376273
-0.5184764
0.2062814
-0.05590567
-0.121864
0.2002519
0.6240141
0.4057672
0.9184559
0.9942412
1.282876
1.840146
2.223461
2.204253
2.492022
2.770508
1.800742
1.45148
1.556833
1.850934
0.93577
1.871924
1.940943
1.420018
1.642392
1.716174
0.9090618
1.225896
1.437246
1.440409
1.926261
1.93296
2.410691
3.782186
3.646719
4.419841
4.459286
4.026162
4.282654
4.946862
4.86748
4.23268
4.153913
3.447813
2.106304
1.818818
1.274089
1.487312
2.100868
2.281719
2.303927
2.189505
0.9307424
1.500174
2.030426
1.91768
1.412592
1.035831
0.9837846
1.12859
1.270368
1.481007
1.550805
1.572921
2.028971
2.441729
2.118039
3.176555
3.504154
2.881468
3.027034
3.93772
2.909636
4.025484
4.332213
3.958414
3.243172
4.405614
3.674599
3.050688
3.143671
3.631207
4.557391
4.393321
5.003068
6.419766
6.001976
6.196438
6.099517
6.213463
6.287023
5.729908
6.025608
5.573003
5.523428
4.962308
4.616083
4.736018
5.302309
5.644193
6.125928
6.053086
5.996696
6.076146
7.00805
7.26125
6.615397
7.163462
7.343714
7.027996
7.077824
7.567482
6.982024
6.553121
6.518141
6.058786
5.542861
6.247802
5.168409
5.224337
5.221049
4.740023
4.210015
5.328368
5.083934
5.176264
4.546726
4.153208
4.493093
4.281472
3.214382
3.615341
4.448765
4.031812
3.526555
4.050434
3.186352
3.067341
3.766733
4.050838
4.010302
4.277598
4.186966
4.247979
4.600977
4.747111
4.319375
4.474114
4.643288
3.826226
5.07218
4.594835
4.524554
4.752721
4.274067
4.123457
5.090175
5.049511
4.768453
4.696966
5.484466
5.216009
4.323503
4.161809
4.47281
4.180757
4.01824
3.780168
4.254157
4.355875
3.63362
3.829066
3.512568
4.144972
4.942782
4.742272
5.663397
4.855001
4.928141
5.14468
4.853855
4.899674
5.625694
5.819798
6.029495
5.562744
4.89521
4.681621
4.35202
4.298273
3.879785
4.545139
4.328172
5.318724
5.552741
5.75764
6.628632
6.614539
6.414271
6.550227
5.958224
6.002964
6.91493
7.148348
6.466621
7.127652
7.417535
7.331846
6.844818
6.112186
6.370913
6.564816
6.31922
6.625981
6.05695
6.655567
6.089341
6.555851
5.831815
5.719023
5.712323
5.40306
5.490768
6.023488
6.381901
5.199006
5.235085
5.417972
4.940254
5.199153
5.203915
5.772432
5.8919
5.65567
5.835394
5.9823
5.968289
5.665326
5.25579
4.966729
5.280577
5.439215
5.345283
5.39603
5.471994
5.933971
4.941436
5.027081
5.121396
4.926813
4.938539
5.879528
6.320546
7.621898
7.880189
8.025196
8.21026
8.024306
8.088246
8.571632
8.590907
8.168968
7.986723
7.541215
7.918911
7.473949
7.594808
7.241499
6.074271
6.085297
5.831443
5.342899
5.818831
5.580697
5.928131
5.761317
6.160221
6.586272
6.389901
7.564807
7.532637
7.007661
5.937765
6.041002
5.708683
5.750012
6.2117
6.045967
5.131143
4.715635
5.180053
4.392272
4.519655
4.080466
3.361409
3.831891
3.643298
3.466259
3.691369
3.328631
3.426599
2.738569
1.759454
1.680165
2.073804
1.619446
1.731651
1.857091
1.386684
1.085076
1.132588
1.572546
1.584162
1.823805
1.017861
0.5936124
0.7593354
0.2116591
-0.2705381
0.1293654
-0.6432979
-0.6580776
-0.7361488
-0.102799
-1.147458
-1.218444
-1.406102
-1.662789
-1.528889
-1.502164
-1.596514
-1.129559
-0.6026724
-0.2699332
0.2455362
0.7637229
0.6243224
0.3815069
0.1482222
0.08119175
0.1471538
-0.1333774
-0.1366333
-0.3919618
-1.228342
-0.9949257
-1.237112
-0.5744913
-0.4689239
-0.9288318
-0.809547
-0.9860637
-0.5321543
-0.5898212
-0.78029
-0.5642026
-0.5546859
-0.8177922
-0.4603788
0.2154224
0.5963779
0.9845177
0.3243824
0.237782
0.5495102
0.4605834
0.6034954
0.7961747
1.450205
1.251175
0.9481706
1.780441
1.324751
1.34611
1.282179
1.536132
2.005912
2.630612
2.612549
2.584781
2.356753
3.25968
2.937225
2.514097
1.953872
1.840221
2.097808
2.186398
2.45788
2.427585
2.938511
2.463154
2.832478
2.816359
2.773059
2.355638
1.879898
1.614643
1.804445
2.096775
1.400557
0.5837949
0.2037256
-0.4976461
0.5410839
0.7093229
0.2900108
0.09025163
-0.250123
0.008133554
-0.2473257
-0.1378787
-0.3978133
0.04972995
0.05079914
1.08704
0.7276166
1.056995
0.8864167
0.4629192
0.3302862
0.3661296
0.3710543
0.08725862
0.2607006
0.6729908
-0.3517509
-0.1770788
-1.07126
-0.6100233
-0.6630443
-0.5071332
-0.4644865
-0.09934081
-0.3088786
0.6294711
0.6330852
-0.05928455
1.012025
1.001098
1.498271
2.082683
2.0418
2.011044
2.45329
2.181356
2.326113
3.010168
2.959617
3.209658
3.045444
2.857854
3.320789
3.810178
3.889984
3.868212
4.629963
4.639492
3.864207
4.741949
3.598924
3.773673
3.431232
3.086973
2.022761
2.484761
2.686004
2.835303
2.572567
2.092688
2.331552
2.053356
1.917971
1.65373
1.794451
1.388712
1.217149
1.112058
0.6025309
-0.2201136
0.5566157
0.09587012
0.6516288
0.275181
0.3324323
-0.1078717
0.3851473
0.8069623
0.5489379
0.9556366
1.106482
1.029485
0.7576215
0.6804702
1.164297
1.468597
2.494541
2.730458
2.047702
0.7990502
0.2901745
0.03278914
0.437747
0.4147149
1.152782
0.5589207
0.06235332
0.3808242
0.2386774
-0.7138059
-0.3663037
-0.04346487
0.2302646
0.4370356
0.02090526
-0.7545079
-0.6358741
-1.257847
-0.6921057
-0.6983621
-1.069861
-1.357716
-1.629121
-1.94459
-1.6499
-1.585505
-1.977022
-1.377379
-1.857927
-2.225811
-2.97767
-3.963683
-4.124758
-3.412911
-3.564222
-4.272994
-3.588181
-3.073573
-4.300764
-4.795688
-4.712085
-4.474486
-4.307207
-3.785076
-3.484744
-3.667512
-3.250079
-3.454829
-3.626209
-3.526552
-3.593612
-4.370365
-4.609391
-5.458278
-5.392861
-5.586024
-5.508228
-6.305737
-6.13268
-6.26466
-6.626128
-6.679871
-7.544327
-7.865162
-8.367012
-8.568025
-9.442684
-9.532612
-9.779994
-10.14287
-9.578508
-9.982223
-9.873565
-10.4632
-9.798856
-9.101777
-8.955989
-9.235684
-9.561907
-10.0819
-10.35159
-10.31287
-10.49816
-10.69391
-10.54553
-10.36242
-10.47315
-10.41979
-9.942763
-10.07145
-10.18268
-9.964113
-10.2268
-9.631092
-9.263613
-10.32584
-11.32361
-11.12247
-11.11327
-10.80587
-11.85469
-11.98073
-12.02668
-12.81178
-13.12084
-13.09431
-13.35512
-12.6441
-12.76708
-12.84572
-13.00346
-12.52777
-12.49887
-12.98741
-12.58357
-12.2427
-11.88045
-11.48966
-11.74545
-12.16415
-11.72971
-12.13823
-12.16109
-12.39568
-11.79539
-12.28956
-12.04776
-12.11158
-12.23679
-11.87051
-11.26625
-10.37366
-10.07051
-9.891198
-9.78991
-9.603605
-9.663596
-9.520642
-9.536453
-8.974732
-8.55013
-8.066459
-8.395622
-9.238709
-9.372766
-9.457343
-10.08469
-9.868817
-9.993097
-9.914583
-10.07968
-9.891922
-10.53814
-10.71764
-10.47798
-10.67452
-11.09071
-10.55051
-10.68172
-10.50447
-10.6657
-10.34026
-9.880771
-9.202634
-9.893385
-9.872766
-9.966135
-9.658886
-9.961125
-9.940614
-10.23392
-10.14545
-9.820383
-9.735262
-10.07655
-10.48497
-10.45369
-10.78168
-10.67879
-11.63183
-12.80269
-12.29079
-11.63143
-12.26938
-12.57409
-13.15305
-12.72475
-12.9549
-12.8123
-13.00521
-13.15492
-12.96291
-13.07737
-12.2129
-11.88679
-11.83792
-12.42315
-12.35054
-12.08331
-12.24624
-11.88407
-12.10815
-12.37415
-12.00432
-12.24827
-11.85698
-11.96154
-12.5064
-12.77356
-12.27153
-13.46427
-12.86188
-12.7274
-12.09686
-12.45596
-11.43261
-11.34285
-11.13239
-10.69504
-10.68799
-10.82107
-11.33566
-10.87832
-11.13786
-11.57751
-12.03346
-12.01293
-12.14055
-12.46598
-11.69482
-12.04307
-12.42563
-12.52679
-12.30251
-11.74232
-12.34263
-12.08035
-11.7056
-10.94947
-11.07569
-11.06658
-10.9266
-11.34247
-11.61123
-11.33894
-11.19308
-11.17892
-10.13275
-10.53873
-10.13086
-9.813971
-9.633422
-9.319624
-10.0643
-10.0732
-9.533899
-8.757828
-10.18232
-10.35989
-10.12646
-9.715574
-8.70652
-8.821373
-9.190062
-8.436525
-8.255144
-8.508025
-9.050564
-8.71411
-8.686922
-8.791544
-8.465704
-7.862902
-7.284779
-7.185615
-6.763258
-6.442527
-6.436807
-6.675994
-6.319982
-5.982633
-5.354375
-5.338748
-5.531984
-5.057285
-5.083487
-5.177811
-5.438596
-5.174718
-5.006713
-5.157893
-5.687055
-6.261143
-6.460568
-6.543949
-6.659819
-6.941878
-7.069944
-6.372688
-6.628886
-6.792753
-6.682271
-6.848635
-7.944185
-8.607893
-9.031851
-8.779712
-8.117555
-8.507839
-7.921779
-8.598452
-9.305496
-9.885213
-9.942999
-9.678694
-9.264572
-9.805638
-10.07122
-9.797444
-9.104553
-8.701893
-8.62737
-8.593622
-8.309218
-9.193013
-9.577928
-9.754479
-9.711633
-10.19291
-10.39275
-10.47814
-11.31783
-11.54828
-11.27851
-11.90206
-11.4018
-11.73893
-11.62514
-11.68936
-11.96778
-12.0982
-11.83431
-11.34243
-12.2388
-11.75803
-11.65022
-11.89999
-11.35112
-10.91708
-10.87884
-10.96068
-11.28942
-10.97576
-11.42859
-11.52866
-10.65705
-11.21814
-11.91725
-12.43197
-13.13766
-13.03001
-12.66411
-12.69291
-12.49695
-12.82251
-12.96273
-12.56922
-12.51337
-12.39018
-11.8416
-12.25102
-11.90571
-11.35639
-12.45231
-13.49905
-13.23671
-13.79473
-13.71758
-13.0465
-13.16503
-13.42515
-12.54261
-12.52466
-12.91797
-13.58956
-13.82719
-14.23561
-14.16952
-14.45848
-14.65835
-14.96783
-15.57176
-15.59996
-15.606
-15.67658
-15.38698
-14.89426
-14.91928
-15.23507
-15.24083
-14.85533
-15.06345
-14.40422
-15.01193
-15.5947
-14.99649
-14.81624
-15.55782
-16.01247
-16.00754
-15.7845
-15.45698
-15.08598
-14.67543
-14.11814
-13.95299
-13.69996
-13.67562
-13.34913
-12.91932
-12.92012
-12.40205
-12.26871
-11.32165
-11.85831
-12.01846
-11.82273
-12.08042
-11.47658
-11.6565
-11.87777
-11.63283
-11.49954
-11.4511
-11.05821
-10.25758
-10.76735
-10.66401
-10.26444
-10.15294
-10.8424
-11.29927
-11.361
-10.35804
-10.73047
-10.54446
-10.35792
-10.78231
-11.01505
-10.62536
-10.18651
-9.895979
-10.05929
-9.944567
-9.530893
-9.342872
-9.387241
-8.731184
-8.916453
-9.063762
-7.81189
-8.014411
-7.761498
-7.296973
-8.011987
-8.4683
-9.080459
-9.342761
-9.961385
-9.705698
-9.960855
-9.927893
-10.15702
-10.23599
-10.16936
-10.23453
-9.470381
-9.591326
-9.487079
-9.585655
-8.985177
-8.774711
-8.721643
-8.803435
-8.280395
-7.923092
-8.436883
-7.661396
-7.86597
-8.327778
-7.510891
-7.529537
-7.855337
-7.722073
-7.287282
-6.96645
-7.198413
-7.726283
-8.188233
-7.85912
-7.217049
-7.124486
-7.855036
-8.167281
-7.792202
-7.206446
-6.633038
-6.509512
-5.70992
-5.790047
-5.914947
-5.352098
-4.72912
-4.063459
-4.862237
-5.625031
-6.235291
-5.549051
-4.930446
-4.193406
-4.753078
-4.963847
-4.652108
-3.904474
-3.968045
-3.729802
-3.44504
-3.507956
-3.490638
-3.815999
-3.694249
-3.550908
-2.765864
-2.908743
-2.450652
-1.901492
-2.236956
-2.281035
-2.677436
-3.151457
-2.617124
-2.98657
-3.078527
-3.396211
-3.60951
-2.967131
-2.218781
-2.867602
-2.789104
-2.526999
-2.159963
-2.447763
-2.994607
-3.038362
-3.361475
-3.954233
-3.937871
-2.944354
-2.849687
-2.174026
-1.732239
-1.19171
-1.046977
-0.6473056
-0.8714501
-0.4007148
-0.1632084
0.5744672
1.125516
1.579169
1.276005
0.5118547
0.6875068
0.9280217
0.6019091
0.1013635
0.1851094
-0.3966713
-0.3206842
0.03224702
0.2782834
0.6552509
0.8032927
0.4936331
1.145366
1.547525
2.004702
0.7320106
1.344246
1.865569
1.520733
1.393223
1.567315
2.713912
2.856436
2.680514
2.233431
2.957448
3.939058
3.584664
3.767156
3.836356
3.644425
4.371595
3.700874
3.376602
2.843916
2.328057
2.664564
2.580239
2.908547
2.502688
3.091215
2.548377
2.490701
1.97884
1.989711
1.884609
1.067683
1.616445
1.281632
1.49078
1.434565
2.333186
1.307686
1.61001
1.641038
1.578967
1.752316
1.958886
2.088947
2.306096
2.500304
2.236022
2.436901
2.134602
1.639409
2.156402
1.39323
1.687413
1.129775
0.9276325
0.651503
0.1968764
0.2644176
0.8627508
1.695872
2.198418
1.946107
1.864751
2.036757
2.161756
1.709033
1.336294
0.9641298
0.1893737
0.7872263
0.9570115
1.886831
1.996928
1.235766
1.046795
0.2042308
0.1153994
0.3499456
-0.008553854
-0.5379642
-0.0889455
0.4826987
0.3111051
0.3420735
0.2383023
1.354687
1.804833
1.682848
1.299625
1.178519
1.131865
0.7718249
1.242364
1.460413
1.493854
1.459345
0.5484791
0.567087
0.5620331
0.4050926
-0.6559649
-1.254941
-1.43522
-1.460719
-1.585963
-0.8894675
0.04467381
-0.5155446
-0.6263012
-0.02492328
-0.2403996
-0.7881892
-0.3487892
-0.9774534
-0.7650016
-1.471028
-1.894604
-1.810119
-1.693866
-1.395863
-1.169716
-0.8015409
-1.409739
-1.179085
-1.573879
-1.586886
-1.367503
-1.611581
-1.111519
-0.9086223
-0.8579027
-0.07821538
-0.5302539
0.05611298
0.1066068
-0.2931213
-0.5486381
-0.5023408
-0.07568684
-0.1850726
-0.1713384
-0.6249404
0.419355
-0.3940071
-0.8538032
-0.9166957
-0.9692871
-1.241468
-1.148501
-0.4835091
-1.156601
-1.375787
-2.071046
-1.966087
-1.84884
-1.711509
-1.386935
-1.226199
-1.236751
-1.038972
-1.122459
-0.6435073
-1.000046
-0.7427833
-1.751785
-2.623883
-2.465071
-2.174777
-1.444826
-1.420569
-1.209022
-1.07006
-0.2345688
-0.474316
-0.8904799
-0.3153503
-1.13052
-1.537596
-1.77672
-2.017949
-2.949044
-3.20061
-3.820529
-4.000241
-4.03301
-3.892609
-4.444424
-4.691948
-4.392996
-4.143843
-3.57545
-3.572384
-3.900048
-4.091314
-4.982457
-4.925038
-5.064294
-5.188139
-4.8528
-5.139575
-5.238892
-5.061155
-4.467765
-5.051419
-4.712963
-3.974916
-4.396969
-4.97253
-5.598243
-5.199956
-4.459885
-4.254295
-4.296156
-3.921287
-3.534462
-3.109953
-2.692894
-2.305451
-1.957979
-1.949504
-1.542434
-2.185664
-2.045253
-2.150387
-2.268013
-1.920739
-1.963032
-2.081109
-1.436073
-1.094141
-1.108716
-1.380803
-0.8157038
-0.7118137
-1.18042
-0.4755379
-0.1077567
-0.06280673
0.1206493
0.1340586
1.174353
0.804886
0.3959281
0.2960644
0.4562491
0.1605856
-4.941724e-05
0.8087306
1.306453
0.9977587
0.3591595
1.085287
1.701209
1.596724
1.352346
1.939261
1.856011
1.872262
2.160702
3.32424
2.935722
3.076415
3.246481
2.37938
2.561154
2.829829
2.337676
2.761877
3.447118
4.15168
3.910809
3.720737
3.246176
3.585584
3.821929
4.254905
4.279742
4.724699
4.752955
5.309067
4.820397
4.971311
5.366869
6.029989
5.772749
6.135542
5.314917
5.417191
4.983931
4.695169
4.498664
4.136722
4.105235
4.077853
4.977372
5.208393
4.799127
4.948407
4.452553
4.88859
5.034364
4.778664
5.378947
5.285965
5.110088
5.301504
5.832657
5.638745
5.95963
5.619614
5.47122
5.674279
5.406763
5.411648
5.53362
5.065064
5.387681
5.177641
5.813995
5.702277
5.6536
5.928148
4.956924
5.883691
6.203445
6.314068
6.864316
6.311737
5.874206
5.538562
5.879989
5.439838
4.965075
4.513401
4.350138
4.40337
4.665273
5.039183
4.672435
4.544794
5.295509
5.897933
6.521356
6.355435
6.268861
6.49827
6.425081
6.772473
6.224902
6.136902
5.928409
6.460039
6.302338
5.253184
5.138229
5.500649
6.299951
6.150122
6.595638
6.570047
6.260167
6.361489
6.01782
6.252552
5.78024
5.853447
6.784854
6.337098
6.531924
7.284738
6.546008
7.385153
7.119417
7.448194
7.887725
6.738341
7.048357
7.662609
7.92132
8.025454
7.997894
8.345068
9.47412
8.807179
8.696493
8.788365
9.632991
9.6088
9.265001
9.365016
8.732183
8.10002
7.540695
7.106443
5.974427
6.68881
6.249609
6.095152
5.913999
5.74998
5.840581
6.289571
6.137085
6.463011
5.539936
6.228609
6.508377
7.068343
7.729377
7.577335
7.725445
7.424643
8.594329
8.288021
8.382786
8.165499
7.822877
7.882038
6.710979
6.248111
5.899998
6.023202
6.208554
5.639993
5.356524
5.911232
5.209907
4.819663
4.424329
4.217948
3.680129
2.589649
3.090151
3.823322
4.728794
4.980543
4.78506
5.552672
4.984925
4.876177
4.971564
4.739545
4.61709
4.551525
3.781654
4.337791
4.993461
4.983428
5.46538
4.995428
4.506016
5.339651
5.24771
5.125915
4.547183
5.252566
5.708513
5.304777
5.157804
6.042735
5.664354
5.009051
4.882125
4.458385
4.897852
4.993418
4.158476
5.654069
5.424709
5.680178
5.909931
6.171241
5.620395
5.361263
5.04162
4.979695
5.208286
5.201986
5.312651
5.460266
6.291958
6.353642
5.862216
6.475073
5.554856
5.710046
5.588549
5.056833
5.273704
5.516942
6.112916
6.349408
6.144063
5.740418
5.190552
5.664707
5.988552
5.618486
4.710636
4.511485
4.68243
4.437537
3.952446
4.45007
4.008042
3.96723
4.639126
4.7022
4.421407
4.520571
4.131651
3.124409
2.901866
3.129359
3.181016
2.809625
3.107808
3.095797
3.257293
3.63764
3.814871
3.567985
2.74542
3.781165
3.946761
4.320357
4.655055
4.556827
3.770839
3.510093
3.821659
3.656825
2.73709
2.769482
2.829018
3.345765
3.012308
3.130062
3.623363
3.811316
3.588896
2.897996
3.637791
3.419937
3.44919
4.037825
4.454459
3.68247
3.436651
2.930853
2.765973
2.518694
3.206702
1.985276
2.904703
2.736941
2.626596
2.324922
1.597215
2.111609
2.654472
2.514134
2.745696
3.092251
3.881836
3.998365
3.843409
4.113696
3.738196
4.303134
4.152388
3.365345
2.54319
1.875368
1.608764
0.9352543
0.5939138
1.437635
1.421213
0.5097309
0.07555085
-0.3457269
-0.7444739
-0.8239574
0.1918763
0.3839217
-0.3052263
-0.708908
-0.4847383
0.2869461
-0.143643
-0.7237014
-1.533578
-1.10582
-1.538526
-2.151411
-1.820822
-2.01285
-2.480896
-2.636955
-2.808399
-2.832058
-3.007632
-3.058025
-2.185576
-2.156432
-1.760703
-2.080972
-1.392128
-1.943695
-1.74444
-1.328871
-0.9617706
-1.368194
-1.843852
-1.89616
-1.57706
-1.489959
-0.8184793
-0.3374331
-0.620231
-0.4447902
-0.141437
-0.4313253
-0.2076897
-0.4817073
-0.8009287
-0.686407
-0.41358
-0.3217086
-0.1416234
0.3919287
-0.566149
-0.7760659
-0.8763056
-1.014038
-1.172078
-0.9259142
-0.2288005
-0.4234028
-0.8680388
-0.8301409
0.1291969
0.257157
0.8821847
1.228999
1.903023
1.796037
1.334367
0.8536409
1.395824
1.11673
1.12233
1.137357
0.8485558
0.5426851
0.0258256
0.1687261
0.2847756
0.4313697
0.1905352
0.2834698
0.59467
-0.0432661
-0.6402307
0.5744894
1.241665
0.8617233
0.3150541
1.313347
1.986791
2.342204
2.564839
2.978248
3.189706
3.302982
2.817513
3.852996
2.884389
3.173271
3.265077
4.269628
4.511353
4.26197
4.453469
4.397796
4.3186
4.070851
4.10605
4.315948
4.697079
4.61222
5.146807
4.772857
5.103529
4.741655
4.856439
4.96959
5.397389
5.923415
5.957039
5.812875
5.987305
6.906103
6.840226
5.793845
5.887983
6.704912
6.17118
6.165957
5.597816
5.851356
5.704777
5.835341
6.286157
5.909455
5.25893
5.168359
5.38064
6.05581
6.573497
6.776284
7.024016
7.087612
7.477803
7.409458
6.842138
6.737986
6.066679
6.464646
6.552603
6.642586
6.716096
7.105891
6.828945
6.669927
6.707173
6.801345
7.240484
7.86613
8.194581
8.200923
8.583699
9.193051
9.786825
9.467712
9.712945
9.598106
9.944707
10.16253
10.42069
10.23313
10.31901
9.539545
9.296138
8.654753
9.387385
8.702319
9.910105
10.22168
10.16524
9.732237
9.341988
9.29421
9.080426
9.408972
9.220779
9.509675
9.550872
9.649526
9.605888
10.04149
10.50653
10.36013
10.35252
10.24075
10.4971
11.45937
11.5956
11.43299
10.86647
10.74824
10.96874
11.31047
11.47027
10.76403
10.07356
10.41928
10.09276
10.28803
9.907809
9.573133
9.813925
10.59033
10.36049
10.04713
9.595683
9.464843
9.093244
8.819748
8.260813
8.743335
9.064664
9.138267
8.28585
8.554635
8.369675
8.291824
8.47822
8.569438
8.257842
7.209414
6.662151
7.086669
7.391945
6.997638
7.844347
7.048695
7.079953
7.264001
7.305193
7.501569
7.603532
7.566947
7.636298
6.641441
6.745299
5.999613
6.101152
6.036472
5.618616
5.321272
5.422668
5.365088
5.619866
5.940587
5.919079
5.757227
5.493497
5.171528
5.223555
4.452426
4.366383
4.575049
4.096465
4.654082
4.399138
4.457012
3.435302
3.717876
3.659689
3.60181
2.563198
2.436165
2.427753
2.569647
3.039534
2.734164
3.206771
3.55049
3.664036
4.512059
3.905322
3.37326
3.628332
2.758153
2.888462
2.816992
3.205928
3.376957
3.253556
2.848283
3.063908
3.264498
3.191167
3.410817
2.682939
3.177531
2.633664
2.181583
2.219706
2.416202
2.272004
1.837973
1.495382
1.624618
1.364151
1.787739
2.771847
1.833014
1.265061
1.681737
0.6790867
0.9188014
0.9559229
0.8431588
1.290406
1.099192
0.8301513
1.232684
1.415622
1.10639
1.012278
0.6531668
1.039699
0.8122844
1.657241
2.606729
2.76453
3.460429
3.43597
3.553203
2.522451
3.115348
3.11151
2.843231
3.185044
3.184521
3.42765
3.269008
3.225989
3.424378
3.672931
3.445063
3.760568
2.956474
3.94557
4.444754
3.434374
2.911356
3.140202
3.095285
2.45328
2.480117
2.446266
2.504198
2.154864
2.631804
2.404244
2.162096
2.159976
2.420441
3.018857
3.111839
3.369981
3.234785
3.591441
4.020131
3.931724
3.814183
3.663214
3.886106
3.725321
3.723816
4.142621
2.837078
2.982791
3.207801
3.530662
3.204311
2.992466
2.393326
2.453582
2.929403
3.118426
2.884728
2.831329
2.756537
3.088752
3.195337
4.237525
4.552324
5.119897
5.179109
5.332454
4.974944
4.808984
4.16251
4.091092
3.744062
4.754661
4.80305
4.862217
4.995278
5.917448
6.46586
5.642255
4.96464
4.767873
4.821774
5.057298
5.551605
6.427713
5.806898
6.150801
5.590663
5.390193
5.681468
5.324519
5.40509
5.746863
4.777951
5.359615
5.59924
5.603821
4.970462
4.913436
5.196888
5.694048
5.608234
6.367079
6.332275
6.479007
5.533135
5.533054
5.891036
5.856055
5.993311
6.153388
6.599892
6.242681
6.550483
6.511314
5.879636
5.473269
5.645407
6.622811
7.08923
7.741921
8.167798
8.237235
8.510233
8.440475
9.163142
9.902865
10.66059
10.90749
10.8624
11.36915
10.75767
10.06147
10.10221
9.825181
10.23883
9.859191
10.65697
9.746095
9.324396
9.523848
9.752728
10.01098
10.08952
10.79163
10.2522
10.40161
9.638949
9.053683
9.401242
9.327119
9.701338
9.802531
9.702135
9.366787
9.198599
9.649312
9.852092
10.08707
9.778956
9.866308
8.755043
8.308392
7.716598
8.523029
8.450305
8.862278
8.489951
8.262829
8.712143
8.794163
8.2677
8.081968
8.042984
7.538408
7.749446
7.485847
8.426103
8.842785
9.774505
10.46941
9.764264
9.744324
9.647467
9.852586
10.73244
9.92591
10.06661
10.62481
10.72049
10.77578
11.052
12.42962
13.19483
12.07723
12.32089
12.80584
13.7225
14.22104
14.43163
15.04425
15.79765
16.14667
16.35416
16.66877
16.56359
16.699
15.82259
15.63939
15.61775
15.23343
15.24121
15.21576
14.99431
15.32942
15.04835
15.31763
15.88684
15.6047
15.82496
15.61811
16.13077
16.12612
15.55832
15.45124
16.60409
16.12868
16.12621
16.31046
16.02605
15.79851
15.44568
15.4465
15.86352
16.42852
16.15632
16.3064
16.57425
17.31503
17.6766
17.70734
17.81088
18.26739
18.59517
18.71819
18.85638
18.48933
18.92268
19.03844
20.08604
20.35913
20.22471
20.78229
20.73217
20.74378
20.79515
20.86118
20.70758
20.84025
20.93867
21.10723
20.88825
21.50036
20.84404
20.38592
20.0805
20.61009
21.02998
21.69884
22.6013
22.49213
22.4547
22.98446
22.93251
22.68333
23.17744
22.66702
22.72517
22.93508
22.39134
22.74472
22.74942
22.40629
22.55205
22.45723
22.53373
22.05139
21.64373
21.69444
21.83774
21.419
21.83709
22.2894
22.04665
21.55145
21.6814
21.62215
21.80019
22.18193
22.28553
22.90418
23.39597
23.6121
23.17746
23.31282
22.72427
22.91299
23.25632
23.27283
23.48676
23.7881
23.45794
23.64622
22.78214
22.43197
22.34778
22.53668
22.02732
22.00989
21.52922
21.44924
20.96537
20.80076
20.81851
21.02697
20.75102
20.30928
19.85048
20.00391
19.92952
19.60326
19.82472
19.93618
20.23751
20.18814
20.01489
20.24925
19.98413
19.97904
19.44201
18.58475
18.7621
19.39196
19.34885
19.7189
18.74381
18.50032
18.14389
19.33584
19.67909
19.5223
18.62238
18.58474
19.75238
19.96619
19.47143
19.10994
19.56372
19.39494
19.741
20.15189
20.16047
19.35405
19.78786
19.43586
19.19209
19.19403
19.33305
18.75604
19.06137
18.41822
18.51363
17.91287
19.10498
18.76954
18.86822
19.09343
19.92745
20.35445
20.50748
20.2864
20.34289
20.40453
20.28535
20.88385
20.9322
20.88043
21.05598
21.02532
20.7395
21.03225
21.31452
21.72801
21.86196
22.24184
22.32117
21.63228
21.93264
22.11889
21.72772
21.37479
21.71894
21.98375
21.62524
20.85628
21.32948
21.07042
20.54743
19.61076
19.87783
19.85308
20.18636
19.87947
20.54652
20.53682
19.51625
19.19466
19.30234
19.67993
19.21586
18.93586
18.99147
19.39438
20.47914
20.14825
20.52852
20.53985
20.40901
20.67728
20.33015
20.41181
20.1783
20.54574
19.55669
18.65364
19.15288
19.46605
20.22205
21.06148
21.03628
20.51473
21.02861
21.19107
21.44629
21.94463
21.72693
22.6587
23.63231
23.23024
23.27882
23.43899
23.47969
23.1407
23.32543
23.43777
23.64156
23.35551
23.406
23.50047
23.82995
23.892
24.61129
24.55181
24.13374
24.30218
25.08561
24.60359
24.94515
24.82203
24.89803
24.74113
25.54561
26.13647
27.48508
28.25657
28.22768
27.78786
28.43113
28.6229
29.137
28.79653
28.83172
28.76085
28.86152
28.67736
29.28343
29.33646
28.73286
29.03476
28.87673
28.58409
28.73272
29.60645
29.84474
30.70224
31.02172
30.68888
29.57941
29.93285
30.56314
31.07848
31.05262
31.17232
30.28484
30.20458
30.60484
30.74221
30.70498
30.15048
30.82449
31.82171
31.99647
31.82303
31.44056
31.70539
32.51057
32.93779
32.25254
32.42557
32.70171
32.1809
31.82362
31.1816
31.517
31.06556
30.36763
30.39193
30.06011
29.83758
28.31669
28.36336
28.01999
27.33927
27.0676
27.52389
26.30823
26.5481
25.92684
25.12994
24.12051
24.53532
24.13781
24.22489
23.71501
22.92312
22.41422
21.87054
21.04008
21.10939
21.19352
20.78393
20.59111
19.91031
19.67445
19.2779
19.79812
19.7237
19.76232
19.74612
19.50827
19.36824
20.00769
19.27499
18.99397
19.16295
20.22689
19.64371
19.69016
20.13594
20.13512
20.13071
20.28258
20.07075
20.09017
19.29301
18.37048
17.99647
17.75693
17.79327
17.2518
18.01283
17.54275
17.56479
17.60302
17.66206
17.21237
17.28647
16.79748
17.19175
17.44862
17.50474
17.37697
18.1236
17.5029
17.05342
16.57199
15.89213
16.31337
16.57932
16.62923
17.15097
16.42664
17.04795
17.35545
17.22457
16.91039
16.59705
16.50762
16.73519
16.55297
15.43401
15.89384
15.35746
14.94628
14.80022
13.77332
13.04324
13.57923
12.43811
12.45343
13.20831
13.58333
14.13745
14.08465
14.35902
14.82784
14.40884
14.29563
14.54508
14.41758
14.38234
13.94412
13.9213
13.7097
14.69006
15.11551
15.3985
14.90881
14.17844
13.99357
13.07154
13.1123
12.76013
13.20866
13.27515
13.99287
13.78349
13.40436
13.56243
13.67655
14.31912
14.97076
15.34023
15.19779
14.99516
14.80204
15.05642
14.20132
14.62753
13.78853
13.76313
13.68986
14.3418
15.03244
14.79573
15.01284
15.92344
16.27049
16.66416
17.56087
17.34162
17.19136
17.76944
17.5607
17.75014
17.33642
17.79835
18.04314
18.09429
18.11179
18.24495
18.34468
18.24117
17.87851
17.9962
17.89778
17.34599
17.21596
17.54119
17.54982
17.80577
17.27885
16.68311
16.97749
16.88969
16.8932
17.52388
17.09836
16.73346
17.17338
16.12049
16.03301
15.95785
15.29972
15.28402
15.15388
15.44793
14.54716
14.0683
14.00487
14.00862
13.98473
14.09517
14.5582
14.61311
14.76114
14.41463
14.44674
13.93203
14.54399
14.62569
14.23873
13.96962
14.58182
15.53956
15.05611
14.93995
15.03041
15.24363
14.69872
14.48985
14.48629
14.27507
13.73275
13.44644
13.31482
12.51007
12.20736
11.93399
12.00789
11.9264
11.5193
12.09643
11.18142
9.779173
9.786319
8.999344
9.592082
9.322526
8.778679
8.276258
8.697538
9.276792
9.008341
9.201747
8.80364
8.384384
8.890594
8.796925
9.126367
7.929977
8.73987
9.194954
9.422955
8.53677
8.550708
7.760171
7.188581
6.6816
7.224448
7.40756
7.746592
8.905813
8.800212
8.905579
9.112374
9.51323
8.398284
9.055768
9.644703
8.836729
7.889654
7.898319
8.209418
8.062914
7.873124
6.950615
6.142132
5.684255
6.881649
6.802049
6.856181
6.267756
5.875435
5.525134
5.975026
6.018218
7.09077
7.015102
7.572065
7.383443
7.686839
7.108385
6.883045
6.551597
6.424831
6.095313
5.932101
5.715718
6.327717
5.665488
6.096273
6.14152
5.870797
5.208573
4.688556
4.637904
4.102133
3.957052
3.298995
3.218019
3.020545
3.676201
3.398752
3.35987
3.909415
3.717841
4.092111
4.571626
5.170645
5.229619
5.579429
5.409474
5.290728
4.823579
4.536761
4.013456
4.870541
5.018873
5.873698
5.540234
5.971396
6.086058
6.106383
5.969112
6.358522
6.303737
6.315546
6.761336
6.872924
6.353132
5.978962
5.884061
5.846052
5.85199
5.227998
4.834802
4.721355
4.25988
4.488824
4.564573
4.178452
4.272992
4.497416
3.784964
4.620803
4.562656
4.967536
4.219873
4.589969
4.818625
4.729866
4.758015
5.274249
4.646231
4.844609
5.035403
5.442453
5.051926
5.458994
5.468512
5.802099
5.935258
5.634537
5.873952
5.970018
6.568556
6.184693
6.3165
6.991852
7.695991
7.161678
7.106664
6.522135
7.158365
7.383246
7.630246
7.421197
7.899521
7.76575
8.175112
8.501616
8.934817
9.567792
9.923996
9.421311
9.173435
9.351319
9.274436
9.047864
9.193053
8.982946
8.252455
7.912542
7.49014
7.313318
7.056756
6.241193
6.615561
6.889118
6.894585
6.812413
7.426841
7.703242
7.832162
7.739195
8.437407
8.912815
8.945435
8.781077
9.126495
9.982731
9.545603
9.26298
8.521556
8.569671
8.414903
8.683685
8.522454
8.946019
9.677569
9.473747
9.609229
9.304071
9.845384
10.01866
10.4256
11.08341
10.74503
10.6018
10.20724
9.824795
9.305465
9.995839
10.3015
10.83649
10.93442
10.71458
12.21118
13.27101
13.74918
13.79891
14.12071
14.47868
14.08514
14.15959
14.02975
14.38088
14.69554
14.78348
14.93245
14.98376
14.75277
14.75077
15.87343
15.72417
15.70269
15.6822
15.63671
15.34632
16.04186
16.65762
16.17304
16.24535
16.18082
16.4753
16.26111
16.27146
16.52763
17.15865
16.72132
16.66795
17.20107
16.76366
15.61563
14.97978
14.13308
14.18051
14.21583
13.79987
12.89836
12.93474
12.54234
12.58435
11.93558
10.94316
10.70222
10.05843
9.86468
10.00054
10.0115
10.12853
9.331921
10.01165
10.15085
10.49438
10.75677
11.22009
10.11343
10.55517
11.94553
11.71962
11.58761
12.33454
12.27591
11.92588
11.30706
11.08873
11.67706
11.8143
11.37482
10.86671
10.88099
10.3126
9.964607
9.419849
10.0582
9.929615
9.835767
9.565992
9.67494
9.935612
10.05391
10.61704
11.1115
10.49192
10.85776
11.46965
11.01721
11.4224
11.44485
11.42094
11.27398
11.73279
11.72389
11.50857
10.94273
11.17287
11.66914
11.43702
11.66609
11.94263
12.29604
12.90129
13.92763
13.29385
13.53605
13.07448
13.59121
13.59787
13.77074
14.34801
14.66703
14.74498
14.86406
15.00201
14.7299
13.87059
14.19958
13.6481
14.47037
13.38948
13.96787
13.57401
13.56322
14.07115
13.57306
13.80967
13.31615
14.65518
14.79083
14.72563
14.873
15.14158
15.18924
15.04582
15.93133
16.23561
16.44024
15.92509
16.2016
16.23569
16.22581
15.75736
16.13083
16.76323
15.6371
15.84139
15.72946
16.11881
16.10916
16.84302
17.84004
18.47282
18.96771
19.56493
20.89794
21.14639
20.70311
20.6877
20.90226
20.55434
21.4307
20.60318
20.65548
20.81554
21.04864
20.77539
20.39276
19.79326
19.68089
19.17375
19.52324
19.00664
19.74812
19.43111
19.15
18.92798
19.10588
19.1762
19.39327
19.04847
18.88295
19.07097
19.55015
19.81485
20.18158
20.30536
20.21457
20.34424
19.48056
19.74562
18.97919
19.1379
19.27259
19.50952
19.76404
19.63742
20.45994
21.07088
20.2859
20.51752
19.50627
18.82513
18.31311
18.88743
18.72978
18.75549
18.3764
18.4527
18.14171
18.96285
18.88621
18.78028
18.5854
17.86472
17.05203
17.04215
16.90542
16.77826
16.78041
16.45851
16.43353
16.64299
17.46193
17.22626
17.67386
18.23005
18.38681
18.21954
17.61774
17.17046
17.38666
16.92226
17.18471
17.55269
17.74831
17.39801
17.22538
17.60773
18.15352
17.38622
17.88534
18.46131
17.95907
17.31599
17.76323
17.18907
16.93677
17.41352
