0.9939904
0.9510809
0.9898741
1.017433
0.9595134
0.9394912
0.846937
0.8654902
0.8876134
0.9153606
0.9253346
1.041204
1.029603
1.042776
1.065877
1.058687
1.063891
1.123428
1.087376
1.080964
1.010184
0.9876875
1.062631
1.073263
1.01989
1.032057
0.991902
0.9549481
0.9152406
0.8411078
0.9320797
0.9911063
1.002407
1.02393
1.105934
1.116844
1.090096
1.130027
1.161625
1.145123
1.147307
1.137039
1.128656
1.168383
1.203494
1.12318
1.16824
1.157664
1.096308
1.049774
1.116204
1.022605
0.9745165
1.074463
1.136185
1.214411
1.266035
1.248706
1.24472
1.31075
1.325671
1.315781
1.354895
1.353963
1.276788
1.27465
1.311385
1.273129
1.238284
1.229381
1.264084
1.15739
1.118809
1.157583
0.9965815
0.9859524
0.9744236
0.9372865
0.9253061
0.9992102
0.9445677
0.9617838
0.9610038
1.050308
1.156274
1.242244
1.278745
1.326237
1.360737
1.264986
1.387399
1.314383
1.313435
1.241833
1.338837
1.295591
1.295412
1.19623
1.181445
1.053429
1.028767
0.9296721
0.8389968
0.9048808
0.9836036
0.9960507
0.9667892
0.932881
0.9100175
0.8803382
0.8477099
0.7807935
0.8709779
0.8795483
0.9302375
0.9828397
0.9161518
0.9137906
0.9832865
1.002914
0.9866132
0.9861568
0.9396902
0.957127
0.9805158
1.090973
1.075286
1.15689
1.060561
1.074665
0.9550099
0.8597135
0.8525306
0.9188791
0.9843412
1.005715
0.9849892
0.9534258
0.9718006
0.9377501
0.9340623
0.8287235
0.8286928
0.8462021
0.846037
0.9283802
0.997733
0.9139116
0.8971563
0.9206784
0.9802399
1.064076
0.9557845
1.008639
1.020805
1.054715
1.065442
1.090882
1.095964
1.150254
1.120345
1.123632
1.089439
1.141794
1.147152
1.159451
1.132269
1.078874
1.158123
1.146095
1.145162
1.119926
1.076457
0.9409944
1.005504
1.002671
1.035655
1.023517
1.074484
1.108708
1.076546
1.104465
1.162403
1.118812
1.083477
1.20884
1.260142
1.203948
1.201668
1.270413
1.305474
1.299562
1.269254
1.274891
1.283793
1.266663
1.190402
1.245444
1.196466
1.150738
1.172288
1.24702
1.189755
1.232432
1.319163
1.325901
1.323419
1.372252
1.351236
1.351553
1.278417
1.248029
1.224587
1.328798
1.336523
1.285595
1.281846
1.281281
1.281082
1.197458
1.146313
1.090197
0.995827
0.930288
0.8816574
0.8125164
0.827954
0.9412028
0.996225
0.9151488
0.9394157
0.9577592
0.9147033
0.8850478
0.8762042
0.8161561
0.858083
0.8802995
0.8722087
0.7853612
0.770741
0.6591917
0.6111412
0.6292668
0.6404456
0.6362634
0.5691006
0.4791283
0.3762464
0.4114647
0.4344768
0.3732517
0.4431504
0.4419468
0.4364209
0.4788343
0.5386156
0.5313208
0.5878659
0.6726974
0.7015713
0.760303
0.8123933
0.8468363
0.8511741
0.8201983
0.8634934
0.8893335
0.9098831
0.8773979
0.8503609
0.7378342
0.7028198
0.633198
0.5558572
0.5125613
0.5677284
0.5606072
0.6307776
0.6761834
0.6754604
0.7295323
0.7494095
0.7791791
0.7826622
0.6929711
0.741277
0.7633247
0.7526688
0.8098384
0.7167497
0.7300167
0.783129
0.7405343
0.731462
0.7386717
0.6826278
0.5991371
0.6385122
0.6137467
0.622918
0.6361676
0.7295571
0.6488356
0.6762966
0.633347
0.657993
0.6736232
0.6352822
0.5770919
0.6587609
0.6206749
0.6131119
0.5855694
0.5105934
0.5498338
0.5502942
0.5753195
0.5727161
0.5284681
0.5887285
0.6019095
0.5446061
0.5655325
0.6172108
0.5989299
0.4594257
0.5445834
0.5731223
0.6440503
0.7024095
0.6972917
0.721283
0.6659314
0.6508455
0.6264658
0.5987296
0.6325728
0.6296433
0.5983762
0.5454683
0.5542461
0.6584343
0.7286468
0.7791653
0.8286609
0.8596987
0.7306407
0.6880156
0.6961226
0.6975922
0.656936
0.6177337
0.6801642
0.6627288
0.6726276
0.6070045
0.4677243
0.5948292
0.5890517
0.5594516
0.542841
0.5480742
0.5656296
0.5533495
0.5102539
0.581971
0.5760689
0.5191458
0.4420655
0.4303532
0.3579628
0.4194931
0.4674424
0.4855938
0.4349759
0.5042024
0.5634677
0.5696689
0.5277736
0.5062985
0.5582816
0.5354912
0.6494666
0.686095
0.6559915
0.6906652
0.7241259
0.7294667
0.7898331
0.6961702
0.6984999
0.7385751
0.7187792
0.8555312
0.8404923
0.8119924
0.774674
0.7210062
0.7141733
0.6810233
0.7463691
0.7162673
0.6922459
0.6590611
0.6087198
0.6464506
0.601383
0.6750178
0.7081453
0.6831068
0.7229875
0.7263739
0.7689445
0.646799
0.6652902
0.6433033
0.6528774
0.6998555
0.7859371
0.7903466
0.7939091
0.7401607
0.8029497
0.681429
0.6454983
0.708576
0.7597998
0.7735671
0.7574971
0.7242003
0.726445
0.7651302
0.7605616
0.7727312
0.8712214
0.8636151
0.9002984
0.8999365
0.9118166
0.9891736
1.033768
0.9968354
1.052017
1.159831
1.144567
1.21816
1.287011
1.407156
1.325644
1.377535
1.441769
1.418951
1.368252
1.365736
1.391824
1.3677
1.389653
1.405766
1.371166
1.339102
1.304028
1.285387
1.230895
1.263181
1.22564
1.13412
1.133156
1.064988
1.1282
1.094927
1.149488
1.119244
1.11034
1.157514
1.057641
1.02824
1.043174
0.9926609
1.066372
0.9969696
1.097214
1.173476
1.132157
1.142192
1.088292
1.027266
1.061949
1.075123
1.083773
1.087773
1.09021
1.044398
1.038685
1.066162
1.058476
1.098174
1.111997
1.08919
1.164702
1.140896
1.039695
1.043317
1.095418
1.213537
1.195572
1.284313
1.278542
1.24761
1.347482
1.318487
1.409449
1.302217
1.364385
1.291458
1.180153
1.231013
1.282959
1.303059
1.254389
1.288004
1.301368
1.347178
1.299266
1.255155
1.249656
1.275192
1.266369
1.325618
1.406076
1.365194
1.395496
1.414484
1.41142
1.419338
1.387722
1.348206
1.443947
1.42014
1.417707
1.394322
1.372625
1.373282
1.345913
1.412752
1.296517
1.320601
1.305281
1.193279
1.151337
1.104075
1.12587
1.140128
1.033384
1.054567
1.04509
1.133197
1.155974
1.241927
1.273184
1.302216
1.321703
1.315496
1.371122
1.371183
1.414535
1.377249
1.387887
1.369034
1.440557
1.440015
1.414495
1.394396
1.483585
1.534866
1.553225
1.527949
1.540411
1.555596
1.575341
1.591136
1.524426
1.500878
1.512008
1.618955
1.64646
1.672512
1.748505
1.72813
1.725806
1.71511
1.762237
1.761684
1.846723
1.927553
1.941561
1.935853
1.971911
1.931199
1.887001
1.922848
1.899125
1.888842
1.921749
2.023655
1.957884
2.104436
2.096664
2.164141
2.157417
2.101021
2.065138
2.142907
2.115422
2.202738
2.21945
2.245374
2.285169
2.185106
2.199691
2.325288
2.230605
2.320972
2.398588
2.454658
2.511872
2.51183
2.414579
2.452102
2.47924
2.474423
2.467822
2.45959
2.515788
2.537147
2.528744
2.453515
2.464303
2.319634
2.384156
2.399391
2.399425
2.483553
2.465714
2.4795
2.425928
2.413829
2.334166
2.414923
2.390544
2.343797
2.379682
2.401777
2.448673
2.519037
2.550688
2.469502
2.469305
2.430721
2.351973
2.277931
2.242201
2.240357
2.307536
2.343714
2.34554
2.478838
2.329803
2.325548
2.302341
2.227245
2.23227
2.14806
2.140531
2.230395
2.181186
2.117824
2.112264
2.091132
2.119844
2.247677
2.262671
2.327541
2.324627
2.266974
2.230231
2.127378
2.246259
2.285626
2.287746
2.337754
2.394256
2.466589
2.478976
2.560759
2.534117
2.509531
2.531198
2.587108
2.450046
2.436951
2.359908
2.275861
2.250584
2.207014
2.19781
2.174829
2.179993
2.168313
2.226549
2.283439
2.222724
2.311021
2.288909
2.231962
2.187041
2.208413
2.164719
2.186972
2.243141
2.246296
2.292172
2.379909
2.337246
2.387691
2.47579
2.400353
2.289
2.246742
2.169914
2.219183
2.203392
2.239343
2.3033
2.441961
2.483176
2.471948
2.454077
2.477155
2.446572
2.381726
2.372429
2.336339
2.345953
2.389474
2.348542
2.312498
2.344941
2.346016
2.329978
2.254469
2.284109
2.382192
2.418159
2.419966
2.453649
2.466211
2.465876
2.488656
2.560091
2.573979
2.612954
2.552542
2.615142
2.593076
2.523614
2.594348
2.480806
2.511937
2.627347
2.677224
2.796424
2.755587
2.725912
2.700732
2.717771
2.770812
2.817274
2.792276
2.914718
2.916815
2.890795
2.821412
2.742646
2.735458
2.734459
2.720633
2.678788
2.663185
2.566756
2.555652
2.539465
2.63565
2.559516
2.504616
2.480418
2.450189
2.545065
2.483783
2.547004
2.499471
2.437699
2.495872
2.663149
2.674234
2.680441
2.626097
2.563207
2.539106
2.443472
2.424296
2.426995
2.435562
2.456553
2.419286
2.508481
2.424472
2.469934
2.441599
2.461556
2.438383
2.40634
2.470709
2.511189
2.502827
2.618301
2.62971
2.681588
2.720078
2.87068
2.958749
2.993657
2.999281
2.947171
2.870665
2.851368
2.883817
2.944002
2.899608
2.963569
2.999387
2.910569
2.859687
2.916915
2.963504
3.067882
3.112902
3.108414
3.196505
3.213064
3.206614
3.171113
3.238576
3.245741
3.18228
3.16871
3.183125
3.219772
3.26524
3.238331
3.2643
3.261652
3.198018
3.217884
3.190392
3.099918
3.216827
3.206937
3.18462
3.185494
3.067749
3.086429
3.095745
3.072882
3.181469
3.248373
3.109708
3.09708
3.164515
3.173611
3.181974
3.130182
3.168231
3.17895
3.252577
3.269052
3.188043
3.172193
3.136144
3.200911
3.248172
3.282491
3.341621
3.323868
3.312965
3.343892
3.31729
3.260799
3.205198
3.20858
3.238796
3.230146
3.257583
3.224247
3.202038
3.168841
3.159553
3.1727
3.169191
3.189195
3.075446
3.146322
3.021546
3.042124
3.063344
3.19321
3.242765
3.321131
3.272281
3.340253
3.362974
3.378992
3.405234
3.406181
3.409867
3.395769
3.306871
3.297313
3.185785
3.154714
3.148497
3.189136
3.274124
3.31942
3.450761
3.47834
3.571607
3.676732
3.588566
3.651693
3.743218
3.801321
3.800418
3.816972
3.830679
3.817707
3.858714
3.905422
3.875339
3.880083
3.923262
3.872447
3.961536
3.902756
3.874043
3.897027
3.931409
4.024516
4.004851
4.009941
4.045494
4.020362
3.99718
4.066667
4.099501
4.074304
4.069038
4.009412
3.909573
4.003522
3.94667
3.967359
3.874409
3.850207
3.856038
3.794178
3.744891
3.780642
3.801959
3.7754
3.869768
3.923303
3.941889
3.961444
3.903048
3.822422
3.844898
3.847313
3.813151
3.844204
3.827517
3.762002
3.809577
3.792182
3.714802
3.74604
3.718431
3.694926
3.776069
3.790344
3.80866
3.855637
3.903876
4.000758
3.990488
4.038179
4.104497
4.16946
4.210854
4.221776
4.192572
4.277088
4.318757
4.379598
4.385133
4.353944
4.396284
4.442175
4.448296
4.463185
4.594755
4.690896
4.766139
4.748074
4.637777
4.619705
4.5721
4.484248
4.409151
4.425776
4.390636
4.426565
4.495606
4.54101
4.650197
4.658648
4.73825
4.840611
4.743177
4.729401
4.762259
4.739246
4.634932
4.650057
4.646455
4.572358
4.552167
4.471638
4.4297
4.40872
4.400495
4.495948
4.451992
4.50478
4.543307
4.535783
4.527137
4.502906
4.581629
4.522531
4.62713
4.559089
4.496119
4.333144
4.38753
4.40302
4.398528
4.390001
4.430827
4.475893
4.450459
4.47992
4.572776
4.561918
4.584144
4.557986
4.592328
4.67708
4.705739
4.793356
4.744545
4.736779
4.691078
4.702205
4.700955
4.736412
4.75978
4.762235
4.732338
4.756217
4.781859
4.730329
4.71594
4.842018
4.857324
4.847589
4.787887
4.686778
4.692091
4.766106
4.645638
4.584096
4.652033
4.645039
4.607306
4.588297
4.682898
4.638073
4.665303
4.680654
4.738157
4.853256
4.775942
4.804762
4.912475
4.82854
4.901723
4.951358
5.007573
4.952218
4.988464
5.014909
5.025635
5.052197
5.028092
4.979597
4.90725
4.853091
4.837278
4.818416
4.826424
4.759588
4.752399
4.760055
4.749047
4.830225
4.849509
4.85614
4.940158
4.955912
4.977179
4.953666
4.966925
5.021798
5.056557
4.965478
5.005337
4.91561
4.819792
4.80088
4.951436
4.95281
4.971729
5.052112
5.094407
5.208704
5.357084
5.331014
5.205836
5.142699
5.186254
5.282125
5.365857
5.409806
5.44294
5.546128
5.485511
5.469192
5.380397
5.371092
5.347798
5.350792
5.412023
5.294159
5.280409
5.19826
5.165081
5.137006
5.156496
5.100967
5.166294
5.201596
5.207007
5.213294
5.129663
5.137387
5.032909
5.108841
5.142657
5.230963
5.14865
5.18469
5.188173
5.172831
5.183105
5.181463
5.15984
5.140082
5.130544
5.239263
5.19275
5.147107
5.171785
5.139635
5.223205
5.214247
5.293448
5.315641
5.293245
5.368346
5.438354
5.414006
5.299167
5.37014
5.330464
5.273892
5.29838
5.237026
5.276063
5.266477
5.3184
5.302974
5.222677
5.20108
5.16246
5.182261
5.274663
5.298451
5.254375
5.189671
5.20912
5.242657
5.275537
5.29982
5.209994
5.147139
5.099853
5.108303
5.185876
5.117467
5.068198
4.915684
4.976335
4.945536
5.053168
4.967162
5.009399
5.095085
5.097129
5.057006
4.958348
4.896964
4.874206
4.799169
4.836666
4.819193
4.859628
4.881327
4.860542
4.994312
4.933645
5.02653
5.045701
5.134918
5.197961
5.282728
5.369458
5.375242
5.384075
5.326028
5.38091
5.464006
5.456634
5.505311
5.46813
5.400545
5.281146
5.296675
5.23047
5.275909
5.373697
5.394374
5.32315
5.406306
5.436544
5.414343
5.296122
5.268846
5.253524
5.206783
5.178178
5.089057
5.043175
5.021401
4.993919
5.024683
5.048265
5.102551
5.083065
5.155402
5.212163
5.224973
5.326256
5.408072
5.370321
5.453403
5.427831
5.397678
5.408629
5.461231
5.416755
5.346957
5.362153
5.333974
5.311576
5.326711
5.32116
5.357286
5.433182
5.36968
5.356147
5.333541
5.327889
5.262853
5.240739
5.103333
5.16205
5.177166
5.148568
5.185918
5.246027
5.274538
5.308609
5.188361
5.177815
5.201848
5.294371
5.2562
5.298917
5.197804
5.144599
5.08831
5.102025
5.118352
5.134303
5.156623
5.144307
5.107104
5.125688
5.132212
5.086038
5.034979
4.996002
4.953124
4.943685
5.05027
5.04795
4.990843
4.917715
4.980504
5.009026
5.013154
5.107336
5.113345
5.211144
5.219293
5.196794
5.210465
5.173878
5.220827
5.153487
5.210357
5.127474
5.12422
5.097557
5.072543
5.135183
5.119213
5.162865
5.138892
5.152459
5.158916
5.258174
5.223304
5.236749
5.266829
5.294957
5.315473
5.320008
5.434204
5.493084
5.557905
5.715975
5.707949
5.81657
5.78936
5.817778
5.919233
6.00191
6.020485
6.03166
6.032778
6.05371
6.058475
6.111031
6.123
6.145466
6.208386
6.183638
6.197235
6.186088
6.21592
6.276612
6.257362
6.204896
6.159294
6.204286
6.17091
6.277565
6.322541
6.344295
6.298252
6.230033
6.186883
6.087678
6.093038
6.112912
6.128495
6.14256
6.050301
5.976283
5.92464
5.858347
5.823361
5.786741
5.768649
5.728385
5.639263
5.643432
5.632478
5.591473
5.571241
5.53902
5.526766
5.525207
5.516472
5.52032
5.52287
5.57511
5.659103
5.625812
5.621249
5.597072
5.604083
5.491617
5.43965
5.399509
5.457737
5.489593
5.536736
5.524409
5.530447
5.589856
5.610955
5.583918
5.593342
5.578869
5.477475
5.502553
5.53812
5.455357
5.422348
5.481505
5.53108
5.500382
5.551381
5.49185
5.49007
5.428882
5.393286
5.369702
5.366478
5.276846
5.297282
5.31612
5.317534
5.334425
5.355691
5.311734
5.311119
5.200438
5.128413
5.071758
5.004907
5.033547
5.03828
4.977976
5.062726
5.103536
5.125073
5.109878
5.058987
5.107339
5.229383
5.209357
5.276278
5.364878
5.36019
5.354489
5.37328
5.388768
5.318563
5.308214
5.337073
5.375123
5.402359
5.394692
5.41015
5.52361
5.487189
5.571063
5.61178
5.581693
5.522693
5.538652
5.476279
5.489526
5.470474
5.405272
5.330192
5.341646
5.279374
5.283081
5.31744
5.377124
5.411642
5.483641
5.583636
5.537396
5.619195
5.660997
5.750817
5.701991
5.748796
5.731825
5.82998
5.842452
5.87214
5.891178
5.956817
5.915305
5.924378
5.91117
5.881121
5.886869
5.855074
5.876609
5.879511
5.866017
5.842688
5.777816
5.734303
5.781992
5.731153
5.790324
5.84787
5.916874
5.909737
5.893187
5.820113
5.820701
5.806421
5.805416
5.816172
5.900407
5.869893
5.905903
5.923164
5.943651
5.975705
6.004832
5.96286
5.904365
5.876766
5.885926
5.911625
5.874421
5.792124
5.763314
5.713594
5.621346
5.755124
5.716247
5.849474
5.819504
5.81665
5.783128
5.817157
5.888291
5.931072
5.970641
5.965199
5.998856
5.928555
5.855713
5.837979
5.805181
5.880318
5.982258
5.99402
5.948075
5.990539
5.981488
5.978281
5.944612
5.860302
5.95541
6.011211
6.002114
6.046376
6.015558
6.011282
6.002498
6.001589
6.105182
6.077445
6.084315
6.067654
6.021381
6.042628
6.011347
5.991053
5.996857
6.017787
6.022005
5.965446
5.959449
6.033386
6.08214
6.014303
5.97046
5.947877
6.054356
6.046615
6.035092
6.135493
6.202384
6.188203
6.086319
6.009988
6.027302
6.071634
6.090322
6.03667
6.108529
6.152237
6.176489
6.086816
6.08463
6.049508
6.058745
6.036446
6.064202
6.063287
6.048009
5.99898
5.976103
5.952445
5.898054
5.941626
5.985285
5.986422
5.976463
5.970907
5.857271
5.748
5.598113
5.625329
5.536184
5.47562
5.505954
5.451511
5.510825
5.626982
5.62894
5.546072
5.665343
5.677377
5.674492
5.665935
5.536589
5.600875
5.555892
5.591139
5.677172
5.661561
5.640493
5.6584
5.743841
5.780391
5.846108
5.754073
5.811978
5.728696
5.795788
5.738672
5.673482
5.693754
5.600322
5.602112
5.611224
5.577821
5.541752
5.611788
5.621793
5.632418
5.677835
5.623501
5.550809
5.560145
5.552241
5.547159
5.511935
5.506521
5.581838
5.544407
5.606091
5.560805
5.688074
5.756651
5.734989
5.735304
5.764307
5.768564
5.68063
5.678414
5.739042
5.827366
5.888025
5.766255
5.759664
5.700723
5.708292
5.667794
5.728174
5.722745
5.680778
5.742987
5.74791
5.786631
5.814473
5.857696
5.830558
5.832876
5.826071
5.831309
5.891318
5.922325
5.944499
5.927622
5.976758
5.932029
5.906623
5.942607
5.983522
5.954319
6.017507
6.011826
5.987357
5.973947
5.999869
6.078411
6.066925
6.071078
6.001892
6.059226
6.039508
6.080955
6.241299
6.262196
6.235122
6.161625
6.075036
6.141921
6.117191
6.070816
6.049346
6.047495
6.060546
6.089281
6.09685
6.145479
6.180249
6.086168
6.124555
6.083746
5.98205
5.931275
5.913365
6.006694
5.928564
5.910749
5.914122
5.892659
5.958113
5.977481
5.97736
5.913125
5.898012
5.759116
5.782711
5.7444
5.690072
5.660778
5.646354
5.592945
5.62554
5.682132
5.723593
5.714921
5.707108
5.768207
5.822526
5.844871
5.862158
5.872153
5.879019
5.798597
5.840974
5.794512
5.791513
5.859905
5.821509
5.807922
5.839883
5.868649
5.814232
5.966606
6.013902
5.938648
5.917497
5.858089
5.819344
5.866535
5.960978
6.026854
6.030116
6.062938
6.004545
5.984915
5.962642
6.061587
6.06883
6.160801
6.166229
6.094736
6.077084
6.084565
6.028099
6.024075
5.936583
5.91475
5.800891
5.854067
5.80137
5.769715
5.72007
5.726506
5.632493
5.620748
5.649793
5.66483
5.612987
5.716069
5.729397
5.700865
5.670089
5.718632
5.714352
5.749342
5.770898
5.840348
5.780298
5.757174
5.730121
5.844386
5.902343
5.980589
6.052578
5.96406
5.890336
5.776594
5.678251
5.77036
5.78985
5.862014
5.723247
5.735307
5.740033
5.836014
5.814557
5.876111
5.968992
5.96238
5.985178
6.025786
6.021585
6.040552
6.059969
6.06406
6.069459
6.090074
6.109194
6.069053
6.104568
6.101336
6.048189
6.09306
6.034584
6.143827
6.140975
6.220503
6.225638
6.291398
6.267653
6.317227
6.299961
6.252524
6.278992
6.256951
6.283914
6.282705
6.22607
6.202651
6.142553
6.062921
6.073441
5.98936
5.985481
5.961915
5.960959
5.938438
5.965697
5.989042
6.034548
5.993343
6.019455
6.066882
6.096765
5.950239
6.006777
6.047342
6.013332
5.927647
5.863467
5.916767
5.885328
5.848543
5.855997
5.860615
5.794663
5.776907
5.789731
5.855027
5.751214
5.76872
5.802671
5.898016
5.876584
5.850989
5.901723
5.920466
5.923336
6.01519
6.010018
6.005723
6.017886
6.072442
6.220375
6.163896
6.284216
6.333363
6.3857
6.390525
6.43717
6.443394
6.434788
6.432249
6.449816
6.480802
6.405868
6.405292
6.411876
6.523464
6.438536
6.475482
6.489295
6.492487
6.549526
6.647499
6.594048
6.612423
6.641871
6.641657
6.560751
6.560406
6.626761
6.642394
6.586954
6.617135
6.754624
6.758052
6.706245
6.59878
6.670253
6.622308
6.549487
6.54648
6.467425
6.435119
6.397709
6.406104
6.408317
6.308757
6.360558
6.429922
6.402669
6.331816
6.39505
6.397443
6.471498
6.494353
6.566815
6.587143
6.705952
6.655691
6.711032
6.795954
6.804373
6.659884
6.683595
6.586066
6.599258
6.609257
6.720785
6.690207
6.702994
6.7598
6.786545
6.826064
6.789704
6.644732
6.672072
6.640654
6.584231
6.668338
6.649102
6.618848
6.572206
6.557537
6.540891
6.549542
6.640767
6.650627
6.601739
6.542429
6.592834
6.63633
6.633627
6.68263
6.642059
6.634313
6.712288
6.664032
6.692288
6.681847
6.732765
6.809441
6.825395
6.801705
6.851026
6.834097
6.835758
6.860432
6.853968
6.773828
6.772964
6.797886
6.795665
6.789144
6.854174
6.90241
6.926918
6.859826
6.923398
6.816629
6.740759
6.771992
6.728338
6.703656
6.686455
6.671089
6.723183
6.708367
6.631612
6.642546
6.526366
6.615296
6.652851
6.605934
6.640954
6.607572
6.54397
6.530487
6.50109
6.442002
6.398414
6.359008
6.348407
6.264952
6.189502
6.214683
6.237486
6.172112
6.213721
6.18827
6.240021
6.24149
6.244745
6.16066
6.186101
6.145365
6.149965
6.15141
6.256049
6.275431
6.23125
6.306466
6.307603
6.345171
6.282687
6.378917
6.4558
6.424653
6.419331
6.333601
6.364963
6.287883
6.204405
6.230356
6.160531
6.157307
6.165136
6.118606
6.195618
6.248271
6.273762
6.385789
6.282378
6.286512
6.318056
6.303523
6.310332
6.271083
6.226439
6.264524
6.278123
6.327716
6.265438
6.223856
6.237323
6.256326
6.23117
6.188659
6.252014
6.237145
6.229466
6.172251
6.232017
6.194234
6.112867
6.146163
6.154405
6.127979
6.120647
6.155623
6.149777
6.2776
6.281338
6.400352
6.455076
6.400571
6.389489
6.351502
6.373308
6.417021
6.457111
6.426792
6.467595
6.429725
6.443082
6.393377
6.391436
6.382602
6.406329
6.406092
6.440882
6.519632
6.668394
6.781997
6.709265
6.639688
6.575661
6.476909
6.416556
6.377083
6.347235
6.313402
6.181498
6.094288
6.127812
6.141731
6.069136
6.09549
6.070705
6.176127
6.176753
6.330773
6.248981
6.260919
6.32482
6.376579
6.402291
6.387899
6.317174
6.305746
6.29596
6.348628
6.338089
6.375012
6.222913
6.192525
6.194006
6.175186
6.143174
6.177783
6.37154
6.376237
6.317531
6.198266
6.192532
6.263764
6.299842
6.276975
6.272096
6.341722
6.390636
6.30564
6.287172
6.285071
6.129763
6.115256
6.125956
6.055035
6.02487
6.059606
5.924034
5.902628
5.842751
5.784412
5.825465
5.791801
5.78636
5.81426
5.851304
5.809796
5.902642
5.866898
5.891641
5.924352
5.904541
5.833643
5.731475
5.752796
5.717565
5.682934
5.633464
5.577516
5.507547
5.556709
5.499587
5.479372
5.436881
5.451297
5.498492
5.536757
5.585619
5.576046
5.575986
5.559812
5.515109
5.605212
5.622389
5.56742
5.492944
5.523119
5.427239
5.304753
5.380008
5.320154
5.260975
5.24746
5.242333
5.254775
5.238521
5.250698
5.252918
5.305173
5.319509
5.268218
5.253008
5.205057
5.222014
5.267916
5.289491
5.187704
5.192746
5.189227
5.209477
5.219978
5.268433
5.17721
5.170823
5.116454
5.154886
5.181179
5.203474
5.189625
5.041542
5.062483
5.117463
5.159622
5.179505
5.199831
5.165785
5.138656
5.198789
5.263118
5.263976
5.234787
5.188457
5.249117
5.248353
5.261647
5.287733
5.344316
5.295194
5.266334
5.274916
5.213503
5.155041
5.183269
5.146444
5.163936
5.287501
5.214291
5.295328
5.355838
5.228551
5.144912
5.110001
5.02294
5.051836
5.024566
4.971686
4.947923
4.890689
4.936298
4.936875
4.946798
5.035945
5.124993
5.115224
5.109349
5.152318
5.20089
5.291775
5.282683
5.335414
5.354586
5.276743
5.305754
5.235216
5.17136
5.079275
5.026168
5.000601
4.90578
4.909067
4.764076
4.84157
4.76224
4.832996
4.743665
4.757962
4.694466
4.530031
4.50108
4.403728
4.281094
4.158787
4.138385
4.083017
4.083833
4.158197
4.193871
4.20802
4.221814
4.176813
4.122233
4.088892
4.071756
4.077517
4.046045
4.006597
3.996355
4.002534
4.024527
4.055786
3.939476
3.891953
3.927752
3.948176
3.893818
3.90838
3.984532
3.994801
4.054286
4.112756
4.111054
4.154589
4.103767
4.152402
4.200499
4.226535
4.19256
4.16981
4.052073
3.911917
3.832736
3.839388
3.763909
3.686206
3.676442
3.699979
3.679003
3.678284
3.616881
3.583823
3.540328
3.417026
3.460931
3.489286
3.35474
3.383456
3.359481
3.292463
3.300297
3.333819
3.320261
3.29546
3.262376
3.244775
3.278427
3.261374
3.357309
3.297318
3.288968
3.329401
3.277894
3.326931
3.248941
3.204483
3.193354
3.178347
3.311433
3.238899
3.212131
3.198886
3.136483
3.116517
3.152082
3.107657
3.120521
3.138311
3.17003
3.142376
3.17887
3.225269
3.200905
3.195791
3.281059
3.246592
3.245306
3.288334
3.283969
3.303855
3.406631
3.36754
3.410281
3.466543
3.505947
3.458703
3.547552
3.540172
3.63079
3.649757
3.585639
3.636493
3.595627
3.583484
3.542876
3.539475
3.546301
3.557819
3.481955
3.479568
3.458342
3.412767
3.432703
3.509021
3.545766
3.527008
3.495961
3.408642
3.3865
3.437108
3.322668
3.251325
3.193164
3.156742
3.220271
3.249853
3.239837
3.244623
3.234601
3.303244
3.298295
3.346938
3.376623
3.329935
3.34824
3.43039
3.486171
3.510905
3.475637
3.528283
3.467
3.470088
3.382167
3.316645
3.283258
3.270181
3.350779
3.37793
3.45165
3.489647
3.548464
3.48962
3.527253
3.604565
3.609784
3.66097
3.714192
3.706488
3.722336
3.774151
3.790662
3.718884
3.685763
3.764136
3.747917
3.755837
3.726584
3.660115
3.615622
3.541588
3.488465
3.506173
3.579326
3.698462
3.745632
3.808793
3.833811
3.877127
3.934025
3.832545
3.772646
3.75257
3.813222
3.849439
3.872725
3.890794
3.814557
3.752537
3.756815
3.733904
3.780049
3.792274
3.761841
3.76209
3.725648
3.730521
3.699003
3.674582
3.743152
3.769345
3.762606
3.709323
3.61116
3.605741
3.529635
3.591712
3.59037
3.561765
3.631648
3.616891
3.734537
3.755186
3.894212
3.983717
4.016619
4.131662
4.138445
4.163061
4.184856
4.173763
4.057632
3.952641
3.933725
3.882536
3.989345
4.007262
4.123648
4.159819
4.050393
4.066769
4.090689
4.145137
4.122483
4.103545
4.115113
4.162595
4.20743
4.193095
4.2248
4.249892
4.250069
4.23437
4.278498
4.328481
4.21585
4.267943
4.2349
4.335993
4.293445
4.327742
4.401306
4.493941
4.495608
4.533806
4.529943
4.531231
4.498854
4.489295
4.535054
4.591713
4.584843
4.559839
4.553951
4.438755
4.470053
4.521903
4.649732
4.646973
4.645393
4.578493
4.562949
4.537676
4.574468
4.598311
4.609254
4.58035
4.477529
4.398588
4.349816
4.33136
4.33014
4.217489
4.195144
4.281856
4.354747
4.431052
4.457497
4.459915
4.503645
4.482938
4.553783
4.517887
4.507919
4.492143
4.462624
4.436596
4.385981
4.39919
4.400702
4.431021
4.372463
4.413207
4.402314
4.351478
4.413491
4.401804
4.457592
4.472516
4.46671
4.499189
4.441977
4.39763
4.407811
4.405057
4.411926
4.424188
4.516476
4.469225
4.539637
4.482007
4.491207
4.509389
4.557307
4.580246
4.53487
4.454071
4.348628
4.344773
4.352197
4.368693
4.323233
4.333607
4.319152
4.290168
4.307519
4.337675
4.342447
4.368829
4.380382
4.409936
4.32473
4.28457
4.284029
4.301049
4.413795
4.392117
4.420734
4.474547
4.498101
4.49924
4.589988
4.623432
4.676084
4.667453
4.735598
4.654271
4.723565
4.828975
4.899563
4.94099
4.878703
4.831659
4.776251
4.670026
4.669816
4.633031
4.728049
4.772031
4.955384
4.996264
4.998339
4.984935
4.901022
4.840876
4.861094
4.801604
4.629297
4.713482
4.689622
4.726129
4.769945
4.87616
4.917913
4.885859
4.887598
4.83679
4.813785
4.870398
4.791366
4.809818
4.776364
4.69909
4.679106
4.768539
4.785148
4.851399
4.85573
4.762479
4.679684
4.630041
4.73167
4.708253
4.763084
4.874028
4.766349
4.855847
4.809933
4.85229
4.954466
4.951106
4.909159
4.851323
4.828505
4.861227
4.810741
4.796348
4.733721
4.697554
4.723941
4.689855
4.814571
4.835724
4.782383
4.848931
4.866726
4.920959
4.944457
4.974564
4.932518
4.965509
4.974861
4.905268
4.837509
4.824505
4.817484
4.738832
4.828547
4.870531
4.875272
4.884346
4.77631
4.695354
4.688156
4.656715
4.673983
4.756658
4.848474
4.801365
4.85256
4.90206
4.900383
4.939811
4.937276
5.031555
4.977129
4.916037
4.913851
4.861981
4.886309
4.910597
4.885194
4.889371
4.871081
4.909083
4.857614
4.861493
4.76912
4.829635
4.86199
4.868974
4.777981
4.780124
4.798541
4.775524
4.836019
4.830344
4.882428
4.779167
4.820328
4.828742
4.814046
4.708373
4.73055
4.779911
4.7871
4.74144
4.68344
4.747492
4.805292
4.753894
4.633312
4.579642
4.524451
4.550644
4.577103
4.553764
4.595121
4.680314
4.623606
4.640651
4.580688
4.739325
4.688408
4.721672
4.711889
4.713863
4.686323
4.755652
4.740948
4.736166
4.619965
4.6979
4.718164
4.644383
4.659387
4.625925
4.676312
4.652923
4.665991
4.704991
4.785362
4.829546
4.927106
4.985977
4.953184
4.910944
5.0054
4.938939
5.013629
5.058443
5.173034
5.183613
5.171211
5.172208
5.283568
5.266358
5.219981
5.1926
5.246173
5.255814
5.25374
5.276926
5.248447
5.221031
5.217321
5.223421
5.159807
5.162426
5.098946
5.108787
5.204335
5.264583
5.250054
5.225422
5.228078
5.161198
5.127385
5.09262
5.030674
5.031421
5.120826
5.112336
5.09509
4.953019
4.87558
4.941399
4.836969
4.937428
4.910409
4.892093
4.890526
4.903199
4.896346
4.887115
4.919654
4.807434
4.828516
4.893342
4.973269
4.955967
4.950029
4.913521
4.84458
4.776535
4.822368
4.804549
4.792877
4.765178
4.867539
4.844937
4.76114
4.791412
4.856849
4.869787
4.931489
4.90031
4.924663
4.968489
4.905712
4.864065
4.861147
4.772606
4.764193
4.680839
4.724077
4.729775
4.727881
4.78429
4.770227
4.819972
4.798014
4.903492
4.886925
4.843633
4.828532
4.88124
4.878645
4.880339
4.906956
4.885792
4.924018
4.951836
4.945844
4.920624
4.963193
5.020062
4.964226
4.944769
4.974013
4.970809
5.047673
5.122189
5.18909
5.101865
5.10734
5.173169
5.268718
5.403978
5.44913
5.49673
5.515158
5.514148
5.534034
5.520936
5.479683
5.455863
5.438749
5.366912
5.320487
5.383242
5.429815
5.494084
5.4992
5.491997
5.436573
5.401931
5.36445
5.307107
5.33169
5.384522
5.364934
5.335561
5.3169
5.335846
5.355396
5.383726
5.45971
5.466342
5.475639
5.573497
5.525526
5.539356
5.567693
5.582678
5.497857
5.477775
5.472851
5.51358
5.406159
5.421901
5.410727
5.462931
5.508338
5.501406
5.378351
5.455926
5.536662
5.5977
5.479809
5.422602
5.370122
5.345872
5.347151
5.334538
5.407526
5.412863
5.37436
5.410622
5.352432
5.339308
5.318129
5.272798
5.333844
5.394515
5.402078
5.413118
5.409553
5.313504
5.324924
5.282609
5.339284
5.463165
5.488721
5.504563
5.562903
5.567684
5.578551
5.656537
5.693681
5.693091
5.708732
5.64192
5.623168
5.656719
5.561366
5.560864
5.527629
5.546336
5.569091
5.421324
5.437603
5.426823
5.392429
5.351889
5.363218
5.311099
5.251273
5.172435
5.189115
5.114542
5.077421
4.978154
4.969076
4.846735
4.834019
4.752305
4.739437
4.756981
4.803547
4.812088
4.846995
4.938337
4.941842
4.857018
4.732005
4.723604
4.657033
4.667745
4.716361
4.692358
4.59408
4.694004
4.746298
4.786776
4.768708
4.696586
4.550757
4.540414
4.531362
4.615435
4.545719
4.506497
4.489645
4.428623
4.409181
4.378198
4.390697
4.411022
4.511636
4.618909
4.64155
4.629962
4.622888
4.624026
4.688636
4.720416
4.764663
4.663387
4.667505
4.677965
4.724174
4.646197
4.548343
4.552247
4.50087
4.330112
4.303485
4.320063
4.358532
4.376444
4.329681
4.338415
4.146265
4.172572
4.264233
4.200227
4.213948
4.297486
4.356284
4.332637
4.340703
4.411652
4.445235
4.476385
4.546171
4.649316
4.633286
4.583567
4.540122
4.56794
4.674579
4.570023
4.592882
4.575754
4.641042
4.624094
4.573852
4.518037
4.524791
4.457014
4.412904
4.399441
4.332278
4.250456
4.307608
4.341263
4.326731
4.277273
4.300383
4.322097
4.360486
4.471516
4.502394
4.461245
4.383476
4.378416
4.303372
4.274954
4.251396
4.25387
4.23264
4.105255
4.166774
4.120541
4.104813
4.198666
4.138841
4.249841
4.213417
4.278138
4.251134
4.23883
4.249839
4.328069
4.380427
4.322488
4.337783
4.36368
4.46031
4.537587
4.568807
4.593199
4.652804
4.637035
4.635274
4.59492
4.555838
4.60855
4.627886
4.660195
4.648818
4.74483
4.75244
4.847338
4.897402
4.843078
4.827526
4.711888
4.65532
4.528922
4.498165
4.443922
4.436335
4.391932
4.412895
4.391124
4.371079
4.254285
4.298001
4.326291
4.342661
4.38219
4.33375
4.324321
4.276253
4.345796
4.416961
4.411151
4.40536
4.498048
4.484223
4.504958
4.471202
4.346831
4.35636
4.301311
4.328453
4.399859
4.467813
4.433884
4.39957
4.416175
4.411996
4.428174
4.411806
4.465587
4.447657
4.607668
4.555171
4.540313
4.550354
4.631172
4.587793
4.55618
4.509647
4.505966
4.368751
4.329923
4.379644
4.285244
4.274564
4.26343
4.324457
4.337208
4.402408
4.393049
4.465545
4.431631
4.466367
4.488311
4.448329
4.498415
4.501368
4.534247
4.386187
4.414561
4.418511
4.482729
4.50891
4.603154
4.418075
4.447874
4.413494
4.449877
4.467844
4.486493
4.430208
4.32381
4.283592
4.237955
4.189143
4.157182
4.28366
4.254047
4.199965
4.272858
4.274684
4.17256
4.175983
4.144831
4.108922
4.109361
4.250714
4.175795
4.208508
4.185022
4.135232
4.191306
4.073169
4.061596
4.099091
4.050187
4.091351
4.103298
4.120153
4.065065
4.058489
4.054513
3.965891
3.974423
4.067958
4.011507
3.913856
3.975867
3.953752
3.986164
3.982923
3.995715
3.982234
4.042656
4.099704
4.099521
4.162143
4.160071
4.146339
4.233238
4.160918
4.195129
4.130004
4.148609
4.17012
4.18057
4.246511
4.253228
4.271772
4.308902
4.244828
4.257526
4.289191
4.285023
4.228387
4.265877
4.238332
4.208488
4.140129
4.113403
4.131353
4.171103
4.177596
4.219937
4.2415
4.225013
4.213359
4.182553
4.227238
4.095201
4.130838
4.097797
4.162502
4.11894
4.173987
4.243597
4.261902
4.304339
4.31336
4.328211
4.251337
4.255819
4.178727
4.144756
4.088701
4.088455
4.039739
3.982467
3.944115
3.940485
3.955488
3.987388
4.022594
4.032139
4.075886
4.032409
4.049852
4.058954
3.958252
4.076937
4.034822
4.019295
3.914354
3.897513
3.884833
3.811251
3.871775
3.783673
3.812748
3.7652
3.711072
3.648576
3.73938
3.719462
3.803597
3.782015
3.701491
3.687965
3.631706
3.569999
3.596285
3.600102
3.60787
3.615112
3.597742
3.539942
3.622777
3.535774
3.601127
3.641146
3.605731
3.677108
3.670522
3.704161
3.789311
3.791876
3.725665
3.728082
3.731411
3.688728
3.713482
3.815156
3.773829
3.797428
3.855654
3.868735
3.870494
3.711507
3.705319
3.60417
3.526634
3.610738
3.602096
3.612766
3.643087
3.610695
3.507487
3.53976
3.603918
3.642953
3.749139
3.718971
3.762506
3.803353
3.78153
3.809771
3.927643
3.94844
4.035072
3.970547
3.930089
3.93318
3.801675
3.812156
3.861385
3.840302
3.757764
3.671062
3.655052
3.56709
3.655724
3.691771
3.6423
3.687626
3.782721
3.758501
3.774655
3.838075
3.768739
3.776101
3.778362
3.690518
3.680741
3.657549
3.619373
3.673454
3.725101
3.750067
3.724544
3.652519
3.61454
3.537084
3.561378
3.566491
3.546373
3.562887
3.599465
3.74589
3.679837
3.696164
3.590212
3.525916
3.442263
3.456816
3.383602
3.387631
3.379043
3.37482
3.309324
3.206268
3.152478
3.107987
3.089097
3.038181
3.012572
2.99905
3.015917
3.031771
3.052268
2.987378
3.076037
3.061865
3.098311
3.139905
3.149888
3.039135
3.045461
3.062513
3.076083
3.030226
3.06022
3.065058
3.15823
3.283619
3.376956
3.364762
3.30194
3.293752
3.323398
3.274293
3.207085
3.26282
3.237025
3.240207
3.245673
3.272457
3.257124
3.23821
3.318329
3.33046
3.352752
3.352845
3.425436
3.447463
3.444124
3.466598
3.576177
3.566974
3.559144
3.607946
3.651926
3.72825
3.848986
3.874272
3.909706
3.987678
3.994228
4.006919
3.988165
3.908221
3.937998
3.926544
3.873431
3.857969
3.871909
3.815422
3.7318
3.762705
3.830129
3.799216
3.688291
3.710237
3.642129
3.576608
3.589784
3.634298
3.684845
3.753783
3.745891
3.679612
3.717435
3.614254
3.643599
3.656622
3.581859
3.587724
3.535741
3.510976
3.499513
3.601707
3.571291
3.542534
3.457342
3.475807
3.449836
3.513238
3.474817
3.461152
3.548646
3.538868
3.51073
3.584531
3.559041
3.547021
3.515826
3.508468
3.520986
3.468037
3.468041
3.519356
3.473393
3.457
3.481072
3.503027
3.517696
3.488482
3.425733
3.365648
3.399242
3.448968
3.651729
3.748749
3.759955
3.827923
3.811589
3.782339
3.823992
3.861921
3.822844
3.829447
3.842085
3.848257
3.827374
3.908793
3.936814
3.961738
4.039447
4.138065
4.268109
4.237118
4.267414
4.261215
4.263725
4.332454
4.266081
4.317384
4.315896
4.39784
4.394979
4.390624
4.290229
4.289593
4.283951
4.337939
4.379978
4.428466
4.493498
4.510063
4.539679
4.50713
4.47876
4.378599
4.460122
4.459094
4.394297
4.388937
4.287464
4.298695
4.278156
4.305847
4.334778
4.371159
4.378943
4.373963
4.424944
4.469791
4.48791
4.426113
4.45695
4.477155
4.46727
4.522766
4.41332
4.421862
4.50845
4.533785
4.512855
4.409192
4.417814
4.498958
4.485382
4.494928
4.409576
4.292957
4.246805
4.304428
4.400637
4.443028
4.407704
4.344028
4.431037
4.477631
4.434455
4.445894
4.421599
4.393708
4.359866
4.336923
4.352811
4.419515
4.354488
4.27372
4.266202
4.222135
4.281042
4.186545
4.155002
4.176535
4.222377
4.313095
4.305376
4.316617
4.333735
4.393143
4.380326
4.4015
4.38911
4.38783
4.341158
4.363052
4.311137
4.327528
4.3799
4.319785
4.251544
4.222821
4.234694
4.172771
4.234379
4.194983
4.162358
4.207982
4.221546
4.176662
4.19074
4.225733
4.225611
4.198374
4.205639
4.209397
4.160769
4.21499
4.168514
4.17204
4.236022
4.272075
4.298326
4.287993
4.211118
4.275352
4.222558
4.226858
4.197587
4.222198
4.212495
4.141088
4.129163
4.072317
4.161
4.082148
4.073698
4.066496
4.144323
4.172698
4.087117
4.031316
4.015921
4.072322
4.007062
4.065512
4.043745
4.074843
4.060173
4.03269
3.985507
3.932089
3.877609
3.831301
3.852499
3.857448
3.901723
4.040072
4.085292
4.079211
4.111883
4.094967
4.09839
4.069584
3.98472
3.991135
3.959511
3.956404
3.938339
3.930438
3.846588
3.861679
3.911302
3.905998
3.865982
3.888846
3.862361
3.780479
3.757885
3.798951
3.836517
3.807433
3.866194
3.812413
3.838192
3.8426
3.906307
3.887288
3.869125
3.766051
3.728103
3.702368
3.673602
3.652785
3.706173
3.732377
3.713038
3.585403
3.550696
3.436074
3.398272
3.425608
3.398387
3.403751
3.46355
3.486496
3.431778
3.366233
3.292983
3.332368
3.263218
3.292905
3.289403
3.368452
3.447128
3.540203
3.588184
3.580294
3.670236
3.843097
3.876552
3.941785
3.972873
4.028642
4.065706
4.151548
4.068262
4.102815
4.17433
4.17531
4.114932
4.072008
4.062596
4.08001
4.104626
4.187102
4.198453
4.223697
4.233637
4.24739
4.180246
4.123933
4.097102
4.108215
4.048053
4.052158
3.996048
3.966181
4.044115
3.974154
3.923117
3.915713
3.855324
3.908629
3.907874
3.927008
4.047714
4.12364
4.214017
4.192621
4.242923
4.300893
4.275791
4.301312
4.306118
4.323469
4.327139
4.21388
4.215602
4.220535
4.216698
4.197957
4.280111
4.223707
4.194858
4.211447
4.253154
4.179392
4.275067
4.352127
4.349808
4.356414
4.347261
4.314762
4.288853
4.259445
4.280252
4.330987
4.337086
4.305229
4.319656
4.35593
4.297534
4.269079
4.251862
4.387604
4.294507
4.309436
4.180078
4.163826
4.172083
4.156991
4.163389
4.190235
4.311115
4.245445
4.299521
4.224816
4.251724
4.273232
4.298832
4.288593
4.264739
4.187834
4.216444
4.168109
4.246117
4.287292
4.227975
4.317285
4.377518
4.422202
4.511553
4.578439
4.518473
4.584994
4.598305
4.626479
4.700836
4.705071
4.777967
4.822024
4.784841
4.809978
4.868971
4.848616
4.932953
4.949522
4.85506
4.835787
4.824949
4.85963
4.92848
4.973344
4.876863
4.95938
4.971339
4.939172
5.017345
4.966876
4.990441
5.052806
5.034248
5.090885
5.093726
5.179882
5.128979
5.134125
5.169317
5.190793
5.26342
5.240652
5.289676
5.295247
5.142267
5.153141
5.097712
5.031156
4.943564
4.988926
4.967879
4.911683
4.910863
4.975391
4.942122
4.834659
4.831399
4.825032
4.773995
4.818573
4.765914
4.750403
4.704032
4.638768
4.737389
4.660483
4.734351
4.737219
4.731156
4.775115
4.841961
4.848892
4.806408
4.86017
4.909021
4.898013
4.90371
4.995939
5.052927
5.076695
5.072487
5.055081
5.01954
4.933619
4.866562
4.718008
4.653641
4.636576
4.696722
4.750142
4.753165
4.812428
4.782095
4.712806
4.693688
4.760944
4.718133
4.674365
4.696956
4.803417
4.799091
4.68587
4.65099
4.619631
4.537916
4.504091
4.480007
4.488211
4.472366
4.469096
4.474443
4.409626
4.328233
4.395461
4.373219
4.370922
4.34703
4.330963
4.332001
4.219058
4.249135
4.302587
4.330874
4.377316
4.358354
4.359137
4.344672
4.332696
4.406999
4.392828
4.44107
4.408038
4.481594
4.483598
4.521921
4.602504
4.65431
4.721884
4.726663
4.834832
4.840094
4.82093
4.811362
4.85183
4.839941
4.872176
4.972978
5.009537
4.922132
4.900385
4.878486
4.889868
4.92208
4.909915
4.9885
4.975261
5.142537
5.122868
5.103167
5.092001
5.148019
5.229406
5.222336
5.251674
5.246157
5.185645
5.200438
5.269177
5.225497
5.233001
5.208139
5.197793
5.157029
5.108123
5.106284
5.181395
5.162343
5.16156
5.15285
5.171777
5.166665
5.171357
5.144999
5.245244
5.264764
5.256333
5.30463
5.290838
5.353221
5.352598
5.361667
5.325341
5.363623
5.278295
5.24364
5.193331
5.162672
5.125618
5.097376
5.153752
5.069682
5.111894
5.101464
5.094039
5.095139
5.074337
5.091948
5.033175
5.045763
5.100207
5.199734
5.229501
5.218123
5.206139
5.180911
5.228513
5.21423
5.197269
5.159271
5.033322
4.930206
4.915019
4.911768
4.87896
4.873856
4.821549
4.880585
4.899123
4.961496
4.959643
4.935712
4.945672
4.960306
5.02081
5.00787
4.975594
5.007728
4.990212
4.921279
4.889733
4.827949
4.796725
4.781136
4.792377
4.801145
4.794237
4.735077
4.701097
4.799928
4.783164
4.673197
4.742373
4.644497
4.646592
4.64054
4.62469
4.698863
4.656771
4.697281
4.607449
4.610827
4.632251
4.657251
4.723202
4.824527
4.960052
5.002555
4.918225
4.861656
4.856834
4.951572
4.965089
4.996063
5.019225
4.875178
4.878914
4.880385
4.832793
4.913744
4.879035
4.839698
4.86324
4.854826
4.872407
4.969669
4.960341
5.078656
5.092901
5.044122
5.024256
4.937402
4.938582
4.895315
4.959838
5.042676
5.107067
5.135213
5.224588
5.158057
5.108429
5.042322
5.053069
5.115123
5.118716
5.130299
5.109776
5.103852
5.096355
5.105601
5.18397
5.137734
5.081228
5.150416
5.187084
5.263698
5.227412
5.237601
5.363785
5.426818
5.5055
5.531295
5.566668
5.522703
5.504309
5.458181
5.45652
5.495203
5.438452
5.331051
5.379638
5.490346
5.432155
5.529272
5.557897
5.512805
5.554807
5.577401
5.516102
5.636617
5.682863
5.689684
5.633839
5.680002
5.708292
5.760801
5.775803
5.597561
5.547904
5.554289
5.515761
5.464194
5.508606
5.488648
5.43517
5.430312
5.507368
5.47441
5.513586
5.581814
5.667089
5.682037
5.66744
5.734762
5.691195
5.755553
5.624087
5.536218
5.554543
5.648872
5.687527
5.714908
5.693167
5.67572
5.733968
5.776584
5.778978
5.817501
5.788419
5.798199
5.74145
5.740267
5.78319
5.801597
5.794371
5.763848
5.727157
5.637684
5.601766
5.619836
5.641716
5.529712
5.509614
5.533909
5.495222
5.536046
5.510812
5.431529
5.404462
5.462173
5.482325
5.432352
5.498893
5.399059
5.393756
5.402963
5.337493
5.317954
5.281712
5.225109
5.312453
5.259579
5.287326
5.347487
5.296103
5.273505
5.212471
5.252395
5.26689
5.32471
5.268044
5.283344
5.319338
5.38766
5.434812
5.388408
5.331984
5.346851
5.321064
5.350676
5.28916
5.249977
5.286909
5.34134
5.34477
5.369557
5.357557
5.358811
5.364953
5.380392
5.34178
5.309397
5.338372
5.305764
5.287614
5.265072
5.283846
5.276607
5.302618
5.246819
5.281749
5.264881
5.255082
5.347982
5.244266
5.174951
5.119807
5.028551
4.962307
5.016833
5.079846
5.122117
5.114508
5.114492
5.059128
5.095468
5.173672
5.217457
5.324269
5.395004
5.495008
5.57559
5.626418
5.767938
5.833596
5.844115
5.907568
5.842621
5.796834
5.747231
5.778814
5.767864
5.765514
5.97683
5.93819
5.929372
5.934137
5.878334
5.881453
5.817207
5.860729
5.810585
5.700388
5.644352
5.60505
5.581934
5.447495
5.456597
5.501387
5.54973
5.535286
5.603587
5.650071
5.599385
5.566857
5.558659
5.609557
5.560896
5.575544
5.631951
5.499251
5.50465
5.506609
5.537842
5.47389
5.576861
5.612466
5.671116
5.727697
5.713842
5.739396
5.720397
5.764918
5.768833
5.75204
5.707225
5.678615
5.797321
5.839995
5.785124
5.817553
5.803809
5.826988
5.860403
5.88123
5.918358
5.882195
5.896326
5.769718
5.777315
5.803262
5.796771
5.781084
5.70791
5.671159
5.663401
5.661903
5.673269
5.675438
5.63639
5.58113
5.535744
5.516581
5.559314
5.536543
5.507754
5.41502
5.475153
5.388061
5.375863
5.387192
5.419686
5.430058
5.46768
5.49805
5.486863
5.495616
5.622027
5.659636
5.71159
5.731798
5.805928
5.703569
5.572028
5.633351
5.633939
5.605725
5.623271
5.720872
5.792859
5.819019
5.87659
5.809431
5.838925
5.780798
5.794082
5.792291
5.796476
5.729842
5.708232
5.706112
5.595924
5.475015
5.526028
5.475955
5.488438
5.428024
5.34247
5.328524
5.399866
5.449947
5.433292
5.47637
5.400782
5.366602
5.346217
5.314541
5.360474
5.520012
5.555992
5.602896
5.599734
5.582601
5.492466
5.482148
5.494556
5.639322
5.608539
5.661011
5.680447
5.708248
5.688001
5.732959
5.88427
5.871414
5.834723
5.798186
5.763841
5.816004
5.906753
5.866298
5.77122
5.767554
5.694729
5.639611
5.669232
5.63147
5.690548
5.619675
5.567167
5.55128
5.512352
5.490094
5.548548
5.577144
5.573314
5.61697
5.633271
5.675178
5.642372
5.669272
5.693702
5.605859
5.605095
5.618179
5.57868
5.564833
5.595216
5.619943
5.600746
5.603133
5.656002
5.690895
5.647282
5.631908
5.580981
5.554664
5.541845
5.423245
5.53508
5.546636
5.499746
5.495539
5.489674
5.478105
5.502164
5.441206
5.447433
5.439681
5.436109
5.380232
5.364461
5.347103
5.336668
5.409325
5.5198
5.480537
5.454738
5.433517
5.505571
5.518975
5.44337
5.404616
5.440196
5.474791
5.501922
5.504875
5.529475
5.515068
5.476384
5.439393
5.408534
5.354628
5.280476
5.371454
5.390735
5.369504
5.398642
5.341681
5.392796
5.390461
5.346933
5.375265
5.342338
5.327063
5.307878
5.258983
5.239522
5.240129
5.165886
5.150065
5.103846
5.220754
5.337669
5.380413
5.435053
5.481955
5.481271
5.471414
5.445102
5.371423
5.402286
5.451096
5.49439
5.606838
5.648212
5.697833
5.657244
5.662731
5.675721
5.726606
5.681692
5.705141
5.779165
5.780536
5.724551
5.639273
5.606176
5.537891
5.474864
5.433511
5.396757
5.375982
5.333074
5.411098
5.403377
5.413907
5.408867
5.349983
5.433515
5.43889
5.481956
5.506382
5.529918
5.480725
5.45588
5.392279
5.329518
5.314206
5.295327
5.315035
5.382368
5.432126
5.405808
5.446464
5.399365
5.380432
5.387762
5.417654
5.456338
5.448898
5.439141
5.464192
5.475112
5.50409
5.544241
5.513039
5.468847
5.464142
5.408086
5.372282
5.345928
5.354056
5.422113
5.44206
5.559769
5.596909
5.627061
5.663706
5.705001
5.861825
5.827292
5.912153
5.981628
5.914897
5.853082
5.803803
5.83708
5.841712
5.729645
5.739363
5.730211
5.617209
5.587401
5.456771
5.452667
5.37355
5.362539
5.364107
5.398341
5.448372
5.4858
5.59932
5.625588
5.559816
5.575861
5.519471
5.495117
5.433443
5.406409
5.342472
5.306357
5.347142
5.266122
5.242053
5.195167
5.196855
5.253741
5.220418
5.138395
5.149641
5.147385
5.096812
4.971671
5.032239
4.935664
4.946571
4.934527
4.950566
4.963207
5.0003
5.06223
5.029763
4.992787
5.062942
4.999565
5.007335
4.958955
4.939905
5.039249
4.998435
4.962506
5.009025
4.889656
4.889707
4.81219
4.853874
4.86254
4.876306
4.812545
4.914843
4.87336
4.803729
4.778309
4.773035
4.730563
4.591217
4.52999
4.583387
4.501411
4.496852
4.541895
4.477972
4.415784
4.370928
4.256723
4.22054
4.217599
4.239706
4.254727
4.318527
4.309317
4.262803
4.327995
4.307975
4.365755
4.38814
4.474609
4.461744
4.445144
4.511741
4.489729
4.449188
4.470383
4.45899
4.427634
4.450554
4.414978
4.46756
4.482095
4.501461
4.54415
4.531689
4.578188
4.645396
4.5875
4.584361
4.515312
4.4827
4.436466
4.424772
4.420299
4.347301
4.352019
4.363393
4.362812
4.34258
4.400587
4.428612
4.329478
4.353314
4.316449
4.352853
4.354721
