4.519944e-05
4.703604e-05
4.467408e-05
4.611374e-05
4.674884e-05
4.29254e-05
4.258441e-05
3.953506e-05
3.525427e-05
3.734313e-05
3.054719e-05
2.885641e-05
2.747068e-05
2.855114e-05
2.809966e-05
2.834628e-05
2.917631e-05
2.943874e-05
3.030782e-05
2.947179e-05
2.749401e-05
2.654745e-05
2.470802e-05
2.332385e-05
2.248907e-05
2.021553e-05
2.091468e-05
2.109133e-05
2.561356e-05
2.599416e-05
2.543643e-05
2.56201e-05
2.57255e-05
2.293729e-05
2.189038e-05
2.211876e-05
2.171757e-05
2.317362e-05
2.342492e-05
2.321269e-05
2.214625e-05
2.102865e-05
2.259334e-05
2.213816e-05
2.171883e-05
2.209513e-05
2.037695e-05
2.029471e-05
1.906263e-05
1.87971e-05
1.88268e-05
1.956721e-05
1.910509e-05
1.828647e-05
1.739319e-05
1.813294e-05
1.772902e-05
1.853676e-05
1.765759e-05
1.75107e-05
1.71202e-05
1.562771e-05
1.478491e-05
1.549489e-05
1.600053e-05
1.471972e-05
1.419828e-05
1.399685e-05
1.340246e-05
1.540186e-05
1.53947e-05
1.533651e-05
1.520192e-05
1.54481e-05
1.511009e-05
1.414516e-05
1.52942e-05
1.47393e-05
1.598053e-05
1.470203e-05
1.420146e-05
1.409484e-05
1.351961e-05
1.308477e-05
1.212176e-05
1.236402e-05
1.235646e-05
1.258552e-05
1.279814e-05
1.284649e-05
1.314803e-05
1.254435e-05
1.192857e-05
1.236851e-05
1.155403e-05
1.104449e-05
1.11856e-05
1.297598e-05
1.223419e-05
1.316634e-05
1.173685e-05
1.161057e-05
1.20049e-05
1.242215e-05
1.330435e-05
1.435462e-05
1.599007e-05
1.702743e-05
1.626015e-05
1.603384e-05
1.490008e-05
1.404629e-05
1.290003e-05
1.278812e-05
1.323718e-05
1.176981e-05
1.206867e-05
1.112627e-05
1.091516e-05
1.107648e-05
1.085543e-05
1.041249e-05
1.021375e-05
1.09062e-05
1.186814e-05
1.252275e-05
1.214699e-05
1.117273e-05
1.296861e-05
1.183715e-05
1.246696e-05
1.306727e-05
1.412811e-05
1.432489e-05
1.627853e-05
1.558223e-05
1.526047e-05
1.682543e-05
1.700244e-05
1.740173e-05
1.70513e-05
1.78275e-05
1.758589e-05
1.888567e-05
1.990313e-05
2.093894e-05
1.979484e-05
2.043588e-05
2.133549e-05
2.059695e-05
2.171186e-05
2.191533e-05
2.213212e-05
1.904531e-05
1.937725e-05
1.942198e-05
1.904074e-05
1.754113e-05
1.65597e-05
1.593482e-05
1.361833e-05
1.307666e-05
1.347521e-05
1.33246e-05
1.368561e-05
1.414435e-05
1.414766e-05
1.48922e-05
1.411553e-05
1.457591e-05
1.509894e-05
1.530081e-05
1.471758e-05
1.506482e-05
1.428828e-05
1.520196e-05
1.456068e-05
1.558389e-05
1.630054e-05
1.552474e-05
1.684851e-05
1.655386e-05
1.670592e-05
1.73699e-05
1.813194e-05
1.769142e-05
1.54336e-05
1.523707e-05
1.529897e-05
1.675612e-05
1.724944e-05
1.585439e-05
1.460862e-05
1.405739e-05
1.374825e-05
1.360377e-05
1.378973e-05
1.2928e-05
1.334988e-05
1.37912e-05
1.433016e-05
1.554606e-05
1.671211e-05
1.736662e-05
1.908641e-05
1.811697e-05
1.7169e-05
1.749404e-05
1.711662e-05
1.686629e-05
1.807884e-05
1.683546e-05
1.753253e-05
1.749522e-05
1.780165e-05
1.83403e-05
2.127575e-05
2.111896e-05
1.990757e-05
2.167185e-05
2.153023e-05
2.255922e-05
2.358869e-05
2.294774e-05
2.361222e-05
2.329195e-05
2.258018e-05
2.228302e-05
2.039128e-05
1.967256e-05
2.01166e-05
1.944539e-05
1.831786e-05
1.865255e-05
1.865128e-05
1.810369e-05
1.894545e-05
1.743218e-05
1.628954e-05
1.668375e-05
1.686051e-05
1.675881e-05
1.841879e-05
1.962239e-05
2.031415e-05
2.139811e-05
2.096882e-05
2.088868e-05
2.121915e-05
2.019606e-05
1.896932e-05
1.896526e-05
1.936803e-05
1.836115e-05
2.044038e-05
2.089473e-05
2.031618e-05
1.953003e-05
1.993653e-05
2.027946e-05
1.721199e-05
1.78228e-05
1.808592e-05
1.744628e-05
1.668815e-05
1.731806e-05
1.784363e-05
1.781317e-05
1.838151e-05
1.984211e-05
1.977827e-05
1.899622e-05
1.804875e-05
1.639245e-05
1.622103e-05
1.751876e-05
1.52327e-05
1.553639e-05
1.508951e-05
1.567019e-05
1.460512e-05
1.645733e-05
1.516694e-05
1.445615e-05
1.357685e-05
1.396408e-05
1.270617e-05
1.223235e-05
1.255839e-05
1.165505e-05
1.175762e-05
1.156043e-05
1.058264e-05
9.734354e-06
9.49482e-06
9.651484e-06
9.346941e-06
9.293136e-06
9.588536e-06
9.862235e-06
1.029029e-05
1.074173e-05
1.038206e-05
9.634751e-06
9.576742e-06
9.406897e-06
9.725439e-06
1.031121e-05
1.006861e-05
1.070138e-05
1.159451e-05
1.076135e-05
1.081388e-05
1.210138e-05
1.16036e-05
1.272021e-05
1.403197e-05
1.384703e-05
1.335048e-05
1.319555e-05
1.318308e-05
1.482635e-05
1.434999e-05
1.386524e-05
1.482335e-05
1.480427e-05
1.52076e-05
1.449001e-05
1.38606e-05
1.359636e-05
1.662515e-05
1.593729e-05
1.475772e-05
1.527089e-05
1.486354e-05
1.528826e-05
1.597341e-05
1.767931e-05
1.644406e-05
1.514554e-05
1.790552e-05
1.769629e-05
1.861772e-05
1.853774e-05
1.701317e-05
1.564454e-05
1.511458e-05
1.445527e-05
1.488148e-05
1.601321e-05
1.595482e-05
1.584226e-05
1.72456e-05
1.642552e-05
1.687054e-05
1.730128e-05
1.802288e-05
1.743429e-05
1.779449e-05
1.802698e-05
1.790997e-05
1.786928e-05
1.825181e-05
1.857649e-05
1.676992e-05
1.61256e-05
1.582291e-05
1.546143e-05
1.671815e-05
1.680407e-05
1.661364e-05
1.581611e-05
1.629597e-05
1.768907e-05
1.819888e-05
1.673393e-05
1.542019e-05
1.426074e-05
1.36362e-05
1.386441e-05
1.465606e-05
1.404269e-05
1.420339e-05
1.328057e-05
1.330238e-05
1.388985e-05
1.377522e-05
1.439195e-05
1.440254e-05
1.382843e-05
1.649175e-05
1.544759e-05
1.616446e-05
1.563637e-05
1.664051e-05
1.901095e-05
1.93275e-05
1.923911e-05
1.965117e-05
2.083454e-05
2.112182e-05
2.140398e-05
2.255365e-05
2.27875e-05
2.274271e-05
2.173767e-05
2.152027e-05
2.233037e-05
2.322449e-05
2.453299e-05
2.237346e-05
2.374935e-05
2.422481e-05
2.350693e-05
2.229903e-05
2.279052e-05
2.319879e-05
2.251056e-05
2.337321e-05
2.562355e-05
2.502229e-05
2.361961e-05
2.409183e-05
2.310155e-05
2.189688e-05
2.382943e-05
2.413299e-05
2.554519e-05
2.462326e-05
2.422413e-05
2.443553e-05
2.420513e-05
2.378507e-05
2.313563e-05
2.251963e-05
2.233226e-05
2.460777e-05
2.331617e-05
2.405789e-05
2.425238e-05
2.599542e-05
2.536155e-05
2.477197e-05
2.427654e-05
2.487631e-05
2.514485e-05
2.599322e-05
2.69043e-05
2.670386e-05
2.587574e-05
2.359994e-05
2.479031e-05
2.682489e-05
2.370445e-05
2.335102e-05
2.50366e-05
2.551333e-05
2.441513e-05
2.179364e-05
2.351945e-05
2.310849e-05
2.055252e-05
2.034716e-05
2.061286e-05
2.194219e-05
2.125614e-05
1.956053e-05
1.990299e-05
2.099731e-05
1.947873e-05
1.905828e-05
1.99707e-05
1.991508e-05
2.011807e-05
2.062451e-05
2.17944e-05
2.161468e-05
2.189933e-05
2.116002e-05
2.064648e-05
2.171615e-05
2.254209e-05
2.283672e-05
2.222092e-05
2.204987e-05
2.176559e-05
1.95562e-05
1.968017e-05
2.046704e-05
1.977827e-05
2.079412e-05
1.843463e-05
1.865737e-05
1.985322e-05
1.931024e-05
1.932979e-05
1.94955e-05
1.994551e-05
1.959443e-05
1.905729e-05
1.800632e-05
1.806815e-05
1.679004e-05
1.638318e-05
1.654253e-05
1.646015e-05
1.751521e-05
1.796381e-05
1.91431e-05
1.971377e-05
1.922922e-05
1.821271e-05
1.778264e-05
1.944711e-05
1.828838e-05
1.837012e-05
1.938659e-05
2.138331e-05
2.403037e-05
2.571711e-05
2.511295e-05
2.303225e-05
1.997625e-05
1.980592e-05
2.18647e-05
1.945221e-05
1.950226e-05
1.988045e-05
1.929771e-05
1.969616e-05
1.983957e-05
1.960799e-05
1.931859e-05
1.811718e-05
1.748377e-05
1.713807e-05
1.668663e-05
1.742458e-05
1.861087e-05
1.819066e-05
1.757886e-05
1.873877e-05
1.94224e-05
1.857451e-05
1.91958e-05
2.023857e-05
2.032392e-05
2.291525e-05
2.250887e-05
2.420748e-05
2.26581e-05
2.184131e-05
2.477511e-05
2.518716e-05
2.521531e-05
2.439105e-05
2.513155e-05
2.445632e-05
2.558315e-05
2.518967e-05
2.788774e-05
2.978069e-05
2.613791e-05
2.647876e-05
2.749916e-05
2.56417e-05
2.398877e-05
2.590176e-05
2.790593e-05
2.991931e-05
3.135005e-05
3.058856e-05
2.925158e-05
3.067921e-05
3.140089e-05
3.054599e-05
2.879808e-05
2.82483e-05
2.91878e-05
2.90873e-05
2.658408e-05
2.472296e-05
2.273775e-05
2.214839e-05
2.182665e-05
2.299214e-05
2.50597e-05
2.307122e-05
2.484811e-05
2.605131e-05
2.878391e-05
2.652303e-05
2.655033e-05
2.32191e-05
2.219684e-05
2.183565e-05
2.096065e-05
1.959888e-05
2.255172e-05
2.137961e-05
1.951664e-05
1.835562e-05
1.732152e-05
1.842894e-05
1.679307e-05
1.693488e-05
1.712443e-05
1.675239e-05
1.691132e-05
1.688173e-05
1.576609e-05
1.80889e-05
1.726061e-05
1.694128e-05
1.687916e-05
1.669079e-05
1.764979e-05
1.926934e-05
1.839048e-05
1.817788e-05
1.98733e-05
1.923206e-05
1.884777e-05
1.786925e-05
1.765408e-05
1.91088e-05
1.932483e-05
1.886495e-05
1.914243e-05
1.898786e-05
1.945126e-05
1.91072e-05
1.875014e-05
1.890644e-05
1.999141e-05
2.093177e-05
2.097549e-05
2.042782e-05
2.296016e-05
2.310259e-05
2.389712e-05
2.386994e-05
2.532162e-05
2.544222e-05
2.368084e-05
2.235707e-05
2.077731e-05
2.063324e-05
2.220863e-05
2.092173e-05
2.038025e-05
2.234989e-05
2.224477e-05
2.044159e-05
2.126307e-05
2.107939e-05
2.028573e-05
2.010313e-05
1.927431e-05
1.825727e-05
1.955391e-05
2.095798e-05
1.97879e-05
1.966119e-05
2.072845e-05
2.04274e-05
1.978557e-05
2.318508e-05
2.438206e-05
2.390413e-05
2.453678e-05
2.181541e-05
2.201452e-05
2.256794e-05
2.387003e-05
2.461529e-05
2.649134e-05
2.683585e-05
2.402661e-05
2.473542e-05
2.591094e-05
2.450364e-05
2.437442e-05
2.219531e-05
2.255649e-05
2.320846e-05
2.146594e-05
2.199064e-05
2.022052e-05
1.948291e-05
2.049554e-05
1.847029e-05
1.825785e-05
1.860922e-05
1.921507e-05
1.874887e-05
1.896264e-05
1.734885e-05
1.802041e-05
1.901643e-05
1.815932e-05
1.738319e-05
1.813017e-05
1.797491e-05
1.751451e-05
1.759609e-05
1.710726e-05
1.715219e-05
1.736675e-05
1.775345e-05
1.552496e-05
1.680672e-05
1.551025e-05
1.655196e-05
1.785395e-05
1.95613e-05
2.079276e-05
1.867151e-05
1.878403e-05
1.747975e-05
1.726383e-05
1.900239e-05
2.007265e-05
1.818545e-05
1.800177e-05
1.743509e-05
1.714114e-05
1.751636e-05
1.842717e-05
1.914672e-05
2.060013e-05
1.850954e-05
1.883604e-05
1.89978e-05
1.87258e-05
1.920805e-05
1.820802e-05
1.793834e-05
1.860919e-05
1.832516e-05
1.849489e-05
1.919244e-05
1.977094e-05
1.956654e-05
1.993078e-05
1.945195e-05
2.010097e-05
2.128723e-05
2.336625e-05
2.075647e-05
2.094003e-05
2.194361e-05
1.974982e-05
1.939155e-05
1.821421e-05
1.859951e-05
1.876525e-05
1.945607e-05
2.111286e-05
2.192191e-05
2.058435e-05
1.870269e-05
1.964508e-05
2.241883e-05
2.042537e-05
2.082013e-05
2.180299e-05
2.138091e-05
2.044613e-05
2.109403e-05
2.299167e-05
2.353114e-05
2.262777e-05
2.727795e-05
2.663128e-05
2.716919e-05
2.778941e-05
2.422716e-05
2.592805e-05
2.514783e-05
2.432365e-05
2.292916e-05
2.418115e-05
2.253251e-05
2.14361e-05
2.023318e-05
2.015954e-05
2.327513e-05
2.226832e-05
2.138412e-05
2.193117e-05
2.286858e-05
2.247719e-05
2.443646e-05
2.531812e-05
2.483476e-05
2.374346e-05
2.216427e-05
2.24756e-05
2.059083e-05
2.062616e-05
2.037638e-05
2.041342e-05
2.383136e-05
2.237089e-05
2.419175e-05
2.237889e-05
2.325009e-05
2.174181e-05
2.262187e-05
2.458953e-05
2.720905e-05
2.858017e-05
2.892132e-05
2.74177e-05
2.52965e-05
2.380042e-05
2.439301e-05
2.088932e-05
2.194894e-05
2.219629e-05
2.06922e-05
2.140844e-05
2.039265e-05
1.828255e-05
1.992461e-05
2.108325e-05
1.951105e-05
2.00208e-05
2.068914e-05
2.190921e-05
2.32728e-05
2.524645e-05
2.635071e-05
2.575695e-05
2.553257e-05
2.636158e-05
2.541975e-05
2.672966e-05
2.789232e-05
2.579188e-05
2.684898e-05
2.449408e-05
2.356642e-05
2.204422e-05
2.271488e-05
2.303351e-05
2.396642e-05
2.439947e-05
2.613274e-05
2.33933e-05
2.47176e-05
2.529689e-05
2.479572e-05
2.480678e-05
2.428345e-05
2.452578e-05
2.452494e-05
2.347749e-05
2.232158e-05
2.236764e-05
2.228631e-05
2.229207e-05
2.048727e-05
2.076631e-05
2.210538e-05
2.134472e-05
2.10829e-05
2.251963e-05
2.30812e-05
2.131395e-05
2.286956e-05
2.248866e-05
2.125611e-05
2.158753e-05
2.033556e-05
2.077311e-05
2.125598e-05
2.138898e-05
2.06335e-05
2.048713e-05
2.030981e-05
1.88794e-05
1.880334e-05
1.849662e-05
1.761712e-05
1.560541e-05
1.583291e-05
1.464369e-05
1.613704e-05
1.723735e-05
1.695509e-05
1.595373e-05
1.58054e-05
1.669991e-05
1.684991e-05
1.763443e-05
1.655537e-05
1.615881e-05
1.646966e-05
1.632308e-05
1.767381e-05
1.648337e-05
1.526456e-05
1.487071e-05
1.651191e-05
1.524628e-05
1.589852e-05
1.69527e-05
1.742254e-05
1.695105e-05
1.809657e-05
1.904331e-05
1.954071e-05
1.841308e-05
1.845838e-05
1.900709e-05
1.836701e-05
1.926864e-05
2.084827e-05
2.006987e-05
1.974438e-05
2.012957e-05
1.996459e-05
2.229648e-05
2.29015e-05
2.235238e-05
2.073701e-05
2.068758e-05
1.910463e-05
1.82135e-05
1.997945e-05
1.927187e-05
1.990674e-05
2.055533e-05
2.140086e-05
2.021365e-05
1.677059e-05
1.717744e-05
1.844312e-05
1.801499e-05
1.675499e-05
1.668482e-05
1.625191e-05
1.679353e-05
1.892483e-05
1.872001e-05
1.804202e-05
1.738279e-05
1.844395e-05
1.833359e-05
1.909495e-05
1.889208e-05
1.773927e-05
1.771776e-05
1.799826e-05
1.655921e-05
1.661614e-05
1.714269e-05
1.681993e-05
1.619791e-05
1.48273e-05
1.571465e-05
1.703829e-05
1.823418e-05
1.845923e-05
1.64395e-05
1.748255e-05
1.716229e-05
1.67531e-05
1.791898e-05
1.84298e-05
2.030282e-05
2.049624e-05
1.964541e-05
2.173593e-05
2.172235e-05
2.333998e-05
2.437743e-05
2.450325e-05
2.466481e-05
2.47759e-05
2.30625e-05
2.27472e-05
2.315865e-05
2.444789e-05
2.365756e-05
2.438628e-05
2.570232e-05
2.215845e-05
2.341415e-05
2.39597e-05
2.506067e-05
2.629953e-05
2.811662e-05
2.904194e-05
2.890276e-05
2.837668e-05
2.756035e-05
2.714841e-05
2.53655e-05
2.357444e-05
2.315009e-05
2.175894e-05
2.371551e-05
2.783186e-05
2.873603e-05
2.570669e-05
2.50366e-05
2.43676e-05
2.468066e-05
2.525954e-05
2.617159e-05
2.728668e-05
2.713508e-05
2.632954e-05
2.534295e-05
2.679147e-05
2.782593e-05
2.929783e-05
2.96539e-05
2.829928e-05
2.990715e-05
3.113004e-05
3.111917e-05
3.176381e-05
3.263449e-05
3.255026e-05
3.232876e-05
3.373017e-05
3.166878e-05
3.150396e-05
2.981981e-05
2.930769e-05
3.065803e-05
3.423622e-05
3.409158e-05
3.378371e-05
3.512658e-05
3.562767e-05
3.516313e-05
3.494955e-05
3.455786e-05
3.495201e-05
3.503267e-05
3.387449e-05
3.522024e-05
3.664956e-05
3.486257e-05
3.400065e-05
3.290234e-05
3.573627e-05
3.483614e-05
3.61256e-05
3.552311e-05
3.510234e-05
3.423146e-05
3.059622e-05
3.027211e-05
3.236493e-05
3.230079e-05
3.03311e-05
2.820317e-05
2.880835e-05
2.737346e-05
2.58966e-05
2.520952e-05
2.551002e-05
2.331258e-05
2.261411e-05
2.1047e-05
1.935667e-05
1.990195e-05
2.007251e-05
2.275955e-05
2.230416e-05
2.115255e-05
2.106658e-05
2.177267e-05
2.125856e-05
1.872186e-05
1.752841e-05
1.621183e-05
1.683155e-05
1.66218e-05
1.658259e-05
1.65257e-05
1.559733e-05
1.559313e-05
1.585134e-05
1.494126e-05
1.523635e-05
1.514805e-05
1.747675e-05
1.651239e-05
1.648014e-05
1.691091e-05
1.868098e-05
1.793924e-05
1.687434e-05
1.75562e-05
1.826638e-05
1.906984e-05
1.800048e-05
1.830875e-05
1.902998e-05
1.949456e-05
2.013742e-05
2.115863e-05
2.262651e-05
2.174843e-05
2.430159e-05
2.426697e-05
2.509483e-05
2.508653e-05
2.248707e-05
2.107445e-05
2.081667e-05
2.015472e-05
1.994675e-05
2.009478e-05
2.131984e-05
1.964882e-05
2.100248e-05
1.885216e-05
1.884812e-05
1.912823e-05
1.761009e-05
1.807329e-05
1.841966e-05
1.708015e-05
1.748017e-05
1.75134e-05
1.946768e-05
1.995197e-05
2.167734e-05
2.206342e-05
2.057675e-05
2.136884e-05
2.195159e-05
2.255309e-05
2.13546e-05
2.285573e-05
2.233693e-05
2.04599e-05
2.085194e-05
2.076791e-05
2.124576e-05
2.130114e-05
2.217823e-05
2.095349e-05
2.138799e-05
2.180343e-05
2.173812e-05
2.347079e-05
2.415422e-05
2.346229e-05
2.061105e-05
2.20832e-05
2.124984e-05
2.1432e-05
2.203431e-05
2.209791e-05
2.112985e-05
2.115872e-05
2.004188e-05
2.24404e-05
2.358968e-05
2.355694e-05
2.57658e-05
2.518951e-05
2.422484e-05
2.210792e-05
2.357097e-05
2.393438e-05
2.411152e-05
2.478583e-05
2.399765e-05
2.268025e-05
2.357815e-05
2.505295e-05
2.992938e-05
2.851238e-05
3.028883e-05
3.512444e-05
3.407872e-05
3.444331e-05
3.278851e-05
3.214611e-05
3.326333e-05
3.365034e-05
2.932202e-05
2.673977e-05
2.561421e-05
2.424912e-05
2.288248e-05
2.13723e-05
2.084213e-05
2.212702e-05
2.256156e-05
2.198881e-05
2.299169e-05
2.419771e-05
2.381822e-05
2.389332e-05
2.371585e-05
2.097244e-05
1.940958e-05
2.05124e-05
2.003325e-05
2.048334e-05
2.243751e-05
2.221605e-05
2.02295e-05
1.935722e-05
1.861749e-05
1.78317e-05
1.754416e-05
1.731275e-05
1.668845e-05
1.661798e-05
1.77322e-05
1.799108e-05
1.81059e-05
1.874249e-05
1.918701e-05
1.844404e-05
1.894864e-05
1.949702e-05
1.793244e-05
1.688941e-05
1.895441e-05
1.972844e-05
1.96089e-05
1.682945e-05
1.928981e-05
1.931741e-05
2.22822e-05
2.044673e-05
2.034564e-05
2.041164e-05
2.041062e-05
1.956364e-05
1.862424e-05
1.813155e-05
1.872973e-05
2.007508e-05
2.034717e-05
1.91762e-05
1.888077e-05
1.744475e-05
1.603963e-05
1.596089e-05
1.595168e-05
1.66116e-05
1.721432e-05
1.771205e-05
1.584617e-05
1.54023e-05
1.505262e-05
1.3121e-05
1.324081e-05
1.341566e-05
1.448838e-05
1.420801e-05
1.519154e-05
1.523292e-05
1.559906e-05
1.694363e-05
1.604405e-05
1.678999e-05
1.743409e-05
1.721878e-05
1.548462e-05
1.596038e-05
1.54149e-05
1.725835e-05
1.771641e-05
1.664314e-05
1.563678e-05
1.605641e-05
1.581974e-05
1.522748e-05
1.572855e-05
1.584057e-05
1.571202e-05
1.610316e-05
1.695122e-05
1.649074e-05
1.714679e-05
1.808127e-05
1.751558e-05
1.777474e-05
1.772131e-05
1.797214e-05
1.823318e-05
1.746683e-05
1.817965e-05
1.873814e-05
1.90989e-05
2.19536e-05
2.315758e-05
2.280028e-05
2.347353e-05
2.329872e-05
2.084403e-05
2.06313e-05
1.883815e-05
1.991974e-05
2.04737e-05
2.082344e-05
2.194578e-05
2.247594e-05
2.161851e-05
2.096003e-05
1.843936e-05
1.873185e-05
2.014645e-05
2.215032e-05
2.273649e-05
2.439342e-05
2.42149e-05
2.371223e-05
2.267569e-05
2.331333e-05
2.42556e-05
2.390983e-05
2.502649e-05
2.402459e-05
2.458337e-05
2.495538e-05
2.478621e-05
2.387929e-05
2.558488e-05
2.654959e-05
2.489165e-05
2.465201e-05
2.484231e-05
2.468191e-05
2.683886e-05
2.736185e-05
2.947076e-05
2.985156e-05
2.76266e-05
2.797634e-05
2.663769e-05
2.606223e-05
2.692952e-05
2.643215e-05
2.661201e-05
2.720885e-05
2.586534e-05
2.586977e-05
2.755648e-05
2.692418e-05
2.596865e-05
2.627221e-05
2.531196e-05
2.837189e-05
2.831872e-05
2.827426e-05
2.827743e-05
2.774225e-05
2.683685e-05
2.805369e-05
3.04128e-05
3.388556e-05
3.283775e-05
3.175625e-05
2.935513e-05
2.694009e-05
2.600935e-05
2.806169e-05
2.794783e-05
2.697884e-05
2.534009e-05
2.418945e-05
2.461259e-05
2.452202e-05
2.136159e-05
2.308751e-05
2.571816e-05
2.646251e-05
2.423647e-05
2.411016e-05
2.397131e-05
2.465107e-05
2.696551e-05
2.931037e-05
2.949689e-05
2.925918e-05
3.120674e-05
2.926472e-05
2.876313e-05
3.193591e-05
3.009122e-05
3.228248e-05
3.441021e-05
3.393464e-05
3.152661e-05
2.855143e-05
2.84736e-05
3.01376e-05
2.888986e-05
2.965066e-05
2.746735e-05
2.553651e-05
2.4344e-05
2.542663e-05
2.399976e-05
2.425437e-05
2.475506e-05
2.532592e-05
2.466314e-05
2.565735e-05
2.651238e-05
2.568609e-05
2.538174e-05
2.58543e-05
2.746073e-05
2.857414e-05
3.11639e-05
2.997584e-05
2.92758e-05
3.006434e-05
3.07527e-05
2.891165e-05
3.062226e-05
3.161588e-05
2.789418e-05
2.875563e-05
3.023617e-05
2.910547e-05
2.797112e-05
2.916439e-05
2.573872e-05
2.655037e-05
2.680137e-05
2.511962e-05
2.479398e-05
2.601564e-05
2.732327e-05
2.959752e-05
2.802626e-05
2.869253e-05
2.936322e-05
2.865644e-05
2.859105e-05
2.896084e-05
2.930323e-05
2.984711e-05
3.183283e-05
3.128011e-05
2.968898e-05
3.092827e-05
2.733653e-05
2.556997e-05
2.525783e-05
2.464091e-05
2.313811e-05
2.537221e-05
2.505435e-05
2.537906e-05
2.54841e-05
2.343763e-05
2.095079e-05
2.138271e-05
2.169125e-05
1.98802e-05
2.002116e-05
2.179658e-05
2.11794e-05
2.117741e-05
2.088817e-05
1.978729e-05
1.863006e-05
1.826434e-05
1.953072e-05
2.059209e-05
2.01645e-05
2.230794e-05
2.248015e-05
2.273288e-05
2.253718e-05
2.38801e-05
2.603019e-05
2.593836e-05
2.465884e-05
2.263367e-05
2.207571e-05
2.230716e-05
2.470235e-05
2.641783e-05
2.82835e-05
2.744669e-05
2.890799e-05
2.901327e-05
2.888781e-05
3.016231e-05
3.09224e-05
3.260178e-05
3.156319e-05
3.1536e-05
3.001732e-05
3.063564e-05
2.811062e-05
2.977463e-05
2.846719e-05
2.804595e-05
2.684043e-05
2.544715e-05
2.522741e-05
2.670035e-05
2.695152e-05
2.844451e-05
2.997193e-05
2.919298e-05
2.914453e-05
2.687275e-05
2.654726e-05
2.674937e-05
2.475925e-05
2.455922e-05
2.274921e-05
2.26557e-05
2.278298e-05
2.257697e-05
2.288139e-05
2.361469e-05
2.285904e-05
2.302763e-05
2.292014e-05
2.264442e-05
2.131765e-05
2.314559e-05
2.607776e-05
2.555488e-05
2.481885e-05
2.268616e-05
2.150198e-05
2.19633e-05
2.12569e-05
1.914216e-05
1.954957e-05
2.047605e-05
2.012676e-05
1.998707e-05
1.982204e-05
1.965945e-05
1.895243e-05
1.805389e-05
1.876432e-05
1.815216e-05
1.822705e-05
1.971939e-05
1.919147e-05
1.999348e-05
2.135243e-05
2.47425e-05
2.457502e-05
2.367332e-05
2.266578e-05
2.191935e-05
2.167573e-05
1.985284e-05
1.941355e-05
1.92344e-05
1.701121e-05
1.763766e-05
1.820979e-05
1.831297e-05
1.93009e-05
2.018715e-05
2.002625e-05
2.042172e-05
2.011677e-05
1.760613e-05
1.56754e-05
1.592675e-05
1.715066e-05
1.642595e-05
1.625307e-05
1.795108e-05
1.777365e-05
1.669915e-05
1.593765e-05
1.62317e-05
1.647248e-05
1.633755e-05
1.59404e-05
1.636259e-05
1.614835e-05
1.87016e-05
1.611755e-05
1.569986e-05
1.46159e-05
1.333071e-05
1.292125e-05
1.367374e-05
1.285426e-05
1.376362e-05
1.344734e-05
1.476574e-05
1.505682e-05
1.525394e-05
1.579343e-05
1.709289e-05
1.572219e-05
1.583549e-05
1.772888e-05
1.729817e-05
1.756505e-05
1.799388e-05
1.729338e-05
1.761779e-05
1.902473e-05
1.937581e-05
2.007358e-05
2.191623e-05
2.047999e-05
2.079651e-05
2.164355e-05
2.361674e-05
2.398717e-05
2.335344e-05
2.401017e-05
2.429166e-05
2.57863e-05
2.462156e-05
2.449242e-05
2.372566e-05
2.284481e-05
2.158043e-05
2.330726e-05
2.24109e-05
2.168463e-05
2.037975e-05
2.273956e-05
2.356431e-05
2.409293e-05
2.497304e-05
2.281974e-05
2.440898e-05
2.467115e-05
2.360061e-05
2.543815e-05
2.621583e-05
2.591045e-05
2.480302e-05
2.304029e-05
2.419305e-05
2.240535e-05
1.996642e-05
1.982055e-05
1.968312e-05
2.225663e-05
2.113412e-05
2.108619e-05
2.125094e-05
2.126631e-05
2.142391e-05
2.298316e-05
2.202934e-05
2.073029e-05
2.28049e-05
2.316985e-05
2.292817e-05
2.472427e-05
2.390353e-05
2.485539e-05
2.281385e-05
2.161667e-05
2.206188e-05
2.133663e-05
2.070601e-05
2.022198e-05
2.067896e-05
2.190796e-05
2.089751e-05
2.278122e-05
2.234989e-05
2.263243e-05
2.207986e-05
2.303442e-05
2.264297e-05
2.144899e-05
2.130797e-05
2.193423e-05
2.172956e-05
2.281771e-05
2.149782e-05
2.204879e-05
2.337695e-05
2.286555e-05
2.486188e-05
2.526614e-05
2.479596e-05
2.427613e-05
2.390936e-05
2.242815e-05
2.449671e-05
2.476877e-05
2.292994e-05
2.410592e-05
2.634841e-05
2.49574e-05
2.561921e-05
2.235442e-05
2.308302e-05
2.269179e-05
2.259666e-05
2.090376e-05
2.200807e-05
2.087789e-05
1.97592e-05
2.001291e-05
2.054265e-05
2.065971e-05
2.243588e-05
2.301461e-05
2.183802e-05
2.063851e-05
2.103105e-05
1.89524e-05
1.913968e-05
1.844754e-05
1.90953e-05
1.913968e-05
2.016855e-05
1.920126e-05
1.873405e-05
1.816029e-05
1.714945e-05
1.6626e-05
1.763869e-05
1.914671e-05
1.841776e-05
1.84219e-05
1.977343e-05
1.881851e-05
2.004875e-05
2.208956e-05
2.271486e-05
2.341196e-05
2.501436e-05
2.495772e-05
2.649435e-05
2.752152e-05
2.759571e-05
2.382017e-05
2.193304e-05
2.202613e-05
2.239226e-05
2.226499e-05
2.330164e-05
2.318852e-05
2.281109e-05
2.261848e-05
2.211339e-05
2.129546e-05
1.994385e-05
1.917129e-05
1.830187e-05
1.702887e-05
1.641195e-05
1.639375e-05
1.357735e-05
1.267897e-05
1.277428e-05
1.283269e-05
1.371441e-05
1.26076e-05
1.282368e-05
1.289839e-05
1.367256e-05
1.361157e-05
1.334701e-05
1.44513e-05
1.363122e-05
1.475359e-05
1.518964e-05
1.519332e-05
1.542918e-05
1.506664e-05
1.593232e-05
1.690052e-05
1.644644e-05
1.816673e-05
1.759867e-05
1.798432e-05
1.940741e-05
1.940181e-05
1.866899e-05
2.031368e-05
1.870086e-05
1.8428e-05
1.83651e-05
2.075955e-05
2.021276e-05
1.796305e-05
1.90993e-05
1.638781e-05
1.565367e-05
1.657641e-05
1.643881e-05
1.526903e-05
1.438149e-05
1.516154e-05
1.460969e-05
1.498291e-05
1.480594e-05
1.441126e-05
1.55891e-05
1.611383e-05
1.568127e-05
1.67609e-05
1.73805e-05
1.725244e-05
1.662956e-05
1.726564e-05
1.799547e-05
1.705545e-05
1.622529e-05
1.663074e-05
1.804651e-05
1.823683e-05
1.787476e-05
1.863285e-05
1.780615e-05
1.687939e-05
1.526255e-05
1.375859e-05
1.360806e-05
1.342539e-05
1.164496e-05
1.128342e-05
1.164568e-05
1.132792e-05
1.23123e-05
1.293537e-05
1.246674e-05
1.310546e-05
1.436343e-05
1.506253e-05
1.440593e-05
1.338208e-05
1.326314e-05
1.415308e-05
1.496902e-05
1.543817e-05
1.560803e-05
1.540854e-05
1.418181e-05
1.408916e-05
1.316918e-05
1.285352e-05
1.207907e-05
1.192826e-05
1.241659e-05
1.178175e-05
1.225968e-05
1.186288e-05
1.116298e-05
1.18674e-05
1.154201e-05
1.148023e-05
1.232424e-05
1.254216e-05
1.292192e-05
1.406585e-05
1.50481e-05
1.561106e-05
1.711131e-05
1.750708e-05
1.856161e-05
1.885004e-05
1.911294e-05
1.849299e-05
2.047703e-05
2.044129e-05
2.096905e-05
2.171818e-05
2.28334e-05
2.196737e-05
2.360918e-05
2.495921e-05
2.44703e-05
2.490286e-05
2.412754e-05
2.372735e-05
2.503586e-05
2.532364e-05
2.615361e-05
2.483682e-05
2.678144e-05
2.579621e-05
2.521598e-05
2.618321e-05
2.811475e-05
2.782605e-05
3.00626e-05
2.820744e-05
2.750997e-05
2.825748e-05
3.145129e-05
2.885565e-05
2.804919e-05
2.730625e-05
2.581353e-05
2.511466e-05
2.375905e-05
2.338174e-05
2.230326e-05
2.223313e-05
2.168797e-05
2.095367e-05
2.014039e-05
2.153149e-05
2.19719e-05
2.203668e-05
2.060472e-05
2.10416e-05
2.085767e-05
2.003238e-05
1.903348e-05
2.040479e-05
2.108241e-05
2.205672e-05
2.278597e-05
2.243096e-05
2.205623e-05
2.20287e-05
2.214095e-05
2.170821e-05
2.153986e-05
2.155711e-05
1.936489e-05
1.867097e-05
1.792242e-05
1.651649e-05
1.667222e-05
1.754595e-05
1.774869e-05
1.734317e-05
1.64293e-05
1.586135e-05
1.489394e-05
1.644867e-05
1.616714e-05
1.632524e-05
1.649426e-05
1.611142e-05
1.704196e-05
1.592867e-05
1.548941e-05
1.487005e-05
1.410227e-05
1.503589e-05
1.609425e-05
1.680492e-05
1.716374e-05
1.66476e-05
1.751995e-05
1.912404e-05
1.94049e-05
1.856631e-05
1.694827e-05
1.604682e-05
1.540987e-05
1.666519e-05
1.454687e-05
1.404515e-05
1.57524e-05
1.586192e-05
1.679872e-05
1.623663e-05
1.544962e-05
1.705675e-05
1.572696e-05
1.562513e-05
1.583718e-05
1.652681e-05
1.792747e-05
1.800249e-05
1.827839e-05
1.802698e-05
1.90894e-05
2.030967e-05
2.102653e-05
2.002897e-05
1.93485e-05
1.864213e-05
1.765356e-05
1.837185e-05
1.762219e-05
1.780782e-05
1.787776e-05
1.770761e-05
1.681119e-05
1.647632e-05
1.707541e-05
1.751718e-05
1.832829e-05
1.639209e-05
1.785804e-05
1.97802e-05
2.084612e-05
2.014719e-05
2.186272e-05
2.149996e-05
2.214018e-05
2.337695e-05
2.245864e-05
2.311727e-05
2.332112e-05
2.610502e-05
2.522276e-05
2.421886e-05
2.443157e-05
2.405671e-05
2.524119e-05
2.432424e-05
2.473554e-05
3.026322e-05
2.827111e-05
2.931502e-05
3.128581e-05
3.063181e-05
2.94787e-05
2.881206e-05
2.795967e-05
2.5538e-05
2.592892e-05
2.681663e-05
2.399172e-05
2.204934e-05
2.067971e-05
2.055316e-05
2.012798e-05
1.853638e-05
1.810151e-05
1.884657e-05
1.804358e-05
1.91793e-05
1.899635e-05
1.968631e-05
2.053107e-05
2.262714e-05
2.219686e-05
2.227746e-05
2.345922e-05
2.424833e-05
2.365688e-05
2.017668e-05
1.838039e-05
1.802527e-05
1.744489e-05
1.676919e-05
1.731829e-05
1.874802e-05
1.782287e-05
1.778941e-05
1.736696e-05
1.798521e-05
1.659207e-05
1.84411e-05
1.832208e-05
1.88087e-05
1.972374e-05
2.15194e-05
2.170771e-05
2.141637e-05
2.03401e-05
2.020517e-05
2.161698e-05
2.050335e-05
1.951955e-05
2.141077e-05
1.99896e-05
1.94516e-05
1.872292e-05
1.807071e-05
1.909427e-05
1.873943e-05
1.844675e-05
1.792344e-05
1.851003e-05
1.949705e-05
1.962459e-05
1.894389e-05
1.933038e-05
1.934278e-05
1.943651e-05
1.917469e-05
1.888744e-05
1.840283e-05
1.940115e-05
1.759293e-05
1.907466e-05
1.945477e-05
1.948946e-05
1.978192e-05
2.034899e-05
2.023273e-05
2.14452e-05
2.135193e-05
2.047898e-05
2.09607e-05
2.154835e-05
2.242191e-05
2.167161e-05
2.148231e-05
2.127017e-05
2.198546e-05
2.113086e-05
2.075509e-05
2.288367e-05
2.223778e-05
2.280785e-05
2.434815e-05
2.42348e-05
2.51038e-05
2.457548e-05
2.507739e-05
2.602496e-05
2.494543e-05
2.543647e-05
2.408523e-05
2.532882e-05
2.445962e-05
2.643667e-05
2.564585e-05
2.527699e-05
2.87029e-05
3.066832e-05
2.893331e-05
2.694745e-05
2.976842e-05
2.797204e-05
2.880998e-05
2.985861e-05
2.526502e-05
2.339012e-05
2.352937e-05
2.453536e-05
2.280231e-05
2.27818e-05
2.447739e-05
2.247076e-05
2.084182e-05
1.966452e-05
1.834463e-05
2.029502e-05
2.002485e-05
2.164805e-05
2.088794e-05
1.904236e-05
2.099848e-05
2.001436e-05
2.03483e-05
2.168918e-05
2.213769e-05
2.089642e-05
2.275266e-05
2.282695e-05
2.406011e-05
2.515464e-05
2.755273e-05
3.034267e-05
3.320611e-05
3.370185e-05
3.468018e-05
3.503948e-05
3.520583e-05
3.415612e-05
3.312206e-05
3.07236e-05
2.961933e-05
2.943064e-05
2.98863e-05
2.834281e-05
2.931904e-05
2.98319e-05
3.007276e-05
2.899692e-05
2.68804e-05
2.751743e-05
2.680791e-05
2.364079e-05
2.425139e-05
2.361794e-05
2.45099e-05
2.230237e-05
2.097956e-05
2.151885e-05
1.971859e-05
2.116549e-05
2.336675e-05
2.469795e-05
2.311672e-05
2.369311e-05
2.491902e-05
2.606993e-05
2.460875e-05
2.147553e-05
2.152736e-05
2.250965e-05
2.232053e-05
2.090854e-05
2.08583e-05
2.113047e-05
2.135147e-05
2.10023e-05
2.011805e-05
2.159641e-05
2.159135e-05
2.212617e-05
2.320621e-05
2.483331e-05
2.441869e-05
2.682538e-05
2.557895e-05
2.560634e-05
2.726147e-05
2.641701e-05
2.82029e-05
3.001702e-05
3.229469e-05
3.074235e-05
3.169575e-05
3.015218e-05
2.845099e-05
2.945667e-05
3.074275e-05
2.873612e-05
2.943371e-05
2.900942e-05
2.827069e-05
2.951374e-05
2.797937e-05
2.781893e-05
2.739949e-05
2.88897e-05
2.939542e-05
2.730921e-05
2.6175e-05
2.605841e-05
2.798412e-05
2.580759e-05
2.901463e-05
2.78426e-05
2.949508e-05
2.807776e-05
2.645712e-05
2.569863e-05
2.354374e-05
2.269624e-05
2.397484e-05
2.40018e-05
2.295161e-05
2.227701e-05
2.372642e-05
2.542711e-05
2.489473e-05
2.188155e-05
2.162261e-05
1.996555e-05
1.818278e-05
1.868426e-05
1.874088e-05
1.911831e-05
2.03039e-05
1.954464e-05
1.96761e-05
2.128787e-05
2.308395e-05
2.271832e-05
2.193477e-05
2.202864e-05
2.244442e-05
2.16076e-05
2.039932e-05
1.979509e-05
1.933173e-05
2.139033e-05
1.981967e-05
2.067972e-05
2.252134e-05
2.332885e-05
2.415585e-05
2.395193e-05
2.67945e-05
2.683332e-05
2.497249e-05
2.682629e-05
2.669277e-05
2.599978e-05
2.696542e-05
2.636722e-05
3.080816e-05
2.815629e-05
3.090843e-05
2.77727e-05
2.522828e-05
2.691358e-05
2.604065e-05
2.285036e-05
2.338459e-05
2.179182e-05
2.114849e-05
2.167875e-05
2.186627e-05
2.365538e-05
2.204989e-05
2.342269e-05
2.402299e-05
2.493149e-05
2.490083e-05
2.544351e-05
2.443977e-05
2.371539e-05
2.390811e-05
2.269537e-05
2.284842e-05
2.282241e-05
2.276834e-05
2.235818e-05
2.009216e-05
2.063153e-05
2.275796e-05
2.178286e-05
2.258502e-05
2.346521e-05
2.336441e-05
2.18392e-05
2.300437e-05
2.675572e-05
2.629552e-05
2.532659e-05
2.430983e-05
2.553902e-05
2.279274e-05
2.438365e-05
2.343477e-05
2.432033e-05
2.539386e-05
2.860418e-05
2.929506e-05
2.77751e-05
2.594461e-05
2.680585e-05
2.703451e-05
3.040302e-05
3.36167e-05
3.113701e-05
3.062245e-05
2.948403e-05
3.082308e-05
3.029968e-05
2.943209e-05
2.947117e-05
2.859913e-05
2.714009e-05
2.561934e-05
2.70799e-05
2.462954e-05
2.182988e-05
2.33205e-05
2.353777e-05
2.194311e-05
2.166403e-05
2.249067e-05
2.206317e-05
1.978923e-05
2.004822e-05
2.079022e-05
1.924493e-05
1.76287e-05
1.851123e-05
1.838361e-05
1.934909e-05
1.673283e-05
1.601654e-05
1.518772e-05
1.435219e-05
1.465497e-05
1.394961e-05
1.476992e-05
1.389611e-05
1.523508e-05
1.585031e-05
1.560807e-05
1.542685e-05
1.598542e-05
1.553026e-05
1.402684e-05
1.469999e-05
1.466161e-05
1.549652e-05
1.590657e-05
1.620356e-05
1.606466e-05
1.626301e-05
1.684233e-05
1.700229e-05
1.67561e-05
1.681027e-05
1.786429e-05
1.751917e-05
1.651287e-05
1.623878e-05
1.708508e-05
1.711309e-05
1.81094e-05
1.866056e-05
1.730883e-05
1.771467e-05
1.684071e-05
1.717441e-05
1.629955e-05
1.672833e-05
1.552454e-05
1.580441e-05
1.525686e-05
1.657953e-05
1.594703e-05
1.672495e-05
1.595856e-05
1.71567e-05
1.592834e-05
1.494373e-05
1.535081e-05
1.43537e-05
1.369815e-05
1.392826e-05
1.522569e-05
1.655778e-05
1.595894e-05
1.507267e-05
1.469586e-05
1.450268e-05
1.462723e-05
1.466484e-05
1.54954e-05
1.596091e-05
1.828333e-05
1.673662e-05
1.756233e-05
1.814173e-05
1.896035e-05
1.747835e-05
1.752954e-05
1.810493e-05
1.953375e-05
2.030008e-05
2.083452e-05
2.336745e-05
2.541672e-05
2.511153e-05
2.578601e-05
2.762246e-05
2.819276e-05
2.695404e-05
2.996313e-05
3.183697e-05
3.166567e-05
3.252277e-05
3.286485e-05
2.924313e-05
3.077391e-05
3.006206e-05
2.876227e-05
2.75126e-05
2.805173e-05
2.759659e-05
2.77625e-05
2.884822e-05
2.934653e-05
2.727393e-05
2.5928e-05
2.755805e-05
2.779675e-05
2.895959e-05
3.19108e-05
3.184228e-05
3.332101e-05
3.293687e-05
3.305551e-05
3.06766e-05
3.214682e-05
3.232839e-05
2.988598e-05
3.188919e-05
3.192876e-05
2.769439e-05
2.814201e-05
2.525522e-05
2.634011e-05
2.568309e-05
2.443594e-05
2.458548e-05
2.71381e-05
2.71625e-05
2.641441e-05
2.329811e-05
2.417445e-05
2.357495e-05
2.318024e-05
2.373406e-05
2.280538e-05
2.121306e-05
2.206293e-05
2.253884e-05
2.109445e-05
2.09741e-05
2.090616e-05
1.754747e-05
1.790229e-05
1.742693e-05
1.607983e-05
1.511502e-05
1.363994e-05
1.30757e-05
1.286604e-05
1.40883e-05
1.640547e-05
1.794939e-05
1.803137e-05
1.923298e-05
1.784459e-05
1.780499e-05
1.758549e-05
1.749588e-05
1.795649e-05
1.691395e-05
1.85149e-05
1.722718e-05
1.750211e-05
1.682742e-05
1.824466e-05
1.781061e-05
1.623486e-05
1.748308e-05
1.756435e-05
1.68362e-05
1.621145e-05
1.581295e-05
1.577631e-05
1.540948e-05
1.585819e-05
1.662031e-05
1.614092e-05
1.611013e-05
1.436847e-05
1.52839e-05
1.447952e-05
1.420059e-05
1.439865e-05
1.533113e-05
1.497883e-05
1.522135e-05
1.427751e-05
1.500383e-05
1.431859e-05
1.433307e-05
1.483768e-05
1.515955e-05
1.399862e-05
1.484022e-05
1.471946e-05
1.308844e-05
1.445133e-05
1.500358e-05
1.612389e-05
1.531971e-05
1.583161e-05
1.514292e-05
1.536954e-05
1.517781e-05
1.540117e-05
1.721347e-05
1.872786e-05
1.744807e-05
1.87518e-05
2.038752e-05
2.287604e-05
2.087232e-05
2.046514e-05
1.961593e-05
2.040635e-05
1.934772e-05
2.160145e-05
2.229787e-05
2.088077e-05
2.357879e-05
2.645514e-05
2.665238e-05
2.733045e-05
2.411638e-05
2.319085e-05
2.550053e-05
2.77126e-05
2.562032e-05
2.41056e-05
2.421841e-05
2.369933e-05
2.247332e-05
2.112864e-05
1.947363e-05
1.86357e-05
1.914861e-05
1.924643e-05
1.883973e-05
1.916734e-05
1.980282e-05
1.814506e-05
1.858507e-05
1.896019e-05
1.941793e-05
1.926692e-05
1.996501e-05
1.935179e-05
1.920897e-05
1.9379e-05
1.843561e-05
1.752635e-05
1.747731e-05
1.766466e-05
1.788633e-05
1.74112e-05
1.722095e-05
1.728613e-05
1.686474e-05
1.560407e-05
1.594434e-05
1.473766e-05
1.463143e-05
1.587661e-05
1.409002e-05
1.52841e-05
1.541538e-05
1.511407e-05
1.49008e-05
1.624613e-05
1.684212e-05
1.711832e-05
1.48674e-05
1.494402e-05
1.507607e-05
1.410354e-05
1.450155e-05
1.433034e-05
1.421947e-05
1.474702e-05
1.326501e-05
1.415409e-05
1.317998e-05
1.334346e-05
1.290122e-05
1.319049e-05
1.238401e-05
1.197752e-05
1.282512e-05
1.328923e-05
1.311756e-05
1.241331e-05
1.091627e-05
1.026139e-05
9.832334e-06
1.026656e-05
1.042911e-05
1.074923e-05
1.008061e-05
9.97452e-06
9.946436e-06
9.658188e-06
9.781954e-06
9.908191e-06
9.137642e-06
9.186925e-06
8.735105e-06
8.370529e-06
9.032589e-06
9.262629e-06
8.988469e-06
9.544346e-06
9.762192e-06
9.330378e-06
9.144957e-06
9.144893e-06
9.871697e-06
1.01414e-05
9.559885e-06
1.090538e-05
1.162491e-05
1.083248e-05
1.194941e-05
1.229111e-05
1.359696e-05
1.415174e-05
1.535312e-05
1.4528e-05
1.484372e-05
1.426672e-05
1.531714e-05
1.49994e-05
1.472138e-05
1.422962e-05
1.448644e-05
1.533455e-05
1.60309e-05
1.621112e-05
1.720417e-05
1.93036e-05
1.990657e-05
1.896421e-05
1.976907e-05
2.051248e-05
2.025257e-05
1.905518e-05
2.138975e-05
2.152414e-05
2.009122e-05
2.009533e-05
2.008341e-05
2.041111e-05
1.872058e-05
1.83506e-05
1.750389e-05
1.634774e-05
1.648378e-05
1.665042e-05
1.516134e-05
1.613114e-05
1.601317e-05
1.61115e-05
1.593196e-05
1.622755e-05
1.666854e-05
1.831611e-05
1.780335e-05
1.764232e-05
1.649917e-05
1.54675e-05
1.602496e-05
1.716332e-05
1.833855e-05
1.72758e-05
1.751251e-05
1.73907e-05
1.76425e-05
1.783063e-05
1.738349e-05
1.812756e-05
1.509525e-05
1.686164e-05
1.523078e-05
1.650619e-05
1.608129e-05
1.433481e-05
1.376116e-05
1.382434e-05
1.307766e-05
1.324625e-05
1.324879e-05
1.589797e-05
1.711618e-05
1.552287e-05
1.632893e-05
1.646244e-05
1.857698e-05
1.953275e-05
2.002624e-05
2.080809e-05
2.06108e-05
1.770258e-05
1.824656e-05
1.826641e-05
1.92622e-05
2.145165e-05
2.27279e-05
2.117261e-05
2.096872e-05
1.97894e-05
1.884499e-05
1.805803e-05
1.660869e-05
1.622827e-05
1.639337e-05
1.715123e-05
1.779254e-05
1.789477e-05
1.678465e-05
1.845146e-05
1.898562e-05
2.0935e-05
1.828773e-05
1.798084e-05
1.777137e-05
1.674531e-05
1.802841e-05
1.973846e-05
1.787433e-05
1.834752e-05
1.922576e-05
1.839723e-05
1.784517e-05
1.705759e-05
1.774557e-05
1.960116e-05
1.686636e-05
1.594754e-05
1.461431e-05
1.436876e-05
1.47344e-05
1.422393e-05
1.458201e-05
1.711788e-05
1.624347e-05
1.634013e-05
1.589371e-05
1.547942e-05
1.786999e-05
1.853668e-05
1.712924e-05
1.556307e-05
1.612896e-05
1.517956e-05
1.453173e-05
1.520188e-05
1.473824e-05
1.482038e-05
1.295106e-05
1.379797e-05
1.338089e-05
1.343413e-05
1.280974e-05
1.319627e-05
1.370459e-05
1.405924e-05
1.284054e-05
1.31691e-05
1.498768e-05
1.574203e-05
1.45407e-05
1.488827e-05
1.362605e-05
1.374985e-05
1.39273e-05
1.303437e-05
1.28608e-05
1.232525e-05
1.207739e-05
1.260522e-05
1.297929e-05
1.352817e-05
1.366882e-05
1.503059e-05
1.494256e-05
1.491704e-05
1.507492e-05
1.589294e-05
1.550648e-05
1.554978e-05
1.640596e-05
1.5673e-05
1.589638e-05
1.619382e-05
1.696758e-05
1.669343e-05
1.764174e-05
1.759452e-05
1.683911e-05
1.543874e-05
1.545756e-05
1.596481e-05
1.826329e-05
1.814997e-05
1.844942e-05
2.007428e-05
1.947722e-05
2.086818e-05
2.278314e-05
2.285218e-05
2.095537e-05
2.095061e-05
1.97364e-05
1.994435e-05
2.087412e-05
1.762968e-05
1.745091e-05
1.675031e-05
1.638283e-05
1.642913e-05
1.523524e-05
1.283917e-05
1.193276e-05
1.249791e-05
1.08608e-05
1.148962e-05
1.15894e-05
1.091557e-05
1.173215e-05
1.30024e-05
1.212288e-05
1.23358e-05
1.201698e-05
1.167456e-05
1.152627e-05
1.238469e-05
1.284392e-05
1.17792e-05
1.24464e-05
1.165554e-05
1.243965e-05
1.237404e-05
1.463878e-05
1.582574e-05
1.583604e-05
1.629677e-05
1.563395e-05
1.481628e-05
1.60222e-05
1.564207e-05
1.572972e-05
1.445794e-05
1.475188e-05
1.46496e-05
1.487298e-05
1.507736e-05
1.560572e-05
1.447665e-05
1.275501e-05
1.308414e-05
1.374584e-05
1.399647e-05
1.394e-05
1.470085e-05
1.542795e-05
1.511455e-05
1.641368e-05
1.70712e-05
1.528067e-05
1.598882e-05
1.640822e-05
1.96538e-05
1.952907e-05
1.890142e-05
1.786376e-05
1.921001e-05
2.070951e-05
2.214966e-05
2.314587e-05
2.315216e-05
2.197801e-05
2.042481e-05
2.114973e-05
2.065672e-05
1.927566e-05
2.200981e-05
2.104774e-05
1.990522e-05
2.017088e-05
2.039338e-05
2.018319e-05
2.096881e-05
2.160044e-05
2.264869e-05
2.231417e-05
2.406036e-05
2.374728e-05
2.309123e-05
2.261341e-05
2.288874e-05
2.161022e-05
2.149835e-05
2.0415e-05
2.052565e-05
1.987041e-05
2.18938e-05
2.37856e-05
2.661981e-05
2.825304e-05
3.099407e-05
3.443709e-05
3.415359e-05
3.623243e-05
3.539846e-05
3.30868e-05
3.29245e-05
3.521048e-05
3.569444e-05
3.639894e-05
3.260388e-05
3.172034e-05
3.036958e-05
3.280873e-05
2.950718e-05
2.980518e-05
2.850759e-05
2.95052e-05
3.076967e-05
3.167673e-05
3.069887e-05
3.333756e-05
3.282792e-05
3.477007e-05
3.255047e-05
3.389332e-05
3.199824e-05
3.461003e-05
3.334456e-05
3.169579e-05
3.224298e-05
3.33722e-05
3.124236e-05
2.786866e-05
2.666917e-05
2.611885e-05
2.538484e-05
2.461052e-05
2.607852e-05
2.694687e-05
2.603393e-05
3.006175e-05
2.767104e-05
2.718484e-05
2.639801e-05
2.543549e-05
2.293043e-05
2.218878e-05
2.215037e-05
1.956276e-05
1.842153e-05
1.922106e-05
1.916419e-05
2.187465e-05
2.568026e-05
2.646294e-05
2.810217e-05
3.023618e-05
3.089994e-05
3.136197e-05
3.41518e-05
3.463058e-05
3.37623e-05
3.497294e-05
3.691538e-05
3.964793e-05
3.946759e-05
3.612203e-05
3.987136e-05
4.336133e-05
4.24962e-05
4.159718e-05
4.493119e-05
4.324139e-05
4.441938e-05
3.945543e-05
4.174288e-05
4.572855e-05
4.314524e-05
4.542889e-05
4.042499e-05
4.435436e-05
4.125348e-05
4.159964e-05
4.066453e-05
4.372839e-05
4.86407e-05
4.899038e-05
4.627414e-05
4.777766e-05
4.745858e-05
4.435991e-05
4.956358e-05
4.816543e-05
4.555428e-05
4.623696e-05
4.374776e-05
4.436547e-05
4.439342e-05
4.272323e-05
4.436445e-05
4.120323e-05
4.281465e-05
4.111182e-05
3.878556e-05
3.972354e-05
3.436386e-05
3.307978e-05
3.413897e-05
3.245358e-05
3.487161e-05
3.28222e-05
3.303884e-05
3.051845e-05
2.937109e-05
2.98684e-05
2.852512e-05
2.68211e-05
2.696928e-05
2.698553e-05
2.870627e-05
2.710598e-05
2.78721e-05
2.663012e-05
2.407437e-05
2.583622e-05
2.501408e-05
2.41731e-05
2.307949e-05
2.019722e-05
1.858832e-05
1.963626e-05
2.020498e-05
1.972962e-05
2.082387e-05
2.183045e-05
2.062244e-05
2.194229e-05
2.232856e-05
2.288118e-05
2.5747e-05
2.660993e-05
2.672437e-05
2.366904e-05
2.161253e-05
2.231697e-05
2.221495e-05
2.211795e-05
2.234869e-05
2.012007e-05
1.87632e-05
2.001018e-05
1.880339e-05
1.911861e-05
1.970399e-05
1.921551e-05
2.01705e-05
1.8656e-05
1.891076e-05
1.975379e-05
1.87445e-05
1.844618e-05
1.784058e-05
1.856273e-05
1.9616e-05
2.120691e-05
2.075039e-05
2.028933e-05
2.212615e-05
2.275434e-05
2.306261e-05
2.431452e-05
2.52222e-05
2.443772e-05
2.389492e-05
2.438605e-05
2.523848e-05
2.483554e-05
2.738509e-05
2.888718e-05
2.810928e-05
2.824239e-05
2.832471e-05
2.553797e-05
2.520972e-05
2.498788e-05
2.354214e-05
2.19142e-05
2.127964e-05
1.830477e-05
1.937714e-05
2.058808e-05
1.943217e-05
1.886793e-05
1.981534e-05
2.075538e-05
2.332427e-05
2.356679e-05
2.438821e-05
2.276154e-05
2.123425e-05
2.07973e-05
2.450681e-05
2.328855e-05
2.331373e-05
2.406259e-05
2.300729e-05
2.128349e-05
2.270439e-05
2.308834e-05
2.37409e-05
2.46614e-05
2.429707e-05
2.701698e-05
2.558585e-05
2.414766e-05
2.566819e-05
2.857853e-05
2.890584e-05
2.73768e-05
3.149095e-05
3.171489e-05
3.132846e-05
3.045168e-05
2.824824e-05
2.814884e-05
2.683344e-05
2.449636e-05
2.725204e-05
2.771248e-05
3.062072e-05
3.037062e-05
2.935469e-05
2.687751e-05
2.565657e-05
2.337437e-05
2.339699e-05
2.063419e-05
1.863251e-05
1.830932e-05
1.700937e-05
1.578611e-05
1.587968e-05
1.659096e-05
1.47328e-05
1.632915e-05
1.567305e-05
1.536418e-05
1.6036e-05
1.539431e-05
1.473408e-05
1.61467e-05
1.531551e-05
1.484579e-05
1.518996e-05
1.548435e-05
1.637787e-05
1.553916e-05
1.542215e-05
1.429372e-05
1.389956e-05
1.337521e-05
1.364858e-05
1.376483e-05
1.29748e-05
1.319039e-05
1.306448e-05
1.362131e-05
1.508629e-05
1.399741e-05
1.575669e-05
1.60604e-05
1.752721e-05
1.805624e-05
1.735916e-05
1.704618e-05
1.761696e-05
1.754137e-05
1.704238e-05
1.742526e-05
1.754589e-05
2.00487e-05
1.981528e-05
2.004658e-05
1.917738e-05
2.144408e-05
2.049647e-05
2.202013e-05
1.918751e-05
1.77882e-05
1.607616e-05
1.671654e-05
1.497519e-05
1.434708e-05
1.479642e-05
1.296817e-05
1.313049e-05
1.255104e-05
1.288514e-05
1.199916e-05
1.207111e-05
1.133497e-05
1.215096e-05
1.173748e-05
1.179553e-05
1.128217e-05
1.127788e-05
1.068425e-05
1.033407e-05
1.050644e-05
1.070484e-05
1.116128e-05
1.127797e-05
1.137729e-05
1.135038e-05
1.157582e-05
1.168719e-05
1.152183e-05
1.134856e-05
1.117743e-05
1.059304e-05
1.10573e-05
1.135748e-05
1.083252e-05
1.060345e-05
1.056323e-05
1.152806e-05
1.056961e-05
1.130121e-05
1.098392e-05
1.09241e-05
1.037919e-05
1.107954e-05
1.088388e-05
1.203224e-05
1.260684e-05
1.28472e-05
1.320143e-05
1.296888e-05
1.390339e-05
1.334026e-05
1.309371e-05
1.457733e-05
1.393985e-05
1.520786e-05
1.508441e-05
1.522477e-05
1.519783e-05
1.434607e-05
1.630012e-05
1.740831e-05
1.763039e-05
1.495938e-05
1.49478e-05
1.559751e-05
1.703526e-05
1.561015e-05
1.508896e-05
1.406701e-05
1.371693e-05
1.438933e-05
1.398424e-05
1.367983e-05
1.3723e-05
1.332974e-05
1.36793e-05
1.328773e-05
1.525598e-05
1.457147e-05
1.282191e-05
1.372268e-05
1.367734e-05
1.504007e-05
1.464662e-05
1.576031e-05
1.556681e-05
1.526844e-05
1.45753e-05
1.447764e-05
1.434589e-05
1.323495e-05
1.343674e-05
1.373756e-05
1.396009e-05
1.493504e-05
1.492156e-05
1.361958e-05
1.328857e-05
1.525773e-05
1.589156e-05
1.68057e-05
1.638702e-05
1.788325e-05
1.951516e-05
2.033286e-05
1.9488e-05
1.859958e-05
1.860171e-05
1.660896e-05
1.809669e-05
1.691113e-05
1.621918e-05
1.711215e-05
1.582159e-05
1.509315e-05
1.393474e-05
1.381537e-05
1.517261e-05
1.591903e-05
1.698348e-05
1.77e-05
1.725811e-05
1.80431e-05
1.835884e-05
1.678323e-05
1.788165e-05
1.723075e-05
1.658481e-05
1.698402e-05
1.818967e-05
1.900286e-05
1.793341e-05
1.772894e-05
1.956984e-05
2.132078e-05
2.176698e-05
2.108095e-05
2.266492e-05
2.342505e-05
2.207595e-05
2.245448e-05
2.267327e-05
2.220947e-05
2.277081e-05
2.309839e-05
1.982756e-05
1.999928e-05
1.846472e-05
1.820567e-05
1.708646e-05
1.742837e-05
1.722387e-05
1.657756e-05
1.611806e-05
1.71353e-05
1.743739e-05
1.759845e-05
1.773588e-05
2.025815e-05
1.975393e-05
2.182354e-05
2.069769e-05
1.963928e-05
1.894256e-05
1.637768e-05
1.716908e-05
1.651218e-05
1.729284e-05
1.656162e-05
1.763731e-05
1.701653e-05
1.884114e-05
1.813277e-05
1.975419e-05
2.05678e-05
2.004279e-05
2.122742e-05
2.201761e-05
2.011966e-05
1.92742e-05
2.078858e-05
1.96305e-05
1.841588e-05
1.839679e-05
1.832502e-05
2.011949e-05
2.075813e-05
2.048844e-05
1.994149e-05
1.949178e-05
2.063559e-05
2.081638e-05
2.377546e-05
2.172028e-05
2.257798e-05
2.223595e-05
2.20839e-05
2.196112e-05
2.341858e-05
2.509456e-05
2.614537e-05
2.217505e-05
2.328203e-05
2.135541e-05
2.121531e-05
2.154728e-05
2.179975e-05
2.376892e-05
2.381714e-05
2.559844e-05
2.787166e-05
2.714914e-05
2.81383e-05
2.783489e-05
2.776323e-05
2.554635e-05
2.658805e-05
2.562514e-05
2.661904e-05
2.863561e-05
3.059872e-05
3.227048e-05
3.02191e-05
3.412893e-05
3.739e-05
3.721879e-05
3.510056e-05
3.575172e-05
3.607839e-05
3.29381e-05
3.208148e-05
3.115109e-05
2.922543e-05
3.089665e-05
3.058144e-05
2.825311e-05
2.718409e-05
2.812682e-05
2.669446e-05
2.50945e-05
2.723164e-05
2.746445e-05
2.643342e-05
2.819799e-05
2.65914e-05
2.501641e-05
2.340305e-05
2.32815e-05
2.525144e-05
2.418835e-05
2.488909e-05
2.603343e-05
2.647131e-05
2.483069e-05
2.59564e-05
2.632093e-05
2.934969e-05
2.870785e-05
2.838042e-05
2.929496e-05
2.905219e-05
2.912186e-05
2.807945e-05
2.643817e-05
2.768225e-05
2.956065e-05
3.189578e-05
3.158003e-05
2.669433e-05
2.536838e-05
2.776024e-05
2.651118e-05
2.757488e-05
2.657613e-05
2.734025e-05
2.865513e-05
2.69401e-05
2.766231e-05
2.687029e-05
2.782961e-05
2.932854e-05
2.635711e-05
2.417378e-05
2.228447e-05
2.205648e-05
2.287583e-05
2.277593e-05
2.118579e-05
1.992041e-05
2.001104e-05
2.03497e-05
2.179312e-05
2.33913e-05
2.018998e-05
2.055293e-05
2.073234e-05
2.1358e-05
2.159099e-05
2.135224e-05
1.935397e-05
1.878017e-05
1.914098e-05
1.806576e-05
1.907298e-05
1.974127e-05
2.060263e-05
1.994888e-05
1.924297e-05
1.82774e-05
1.937156e-05
1.940181e-05
1.889548e-05
1.889057e-05
1.942146e-05
1.98014e-05
2.168204e-05
2.146481e-05
2.086936e-05
2.14706e-05
2.306976e-05
2.21178e-05
2.356619e-05
2.290808e-05
2.333301e-05
2.259113e-05
2.302151e-05
2.151599e-05
2.280171e-05
2.294329e-05
2.298762e-05
2.432097e-05
2.38002e-05
2.442617e-05
2.46589e-05
2.574912e-05
2.635686e-05
2.855784e-05
2.827125e-05
2.862672e-05
2.883007e-05
2.78302e-05
2.471373e-05
2.583974e-05
2.696794e-05
2.866228e-05
3.08257e-05
3.073934e-05
2.91682e-05
2.843713e-05
2.689581e-05
2.813204e-05
2.846528e-05
2.949177e-05
2.814467e-05
2.892659e-05
2.879935e-05
2.748e-05
2.711734e-05
2.717522e-05
2.745058e-05
2.768798e-05
2.803697e-05
2.939869e-05
2.815335e-05
2.859122e-05
3.125476e-05
3.605389e-05
3.722124e-05
3.877645e-05
3.485169e-05
3.520449e-05
3.403458e-05
3.082014e-05
2.999821e-05
3.270944e-05
3.590672e-05
3.453942e-05
3.604829e-05
3.695045e-05
3.490767e-05
3.78823e-05
3.631915e-05
3.602824e-05
3.363441e-05
3.302847e-05
2.991707e-05
2.965765e-05
3.054237e-05
3.009526e-05
2.922306e-05
2.984475e-05
2.85993e-05
2.676077e-05
2.741383e-05
2.645854e-05
2.547819e-05
2.290271e-05
2.283859e-05
2.487102e-05
2.791167e-05
2.827554e-05
2.982243e-05
3.035663e-05
2.995613e-05
3.201005e-05
3.218243e-05
3.195867e-05
3.166783e-05
3.153158e-05
3.118569e-05
2.899949e-05
2.969239e-05
3.017809e-05
3.003984e-05
3.365833e-05
3.240366e-05
3.144449e-05
2.939774e-05
2.659103e-05
2.527361e-05
2.610443e-05
2.684237e-05
2.936608e-05
2.999989e-05
2.682097e-05
2.461599e-05
2.269778e-05
2.038455e-05
1.97617e-05
1.823659e-05
1.742445e-05
1.864592e-05
1.902935e-05
1.82518e-05
1.935277e-05
1.912475e-05
1.904077e-05
1.980702e-05
1.850072e-05
1.899792e-05
1.739403e-05
1.680651e-05
1.646141e-05
1.61401e-05
1.567559e-05
1.472834e-05
1.435095e-05
1.491631e-05
1.467508e-05
1.597559e-05
1.576417e-05
1.635975e-05
1.650012e-05
1.709419e-05
1.709544e-05
1.825863e-05
1.893137e-05
1.860201e-05
2.010639e-05
2.078281e-05
2.251874e-05
2.106641e-05
1.955608e-05
2.016295e-05
1.94848e-05
1.971363e-05
2.030562e-05
2.127085e-05
2.049872e-05
1.943238e-05
1.847208e-05
1.98932e-05
1.968755e-05
1.930231e-05
1.970673e-05
1.948919e-05
2.032648e-05
2.145055e-05
2.076625e-05
2.090682e-05
2.103518e-05
2.035283e-05
1.817474e-05
1.78909e-05
1.886294e-05
2.010358e-05
1.940732e-05
1.991374e-05
1.964982e-05
1.986057e-05
1.82084e-05
1.865496e-05
1.775404e-05
1.831721e-05
1.896267e-05
2.001631e-05
1.985139e-05
1.945395e-05
1.72615e-05
1.64383e-05
1.68073e-05
1.753939e-05
1.628627e-05
1.417356e-05
1.450901e-05
1.530998e-05
1.540304e-05
1.658573e-05
1.711856e-05
1.705088e-05
1.749267e-05
2.000875e-05
1.949959e-05
1.95826e-05
2.033457e-05
2.093615e-05
2.025178e-05
2.049396e-05
2.192903e-05
2.106695e-05
2.142209e-05
1.948679e-05
1.894126e-05
2.047036e-05
2.034507e-05
2.098613e-05
2.220447e-05
1.930947e-05
2.111e-05
2.109808e-05
2.11482e-05
1.957078e-05
2.096737e-05
2.198829e-05
2.261637e-05
2.421097e-05
2.370331e-05
2.54624e-05
2.362117e-05
2.491533e-05
2.162657e-05
2.119601e-05
2.179572e-05
2.156331e-05
2.416932e-05
2.496555e-05
2.824989e-05
2.879712e-05
3.010291e-05
2.714748e-05
2.784321e-05
2.789083e-05
2.568494e-05
2.519653e-05
2.522063e-05
2.422178e-05
2.410546e-05
2.350834e-05
2.658618e-05
2.546703e-05
2.50445e-05
2.651492e-05
2.504886e-05
2.56787e-05
2.52497e-05
2.487985e-05
2.506931e-05
2.559312e-05
2.590348e-05
2.562342e-05
2.566317e-05
2.648704e-05
2.640567e-05
2.420086e-05
2.212165e-05
2.315452e-05
2.162574e-05
1.992163e-05
2.060076e-05
2.080056e-05
1.960084e-05
2.051132e-05
2.236814e-05
2.144448e-05
2.123202e-05
2.192499e-05
2.113716e-05
2.173854e-05
2.225533e-05
2.385147e-05
2.430397e-05
2.419721e-05
2.360172e-05
2.321105e-05
2.236631e-05
2.000756e-05
2.056848e-05
2.167166e-05
2.085884e-05
2.099618e-05
1.942615e-05
1.951189e-05
1.938107e-05
1.830825e-05
1.751735e-05
1.802636e-05
1.786075e-05
1.745699e-05
1.653773e-05
1.654474e-05
1.694358e-05
1.762727e-05
1.601354e-05
1.638624e-05
1.537899e-05
1.421898e-05
1.363991e-05
1.531147e-05
1.482643e-05
1.550754e-05
1.438887e-05
1.555528e-05
1.760791e-05
1.788887e-05
1.940954e-05
1.887035e-05
1.903227e-05
1.87746e-05
1.846679e-05
2.029812e-05
2.0245e-05
1.886211e-05
1.849547e-05
1.794288e-05
1.66242e-05
1.845165e-05
1.929354e-05
1.938683e-05
2.074561e-05
2.041853e-05
2.268754e-05
1.963137e-05
2.053355e-05
1.855201e-05
1.787718e-05
1.811474e-05
1.830559e-05
1.846771e-05
1.791115e-05
1.764779e-05
1.918102e-05
1.922405e-05
2.012535e-05
1.842353e-05
1.793907e-05
1.772393e-05
1.757276e-05
1.845061e-05
1.871751e-05
1.901472e-05
1.870063e-05
1.923624e-05
1.984603e-05
1.9191e-05
1.759436e-05
1.636394e-05
1.708266e-05
1.74341e-05
1.865744e-05
1.809356e-05
1.862845e-05
1.803098e-05
1.87056e-05
1.82937e-05
1.683911e-05
1.697107e-05
1.619742e-05
1.687175e-05
1.679119e-05
1.656776e-05
1.721226e-05
1.586938e-05
1.482181e-05
1.436935e-05
1.535222e-05
1.718662e-05
1.801829e-05
1.824525e-05
1.976762e-05
1.809757e-05
1.873914e-05
1.675779e-05
1.759477e-05
1.673544e-05
1.578669e-05
1.703081e-05
1.69368e-05
1.607228e-05
1.73892e-05
1.920466e-05
2.036807e-05
2.058249e-05
2.191636e-05
2.230934e-05
2.089405e-05
2.261023e-05
2.023185e-05
2.060847e-05
2.067703e-05
2.114142e-05
2.045856e-05
2.117846e-05
2.162844e-05
2.270872e-05
2.537779e-05
2.50747e-05
2.400814e-05
2.473313e-05
2.448221e-05
2.290406e-05
2.179535e-05
2.189206e-05
2.223972e-05
2.256957e-05
2.11655e-05
2.279392e-05
2.140987e-05
2.057957e-05
2.118346e-05
1.956195e-05
1.910353e-05
1.731724e-05
1.599434e-05
1.498077e-05
1.500909e-05
1.474676e-05
1.48456e-05
1.566823e-05
1.495053e-05
1.499164e-05
1.478034e-05
1.617516e-05
1.663741e-05
1.656515e-05
1.637432e-05
1.713714e-05
1.594366e-05
1.555168e-05
1.590519e-05
1.54023e-05
1.531367e-05
1.43844e-05
1.390467e-05
1.380714e-05
1.278656e-05
1.310501e-05
1.29917e-05
1.363011e-05
1.32102e-05
1.244281e-05
1.127528e-05
1.1894e-05
1.193429e-05
1.177374e-05
1.193366e-05
1.329805e-05
1.38059e-05
1.257754e-05
1.365074e-05
1.305324e-05
1.379494e-05
1.530191e-05
1.666897e-05
1.723992e-05
1.757216e-05
1.757214e-05
1.616184e-05
1.576344e-05
1.465524e-05
1.454205e-05
1.449946e-05
1.469543e-05
1.301414e-05
1.523407e-05
1.445059e-05
1.45823e-05
1.416686e-05
1.411907e-05
1.372783e-05
1.407217e-05
1.423193e-05
1.443255e-05
1.57975e-05
1.611822e-05
1.628627e-05
1.655613e-05
1.509213e-05
1.594949e-05
1.621874e-05
1.698972e-05
1.715504e-05
1.577987e-05
1.737333e-05
1.843028e-05
1.690154e-05
1.725142e-05
1.847166e-05
1.818329e-05
1.942925e-05
2.083491e-05
2.231244e-05
2.433025e-05
2.401918e-05
2.461011e-05
2.275507e-05
2.16967e-05
2.000036e-05
2.115217e-05
1.931479e-05
2.040446e-05
2.099103e-05
2.166854e-05
2.2563e-05
2.205548e-05
2.149431e-05
2.049472e-05
1.973598e-05
1.961496e-05
1.84984e-05
1.889189e-05
1.742623e-05
1.749135e-05
1.779845e-05
1.751358e-05
1.90291e-05
1.858934e-05
1.84612e-05
1.693251e-05
1.648655e-05
1.629487e-05
1.694656e-05
1.686885e-05
1.613641e-05
1.524185e-05
1.651477e-05
1.638364e-05
1.668853e-05
1.79584e-05
1.727632e-05
1.810223e-05
1.874592e-05
2.11661e-05
1.99636e-05
2.100816e-05
2.158221e-05
1.976737e-05
1.993416e-05
2.049451e-05
2.240767e-05
2.369846e-05
2.228714e-05
2.298771e-05
2.557063e-05
2.343765e-05
2.246975e-05
2.1744e-05
2.400105e-05
2.329729e-05
2.106339e-05
2.245692e-05
2.268022e-05
2.111669e-05
1.978416e-05
2.232216e-05
2.242399e-05
2.36195e-05
2.409088e-05
2.535004e-05
2.56503e-05
2.492692e-05
2.510225e-05
2.450365e-05
2.385711e-05
2.443611e-05
2.387559e-05
2.251214e-05
2.122709e-05
2.047167e-05
2.130246e-05
2.123715e-05
2.171727e-05
2.163709e-05
2.044588e-05
2.038408e-05
1.92419e-05
1.882296e-05
1.826073e-05
1.706861e-05
1.719806e-05
1.627715e-05
1.81442e-05
1.844513e-05
1.809336e-05
1.963241e-05
1.979041e-05
1.931417e-05
1.992773e-05
2.047427e-05
2.000823e-05
1.864314e-05
1.991603e-05
2.173603e-05
2.20334e-05
2.386432e-05
2.513639e-05
2.494945e-05
2.77869e-05
2.656711e-05
2.365164e-05
2.271316e-05
2.333164e-05
2.322314e-05
2.219953e-05
2.415204e-05
2.392813e-05
2.4e-05
2.46829e-05
2.610929e-05
2.486271e-05
2.374658e-05
2.361477e-05
2.346819e-05
2.351603e-05
2.395248e-05
2.328208e-05
2.154922e-05
2.16009e-05
2.325119e-05
2.286627e-05
2.261607e-05
2.246742e-05
2.183419e-05
2.085137e-05
2.130652e-05
2.169194e-05
2.004593e-05
1.769185e-05
2.083586e-05
2.126872e-05
2.209343e-05
1.997748e-05
1.783573e-05
1.72386e-05
1.559899e-05
1.591353e-05
1.743143e-05
1.919798e-05
1.963496e-05
1.838637e-05
1.745676e-05
1.706592e-05
1.835126e-05
1.897537e-05
1.927416e-05
2.038222e-05
2.050887e-05
2.147219e-05
1.992353e-05
1.913951e-05
1.826173e-05
1.759401e-05
1.840241e-05
1.959277e-05
2.077228e-05
2.190534e-05
2.167885e-05
2.255116e-05
2.401369e-05
2.441581e-05
2.386288e-05
2.402675e-05
2.445837e-05
2.611095e-05
2.275855e-05
2.229728e-05
2.256174e-05
2.30495e-05
2.289949e-05
2.270669e-05
2.436753e-05
2.547176e-05
2.566615e-05
2.595854e-05
2.512167e-05
2.508127e-05
2.425777e-05
2.567523e-05
2.821195e-05
2.688912e-05
2.606554e-05
2.692789e-05
2.543958e-05
2.411857e-05
2.535364e-05
2.645643e-05
2.639214e-05
2.553228e-05
2.50213e-05
2.36939e-05
2.268901e-05
2.118339e-05
1.906636e-05
1.937781e-05
1.843931e-05
1.90062e-05
1.949924e-05
2.079069e-05
1.971973e-05
2.280718e-05
2.309924e-05
2.143703e-05
2.164258e-05
2.137517e-05
2.05363e-05
1.990965e-05
1.91265e-05
1.84725e-05
1.775362e-05
1.7993e-05
1.668939e-05
1.661257e-05
1.777266e-05
1.71092e-05
1.624913e-05
1.626132e-05
1.536464e-05
1.651595e-05
1.604677e-05
1.759466e-05
1.670235e-05
1.596215e-05
1.644636e-05
1.542527e-05
1.415279e-05
1.50086e-05
1.462041e-05
1.401751e-05
1.341244e-05
1.364027e-05
1.394394e-05
1.566928e-05
1.555339e-05
1.534246e-05
1.592841e-05
1.636994e-05
1.679889e-05
1.829795e-05
1.833362e-05
2.012071e-05
1.933257e-05
1.944304e-05
1.810902e-05
1.821334e-05
1.637124e-05
1.446951e-05
1.496245e-05
1.480774e-05
1.514729e-05
1.711934e-05
1.854133e-05
1.832897e-05
1.919182e-05
1.985393e-05
1.990263e-05
1.937207e-05
2.028435e-05
2.125132e-05
2.220084e-05
2.272927e-05
2.251953e-05
2.279968e-05
2.182112e-05
1.914889e-05
1.871742e-05
1.847912e-05
1.745779e-05
1.650364e-05
1.547262e-05
1.654656e-05
1.606996e-05
1.508703e-05
1.474304e-05
1.601776e-05
1.718344e-05
1.700542e-05
1.547214e-05
1.683071e-05
1.658223e-05
1.656551e-05
1.617983e-05
1.498041e-05
1.377795e-05
1.282198e-05
1.290939e-05
1.362148e-05
1.298183e-05
1.273336e-05
1.206362e-05
1.404151e-05
1.436068e-05
1.488053e-05
1.459924e-05
1.600349e-05
1.533003e-05
1.644365e-05
1.567185e-05
1.576519e-05
1.686484e-05
1.744338e-05
1.731579e-05
1.778296e-05
1.750722e-05
1.900068e-05
1.788485e-05
1.824585e-05
1.650467e-05
1.510349e-05
1.473867e-05
1.5218e-05
1.514148e-05
1.442026e-05
1.469194e-05
1.505938e-05
1.614405e-05
1.556807e-05
1.52138e-05
1.601664e-05
1.498222e-05
1.50227e-05
1.472537e-05
1.474717e-05
1.50032e-05
1.505216e-05
1.635902e-05
1.849128e-05
1.737703e-05
1.780886e-05
1.694404e-05
1.58044e-05
1.704618e-05
1.626195e-05
1.624518e-05
1.750938e-05
1.931846e-05
2.105997e-05
2.256765e-05
2.147285e-05
2.097149e-05
2.245689e-05
2.124803e-05
2.278042e-05
2.359256e-05
2.480574e-05
2.346346e-05
2.226261e-05
2.276972e-05
2.323546e-05
2.494938e-05
2.427328e-05
2.315971e-05
2.333073e-05
2.311056e-05
2.392282e-05
2.477661e-05
2.60751e-05
2.674281e-05
2.417525e-05
2.289946e-05
2.142603e-05
2.01482e-05
1.941313e-05
1.966845e-05
1.992636e-05
1.907017e-05
1.967315e-05
2.164272e-05
2.104688e-05
2.126345e-05
2.043602e-05
2.052269e-05
2.079832e-05
2.199211e-05
2.176444e-05
1.974282e-05
1.750419e-05
1.651748e-05
1.714435e-05
1.712119e-05
1.767751e-05
1.968193e-05
2.190902e-05
2.141724e-05
2.079815e-05
2.094668e-05
2.109448e-05
2.098013e-05
2.231806e-05
2.458939e-05
2.383311e-05
2.290584e-05
2.3219e-05
2.32777e-05
2.177447e-05
2.123038e-05
2.090755e-05
2.155229e-05
2.184926e-05
2.30083e-05
2.231747e-05
2.308989e-05
2.397331e-05
2.213969e-05
2.190498e-05
2.070154e-05
2.086393e-05
1.975829e-05
1.976959e-05
1.965668e-05
1.962467e-05
1.968979e-05
1.937233e-05
1.904396e-05
1.751937e-05
1.849577e-05
1.795597e-05
1.824129e-05
1.904593e-05
1.823947e-05
1.734602e-05
1.689553e-05
1.836724e-05
1.833543e-05
1.848697e-05
1.726627e-05
1.64455e-05
1.736255e-05
1.689504e-05
1.679691e-05
1.647988e-05
1.722639e-05
1.6079e-05
1.622243e-05
1.666445e-05
1.685159e-05
1.780563e-05
1.779233e-05
1.98842e-05
2.045786e-05
2.02216e-05
2.069964e-05
1.921574e-05
2.258342e-05
2.173738e-05
2.259417e-05
2.343982e-05
2.375101e-05
2.350938e-05
2.630629e-05
2.698179e-05
2.700522e-05
2.687668e-05
2.532161e-05
2.795368e-05
2.763888e-05
2.799471e-05
2.813091e-05
2.86816e-05
2.744031e-05
2.462908e-05
2.467795e-05
2.457606e-05
2.259359e-05
2.138497e-05
2.211247e-05
2.215116e-05
2.160938e-05
2.215972e-05
2.401933e-05
2.396904e-05
2.425496e-05
2.321373e-05
2.396461e-05
2.502588e-05
2.528408e-05
2.433505e-05
2.267333e-05
2.184915e-05
2.385752e-05
2.328569e-05
2.34367e-05
2.249624e-05
2.309666e-05
2.345297e-05
2.107778e-05
2.12067e-05
1.981787e-05
1.889387e-05
2.017316e-05
2.035654e-05
2.002667e-05
1.950024e-05
2.077311e-05
2.109034e-05
2.143637e-05
2.075711e-05
2.150677e-05
2.200039e-05
2.208868e-05
2.184868e-05
1.994862e-05
1.969674e-05
2.039292e-05
2.006937e-05
1.898293e-05
2.111014e-05
2.173274e-05
2.117505e-05
1.96412e-05
1.824916e-05
1.67098e-05
1.600745e-05
1.564327e-05
1.540713e-05
1.521239e-05
1.62555e-05
1.567961e-05
1.514599e-05
1.530484e-05
1.542665e-05
1.657246e-05
1.567766e-05
1.48387e-05
1.583044e-05
1.817428e-05
1.932336e-05
1.967213e-05
1.904679e-05
1.899764e-05
1.80929e-05
1.756067e-05
1.797065e-05
1.964111e-05
2.083143e-05
1.993566e-05
2.023651e-05
2.052147e-05
2.081089e-05
2.103383e-05
2.115493e-05
2.167404e-05
2.400015e-05
2.537311e-05
2.531213e-05
2.709706e-05
2.635904e-05
2.80682e-05
2.665213e-05
2.949408e-05
2.919369e-05
2.985022e-05
3.210837e-05
3.262952e-05
2.939698e-05
2.899152e-05
2.976437e-05
2.917911e-05
3.059685e-05
3.108553e-05
3.089104e-05
3.240886e-05
2.879066e-05
2.779544e-05
2.616161e-05
2.675372e-05
2.50355e-05
2.468816e-05
2.30199e-05
2.392403e-05
2.52141e-05
2.522849e-05
2.418531e-05
2.404171e-05
2.495651e-05
2.757432e-05
2.581502e-05
2.72177e-05
2.670837e-05
2.573656e-05
2.693331e-05
2.735523e-05
2.510412e-05
2.897575e-05
3.044225e-05
2.699915e-05
2.779893e-05
2.651491e-05
2.451849e-05
2.325989e-05
2.392885e-05
2.451652e-05
2.40695e-05
2.428331e-05
2.316913e-05
2.262236e-05
2.150731e-05
2.318723e-05
2.174552e-05
2.187115e-05
2.156824e-05
2.193459e-05
2.228885e-05
2.373646e-05
2.451411e-05
2.311368e-05
2.416728e-05
2.265733e-05
2.222953e-05
2.247678e-05
2.174265e-05
2.223671e-05
2.118461e-05
2.076917e-05
1.965948e-05
2.105406e-05
2.122058e-05
2.096048e-05
2.00427e-05
2.145824e-05
2.00477e-05
1.775606e-05
1.761853e-05
1.632154e-05
1.513585e-05
1.619534e-05
1.491038e-05
1.71593e-05
1.796427e-05
1.897572e-05
1.854215e-05
1.812662e-05
1.782167e-05
1.912517e-05
2.064509e-05
2.048141e-05
2.179363e-05
2.225934e-05
2.304423e-05
2.412751e-05
2.269635e-05
2.130536e-05
1.939122e-05
1.881481e-05
1.906523e-05
1.870101e-05
1.938863e-05
1.982121e-05
2.042862e-05
2.015845e-05
2.05947e-05
1.97816e-05
2.010151e-05
1.808627e-05
1.759339e-05
1.721249e-05
1.718466e-05
1.555583e-05
1.715186e-05
1.649892e-05
1.680284e-05
1.661909e-05
1.84849e-05
1.867597e-05
1.90133e-05
1.751359e-05
1.627687e-05
1.709108e-05
1.818141e-05
2.052573e-05
1.997966e-05
1.946944e-05
1.996586e-05
1.984077e-05
1.999837e-05
1.858568e-05
1.793123e-05
1.913363e-05
1.681671e-05
1.794336e-05
1.803787e-05
1.80608e-05
1.778118e-05
1.714034e-05
1.837372e-05
1.546919e-05
1.606885e-05
1.699519e-05
1.684597e-05
1.701723e-05
1.626192e-05
1.493452e-05
1.51041e-05
1.621926e-05
1.619183e-05
1.61218e-05
1.704647e-05
1.770562e-05
1.791351e-05
1.796955e-05
1.855823e-05
1.907688e-05
1.916486e-05
2.063785e-05
2.080042e-05
2.190085e-05
2.121831e-05
2.031446e-05
1.861027e-05
1.630033e-05
1.677607e-05
1.629719e-05
1.83193e-05
1.889816e-05
1.819029e-05
2.036277e-05
2.028017e-05
1.924684e-05
2.031465e-05
2.097216e-05
2.146245e-05
2.046797e-05
2.186556e-05
2.12609e-05
2.03833e-05
2.262128e-05
2.347117e-05
2.518886e-05
2.508291e-05
2.425785e-05
2.403724e-05
2.467443e-05
2.578231e-05
2.468457e-05
2.431131e-05
2.494088e-05
2.119741e-05
2.019861e-05
1.948494e-05
1.833468e-05
1.964512e-05
2.061912e-05
2.215469e-05
2.241706e-05
2.412086e-05
2.265762e-05
2.071124e-05
2.059518e-05
2.124941e-05
2.133662e-05
2.173731e-05
2.109113e-05
2.030126e-05
2.029251e-05
1.928508e-05
2.135265e-05
2.170318e-05
2.068972e-05
2.215786e-05
2.095049e-05
2.167214e-05
2.024987e-05
2.116352e-05
1.894194e-05
2.202213e-05
2.155694e-05
2.217105e-05
2.29314e-05
2.149024e-05
2.315959e-05
2.293913e-05
2.419136e-05
2.599056e-05
2.769347e-05
2.954087e-05
2.705934e-05
3.029111e-05
3.048635e-05
2.826693e-05
2.853219e-05
2.796019e-05
2.742701e-05
2.76663e-05
2.581783e-05
2.54628e-05
2.411215e-05
2.170666e-05
2.073424e-05
2.033879e-05
2.104845e-05
2.21225e-05
2.241799e-05
2.176242e-05
2.367154e-05
2.239953e-05
2.090026e-05
1.925265e-05
1.659384e-05
1.756776e-05
1.726004e-05
1.584418e-05
1.528897e-05
1.423625e-05
1.454692e-05
1.586404e-05
1.472046e-05
1.517808e-05
1.459519e-05
1.430124e-05
1.375202e-05
1.335893e-05
1.351468e-05
1.569255e-05
1.51222e-05
1.45983e-05
1.395073e-05
1.431042e-05
1.327779e-05
1.411863e-05
1.393323e-05
1.478135e-05
1.53728e-05
1.543441e-05
1.513931e-05
1.488013e-05
1.452576e-05
1.475635e-05
1.523907e-05
1.429069e-05
1.348501e-05
1.331645e-05
1.405564e-05
1.466163e-05
1.555917e-05
1.559866e-05
1.358088e-05
1.422096e-05
1.434517e-05
1.318352e-05
1.395983e-05
1.112084e-05
1.167722e-05
1.158143e-05
1.15211e-05
1.144507e-05
1.24098e-05
1.176898e-05
1.26535e-05
1.349455e-05
1.423564e-05
1.459996e-05
1.508533e-05
1.484537e-05
1.549467e-05
1.506093e-05
1.473942e-05
1.506562e-05
1.52276e-05
1.649922e-05
1.685502e-05
1.688771e-05
1.696929e-05
1.704277e-05
1.836448e-05
1.866612e-05
1.793899e-05
1.735811e-05
1.890924e-05
1.804144e-05
1.711839e-05
1.849293e-05
1.758611e-05
1.844487e-05
1.854949e-05
1.898099e-05
1.850391e-05
1.757613e-05
1.781838e-05
2.01985e-05
2.119905e-05
2.272183e-05
2.386617e-05
2.401155e-05
2.501172e-05
2.573061e-05
3.043236e-05
2.714038e-05
2.695108e-05
2.673111e-05
2.720409e-05
2.665709e-05
2.894807e-05
3.092745e-05
2.752049e-05
2.85021e-05
2.816878e-05
2.918206e-05
2.656551e-05
2.841749e-05
3.278788e-05
3.323188e-05
2.948204e-05
2.873407e-05
3.177267e-05
2.839298e-05
2.688284e-05
2.828296e-05
2.891422e-05
3.148998e-05
