1.738174
1.572143
1.571986
1.543234
1.271302
1.330898
1.606941
1.504343
1.852916
1.578529
1.53915
1.557008
1.540757
1.556536
1.590625
1.315716
1.626396
1.373566
1.652693
1.588463
1.434087
1.68053
1.685014
1.581185
1.83737
1.929113
1.736316
1.974693
1.671862
1.398918
1.594593
1.5464
1.626022
1.895567
1.869877
1.564786
2.062866
1.517702
1.457561
1.545095
1.674307
1.715089
1.919592
1.518156
1.577203
1.68154
1.72555
1.53385
1.931496
1.499436
2.012728
1.458623
2.075448
1.688333
1.656433
1.93627
1.814336
1.822163
1.771582
1.364772
1.596763
1.751647
1.650367
1.938152
1.663792
1.650452
1.612676
1.605425
1.930313
1.949321
1.461384
1.755517
1.57789
1.724802
1.899546
1.889517
1.933395
1.837249
1.866745
1.667315
1.913791
1.516513
1.626379
1.704852
1.655363
1.838656
2.16627
1.813743
1.69868
1.813638
1.892368
1.778519
1.9109
1.695615
1.51394
1.770444
1.631568
1.783868
1.821182
1.467291
1.92921
2.012317
1.863919
1.786205
1.677893
1.650428
1.691463
1.825216
1.578576
1.604412
1.781296
1.770822
1.954566
1.961983
1.952342
1.62552
1.715596
1.629778
2.22854
2.036008
1.701727
1.646511
1.739727
1.648949
1.705806
1.975704
1.910273
1.815383
1.839217
1.812507
2.184135
1.513525
1.638866
1.704394
1.451592
1.6702
1.561776
1.94583
1.761557
1.663414
1.739342
1.731286
1.572142
1.580758
1.810436
1.657553
1.717747
1.679858
1.77889
1.816332
1.959362
1.515809
1.885336
1.852649
1.75756
1.765472
1.806609
1.607021
1.735785
1.748456
1.554502
1.998654
1.908253
1.54194
1.451671
1.615961
1.571102
1.857681
1.745726
1.669603
1.694528
1.480442
1.906286
1.73729
1.670168
1.840855
1.889923
1.65183
1.624883
1.860737
1.960139
1.976662
2.060324
1.990594
1.518503
1.841775
1.499719
1.721421
1.407936
1.534431
1.7975
1.60152
1.570866
1.509427
1.903965
1.773509
1.933075
1.666523
1.776643
1.677924
1.819929
1.682304
1.848519
1.679595
1.637968
1.551787
1.701836
1.627293
1.713433
1.593903
1.726243
1.750483
1.740281
1.919713
1.573764
1.817308
2.065459
1.715427
1.759739
2.045389
1.606244
1.816591
1.38803
1.691046
1.702704
1.466815
1.808787
1.816203
2.169047
1.764352
1.786627
1.598925
2.081085
1.61306
1.61735
1.881789
1.709035
1.7561
1.858367
1.761143
1.761335
1.964452
1.673331
1.672981
2.007097
1.983684
1.744687
1.844257
1.572945
1.775303
1.802848
1.759496
1.672502
1.918728
1.649432
1.644085
1.728647
1.705771
1.655534
1.850912
1.698112
1.755348
1.537815
1.331856
1.986252
1.774878
1.901691
1.688256
1.693119
1.612538
1.673921
1.678125
1.745277
2.074476
1.930125
1.611602
1.992041
2.135697
2.078896
1.793677
2.106957
1.830258
1.902303
1.471688
1.513685
1.871866
1.874119
1.754462
1.617704
1.748977
1.627074
1.992087
1.662483
1.828155
1.761109
1.838918
1.986706
1.846819
1.746252
1.809999
1.82154
1.906867
1.829197
1.884115
1.623544
2.198982
1.778083
1.824864
1.783426
1.703244
1.745314
1.88269
2.1956
1.712354
1.850623
2.211261
2.058575
1.920402
1.779841
1.746293
1.899427
1.886734
2.018065
1.735651
1.714285
1.868376
1.693479
1.837583
1.657138
1.566748
1.783024
1.700712
1.565075
1.926522
2.097181
1.65109
1.73954
1.508852
2.034717
1.966463
1.794226
1.653121
1.929414
1.617074
2.005091
1.53956
1.9476
2.040778
1.75244
1.470873
1.723262
1.705402
1.734046
1.638213
1.774475
2.181573
1.744704
1.733133
1.484546
1.464597
1.752893
1.57455
1.610768
1.596331
1.684281
1.786094
1.787317
1.728839
1.704808
1.665451
1.47063
1.857373
1.457147
1.724568
1.962873
1.664762
1.934422
1.91005
1.606542
1.735985
1.84817
1.71101
1.509921
1.653438
1.584133
1.617303
1.93538
1.906012
1.654455
2.038818
1.996353
1.819221
1.605011
1.829003
1.734123
1.691086
1.851889
1.486621
1.660238
1.380991
1.865215
1.663394
1.758489
1.996307
1.575016
1.821592
1.609768
1.713173
1.703414
1.717603
2.087189
2.053019
1.554267
1.807733
1.679744
1.622898
1.757692
1.639578
1.758789
1.692634
1.748721
1.642992
1.680383
1.708171
1.770603
1.412804
1.627281
1.37456
1.513456
1.730897
1.627279
1.691939
1.843989
1.637855
1.558259
1.797295
1.850654
1.925802
1.45615
1.771747
1.643876
1.417898
1.724944
1.948739
1.686188
1.759005
1.39447
1.98761
1.505107
1.505336
1.755224
1.455353
1.521368
1.846309
1.524086
1.621645
1.664724
1.5186
1.917058
1.807981
1.557707
1.688454
1.835717
1.754119
1.849596
1.998013
1.759843
1.770275
1.813233
1.607602
1.816331
1.648797
1.762454
1.673574
1.757263
1.763496
1.630016
1.762261
1.92565
1.65424
2.010604
1.334074
1.779149
1.956097
1.795995
1.631657
1.761393
1.778731
1.702822
1.64672
2.025887
1.793402
1.873262
1.477503
1.801628
1.813086
1.855354
1.584683
1.824197
1.655018
1.725394
1.644941
1.713161
1.733542
1.907839
2.0792
1.651459
2.012558
1.798137
1.682937
1.691879
1.772276
1.776188
1.771641
1.58942
1.629032
2.079543
1.448511
1.507504
1.381115
2.002701
1.741757
1.553256
2.105126
1.595932
1.493926
1.554869
1.537668
1.611519
1.636187
1.916375
1.845932
1.578574
1.497182
1.590469
1.812851
1.690259
1.745338
1.876282
1.538423
1.47963
1.405317
1.670594
1.540876
1.434433
1.854877
1.709108
1.406359
1.702708
1.672328
1.674889
1.595266
1.631307
2.109778
2.045391
1.901975
1.609634
1.807463
2.280181
1.604122
1.597628
1.728132
1.805944
1.613424
1.586854
1.442931
1.605498
1.561916
1.666738
1.595609
1.821194
1.408262
1.664567
1.494133
1.726846
1.647974
1.718106
1.803175
1.702523
1.516163
1.740053
1.505473
1.515537
1.506676
1.709098
1.484891
1.75495
1.710182
1.729624
1.842194
1.654111
1.675847
1.537468
1.683475
1.728583
1.637998
1.596055
1.789342
1.766212
1.812054
1.824375
1.853231
1.614722
1.460085
1.642835
1.538013
2.037907
1.582704
1.670128
1.419084
1.604607
1.608095
1.672577
1.699652
1.938302
1.836347
1.401785
1.554278
1.609715
1.778663
1.68582
1.609257
2.00634
1.468249
1.927463
1.820821
1.747208
1.734158
1.881064
1.956514
1.924671
1.63949
1.591882
1.482447
1.923079
1.529198
1.729005
1.593091
1.561295
1.51349
1.417382
1.819181
1.609832
1.785496
1.788447
1.795525
1.977277
1.508246
1.558256
1.563021
1.539846
1.437183
1.658309
1.756402
1.685474
1.731558
1.555023
1.70241
1.770097
1.706172
1.65583
1.807623
1.525815
1.641785
1.863728
1.666107
1.847623
1.656598
1.734891
1.587288
1.534795
1.67455
1.862477
1.700924
1.465938
1.962452
1.74384
1.506958
2.075988
1.697384
1.802931
1.576229
1.692373
1.799914
2.162751
1.883726
1.948821
1.605602
1.75558
1.366006
1.697189
1.675143
1.67141
1.817527
1.61843
1.66763
1.639767
1.603725
1.521084
1.9373
1.499375
1.726686
1.728946
1.658489
1.616094
1.752002
1.543669
1.886719
1.686403
1.619465
1.72488
1.47124
1.492259
1.637282
2.189914
1.506316
1.866375
1.705
1.560272
1.579284
1.955479
1.825456
1.517171
1.767581
1.537887
1.526958
1.813547
1.833177
1.870565
1.83913
1.782266
1.791761
2.068165
1.978152
1.487313
1.698728
1.788122
1.630217
1.662382
1.862168
1.626156
1.522779
1.555736
1.72998
2.020576
1.598824
1.697683
1.819979
1.812996
1.754413
1.568591
1.769233
1.53219
1.731042
1.665064
1.556929
1.650519
1.752683
1.82714
1.796078
1.785999
1.84468
1.649648
1.73433
1.595623
1.575222
1.754403
1.753794
1.69523
1.706514
1.703335
1.862058
1.687086
1.569086
1.834216
1.767689
1.873131
1.461143
1.724572
1.466009
1.629483
1.92932
1.793855
1.475992
1.55677
1.699025
1.449627
1.361577
1.584652
1.527237
1.785617
1.757128
1.796379
1.69251
1.498465
1.9113
1.83786
1.730169
1.686589
1.61304
1.659558
1.728056
1.965949
1.728411
1.83693
1.595584
1.74811
2.059001
1.823038
1.512983
1.51226
1.385909
1.70799
1.702961
1.576797
1.667318
1.729639
1.691884
1.840391
1.818163
1.753046
1.282508
1.768109
1.790391
1.642139
1.980306
1.529105
1.925666
1.701886
1.893214
1.942308
1.791388
1.576891
1.734826
1.69244
1.777538
1.693314
1.437416
1.767161
1.731657
1.518782
1.626796
2.020491
1.642331
1.6154
1.572657
2.01675
1.688942
1.519609
1.76476
1.77523
1.604821
1.486056
1.771467
1.906821
1.767976
1.81445
1.565846
1.627962
1.577024
1.586662
1.943034
1.586599
1.71589
1.590498
1.66608
1.706046
1.967541
1.731496
1.631171
1.69665
1.503407
1.684906
1.582374
1.45742
1.585448
1.724215
1.756174
1.820513
1.653288
1.685039
1.723589
1.348427
1.606096
1.854707
1.511561
1.685003
1.974062
1.659395
1.747098
1.721837
1.582472
1.617648
1.658324
1.814635
1.945779
1.389403
1.603371
1.530699
1.468694
1.767685
1.609946
2.107015
1.955553
1.651927
1.620572
1.697465
1.879679
1.647259
1.840797
1.747293
1.860157
1.580664
1.721427
1.594667
1.794674
1.820316
1.903243
1.829629
2.244619
1.59942
1.822589
1.574646
1.843647
1.697439
1.842465
1.760463
1.642288
1.87802
1.554397
1.576035
1.518674
2.121337
1.59499
1.668872
1.459177
1.665161
1.64955
1.738134
1.83507
1.584194
2.231311
1.658669
1.659356
1.814659
1.8201
1.724988
1.840642
1.647605
1.767636
1.5554
1.52171
1.950222
1.32533
1.819788
1.591509
1.816242
1.841634
1.861883
1.565837
1.751631
1.916128
1.958697
1.626758
2.144167
2.208316
1.563645
2.085965
1.715728
1.783967
1.808164
1.775688
1.987032
1.858701
1.537493
1.869031
1.669467
1.985024
1.719096
1.682476
1.916289
1.402538
1.760183
1.790778
1.995007
1.859352
1.628242
1.538219
1.770154
1.786347
1.509427
1.716381
1.865571
1.853154
1.604423
1.872918
1.555355
1.820501
1.609509
1.443822
1.792719
1.694564
1.66614
1.381776
1.769092
1.516442
1.598984
1.473846
1.835174
1.536702
1.626315
1.912133
1.689162
1.196366
1.731857
1.309314
1.489325
1.735935
1.684848
1.803834
1.744597
1.596164
1.621009
2.107161
1.341694
1.396597
1.64223
1.509408
1.657146
1.987155
1.376219
1.408743
1.486929
1.525958
1.689846
1.53087
1.629815
1.5866
1.727995
1.723068
1.737257
1.652996
1.152827
1.502665
1.660169
1.606595
1.808116
1.67168
1.740892
1.467793
1.758743
1.568523
1.522425
1.676652
1.540975
1.84573
1.743197
1.432938
1.845215
1.583801
1.52171
1.779456
1.657692
1.49419
1.616727
1.522273
1.560224
1.674496
1.768391
1.381273
1.690688
1.983467
1.768609
1.601106
1.48832
1.895213
1.657089
1.702731
1.56896
1.750211
1.600989
1.596024
1.739609
1.516574
1.769772
1.788863
1.798531
1.718262
1.634807
1.689444
1.843726
1.890409
1.701569
1.474305
1.704239
1.642048
1.666231
1.812273
1.66175
1.553502
1.979914
1.721681
1.666987
1.678073
1.937659
1.814403
2.054293
1.399764
1.753293
1.720496
1.644886
1.505566
1.7997
2.017475
2.100331
1.708704
1.863344
1.846778
2.066265
1.717231
2.210356
1.825719
1.965249
1.707352
1.570421
1.703591
2.097386
1.869893
1.74762
1.354
1.624936
1.633584
1.685056
1.479443
1.65412
1.593257
2.027428
1.630866
1.780057
1.636415
1.401898
1.700204
1.497443
2.060029
1.701784
1.684224
1.926682
1.708099
1.986593
1.555195
1.765782
1.659181
1.539868
1.929023
1.710413
1.3478
1.786279
1.876525
1.895553
1.538996
1.632632
1.572821
1.864251
1.808025
1.594928
1.844112
1.672715
1.740348
1.726424
1.699822
1.887141
1.789925
1.726529
1.919137
1.596233
1.80482
1.500564
1.506887
1.844628
1.564738
1.353726
1.773837
1.792736
1.596795
1.675954
1.488092
1.591371
1.401835
1.702631
1.841463
1.779732
2.071146
1.722209
1.860529
2.343941
1.896277
1.929761
1.702008
1.495633
1.422661
1.864823
1.569241
1.589289
1.485487
1.815319
1.748602
1.604216
1.668702
1.560599
1.510639
1.763732
1.628536
1.707916
1.81735
1.736045
1.704637
1.721969
1.766896
1.760048
1.959575
1.730475
1.780877
1.68105
2.06507
1.778369
1.543758
1.784996
1.879931
1.854266
1.924647
1.750384
1.422461
1.524382
1.900008
1.777736
1.692176
1.973348
1.821212
1.686099
1.524683
1.552624
1.627217
1.990527
2.009274
1.628359
2.005227
1.711936
1.64415
1.611108
1.999866
1.550316
1.797314
1.561056
1.825712
1.616868
1.667211
1.903889
1.669241
1.955445
1.783427
1.721781
1.934861
1.762345
1.740397
1.437234
1.623209
1.70961
1.484187
1.716647
1.742206
1.747516
1.691363
1.82543
1.867449
1.760516
1.887416
1.642891
1.764586
1.765749
1.659835
2.03795
2.078702
1.844193
1.564767
1.749105
1.659535
2.079477
1.460166
1.767879
1.66842
1.639976
2.116894
1.568353
1.474173
1.582878
1.949386
1.93471
1.593924
1.597159
1.951356
1.745553
1.500741
1.657132
1.672292
1.679724
1.303512
1.705958
1.877833
1.527161
1.967211
1.499712
1.756911
1.728872
1.558401
1.734886
1.48392
1.734462
1.69514
1.75231
1.551603
1.51956
1.723402
1.790888
1.561329
1.475766
1.766625
1.881808
1.444019
1.73425
1.634861
2.025649
1.642693
1.800489
1.347365
1.614462
1.607572
1.716714
1.627771
1.796321
1.670411
1.693213
1.71609
1.695552
1.792892
1.762032
1.636876
1.610835
1.690683
1.552085
1.513265
1.434092
1.467523
1.431457
1.461283
1.634035
1.491899
1.746354
2.104712
1.686337
1.790922
1.935411
1.641272
1.66853
1.653467
1.987498
1.798422
2.03395
1.820531
1.859721
1.542963
1.806852
1.26489
1.743448
1.555067
1.989074
1.629231
1.489915
1.523191
1.750818
1.678973
1.657485
1.504393
1.95905
1.408388
1.813264
1.796237
1.797197
1.665965
1.578576
1.700814
1.891548
1.586955
1.83359
1.604991
1.910929
1.665572
1.494968
1.551718
1.615756
1.654269
1.481018
1.646029
1.482069
1.726514
1.807548
1.796474
1.622903
1.777025
1.444194
1.840134
1.911831
1.486806
2.139536
1.870249
1.761656
1.676998
1.904003
1.625398
1.451414
1.595565
1.790654
1.604234
1.4252
1.433465
1.603078
1.668907
1.551943
1.764442
1.59511
1.557306
1.908394
1.554165
1.90362
1.57341
1.864589
1.587264
1.802625
1.738299
1.654517
1.890525
1.60205
1.649698
1.610636
1.686807
2.223469
1.53752
1.649192
1.704603
1.93719
1.595765
1.559456
1.65474
1.484559
1.73357
1.620748
1.351459
1.59125
1.507315
1.59872
1.634552
1.843929
2.023067
1.582051
1.581734
1.616132
1.672559
2.017119
1.453548
1.674242
1.68327
1.429602
1.645213
1.732407
1.845019
1.473802
1.961171
1.580048
1.562141
1.754679
1.306785
1.568114
1.464057
1.792876
1.514497
1.894384
1.599687
1.782951
1.668759
1.471914
1.652438
1.754338
1.559461
1.766424
1.779605
1.501205
1.73164
1.650396
1.501451
1.48613
1.562673
1.855588
1.495157
1.918747
1.544003
1.823489
1.932015
1.629243
1.646751
1.731715
1.875696
1.912182
1.723688
1.917788
1.536935
2.014638
1.850519
1.890698
1.623676
1.618517
1.707548
1.307455
1.858981
1.464406
1.656556
1.505546
1.347045
1.858629
1.715702
1.881996
1.837281
1.560535
1.707149
1.917688
1.636134
1.759211
1.687962
1.723809
1.540641
1.468065
1.742997
1.73913
1.587284
1.741974
1.931091
1.805218
1.560686
1.979708
1.755484
1.720405
1.641947
1.749866
1.7411
1.666454
2.084364
1.904867
1.545071
1.736628
1.771233
1.932231
1.696165
1.423398
1.763214
1.741236
1.866825
1.642885
1.711846
1.761195
1.99966
1.6331
1.828564
1.684676
1.618703
1.656154
1.978975
1.706856
1.728506
2.248069
2.150499
1.544616
1.543466
1.647479
1.876056
2.22545
1.766963
1.86769
1.621126
1.771365
1.789849
1.973203
1.73605
1.715194
2.013768
1.649414
1.553226
1.962914
1.733108
1.722171
1.609999
1.641814
1.667214
1.800161
1.60821
1.610804
1.764692
1.819765
2.028492
1.990364
1.62001
1.708596
1.729517
1.634954
1.932337
1.615638
1.683073
1.614992
1.609589
1.830091
1.729941
1.893213
1.749853
1.69606
1.483596
1.576259
1.381681
1.567987
1.578218
1.56549
1.663253
1.687148
1.913821
2.057463
1.740166
1.70177
1.727799
1.665429
1.623634
1.723909
2.049245
1.653369
1.532144
1.775713
1.881263
1.828636
1.915681
1.52159
1.580007
2.066678
1.971662
1.897626
1.616394
1.829973
1.661302
1.937989
1.938019
1.506229
1.638073
1.381175
1.898011
1.397714
1.794226
1.728012
2.166996
1.726913
1.753573
2.047298
1.995147
1.820794
1.621915
1.808835
1.721347
1.602454
1.665822
1.728845
2.011722
1.889397
1.631491
1.712305
1.53261
1.569136
1.753089
1.711649
1.646597
1.590594
1.527378
1.692857
1.846048
1.580587
1.810266
1.817814
1.677209
1.658422
1.262478
1.713291
1.733507
1.574943
1.746279
1.780232
1.761791
1.767182
1.622927
1.733751
1.680582
1.53729
1.773016
1.608733
1.626066
1.44983
1.537801
1.631366
1.488693
1.765344
1.49718
1.672793
1.576375
1.842173
1.550996
1.671176
1.95042
2.009569
1.630146
1.921712
1.365041
1.85283
1.487049
1.573083
1.629677
1.709503
1.798036
1.66584
1.750488
1.845279
1.925271
1.586199
1.624887
1.789749
1.708194
1.762552
1.659705
1.627836
1.493866
2.145181
1.777634
1.54575
1.500358
1.786455
1.571724
1.795685
1.817567
1.626801
1.504112
1.788015
1.487641
1.646051
1.60255
1.650526
2.150988
1.797144
1.651932
1.591075
1.430549
1.839766
1.545622
1.631954
1.883964
1.665077
1.665366
1.813381
1.680952
1.857971
1.812493
1.663431
1.86851
1.723098
1.791696
1.789781
1.549239
1.526738
1.572623
2.171557
1.934237
1.440439
1.819351
1.826584
1.75585
1.737152
1.824072
1.805572
1.86919
1.711503
1.682802
1.618593
1.535796
1.898476
1.914802
1.466985
1.846896
1.768486
1.377447
1.76383
1.842367
1.804091
1.7658
1.751923
1.690068
1.808324
1.610379
1.551731
1.650471
1.67634
1.651176
1.73256
1.932516
1.807457
1.622593
1.759604
2.023842
1.493327
1.816861
1.815728
1.625035
1.398048
1.713486
1.511131
1.599269
1.817084
1.766782
1.75915
1.640689
1.898808
1.719701
1.722953
1.57896
1.742326
1.505061
1.678841
1.529597
1.671735
1.555607
1.694068
1.647033
1.534622
1.513685
1.596038
1.865818
1.855923
1.545159
1.694911
1.73384
1.627015
1.78601
1.765446
1.887228
1.57424
1.717722
1.821891
1.846683
1.591861
1.886232
1.848161
1.516478
2.070888
2.058522
1.62735
1.625575
1.68414
1.556737
1.8306
1.743466
1.991719
1.520817
1.785314
2.201864
1.932068
1.77845
1.467528
1.5586
1.828114
1.682638
1.453917
1.887262
1.406742
1.591043
1.645903
1.503534
1.531389
1.665202
1.775667
1.542774
1.634676
1.442647
1.756402
1.488903
1.766769
1.860481
1.928598
1.709395
1.712299
1.705268
1.711202
1.624045
1.480026
1.698308
1.435662
1.584359
1.712924
1.567579
1.493763
2.06441
1.585293
1.813291
1.598743
2.048928
1.680768
2.013914
1.770162
1.575507
1.657835
1.588754
1.46701
1.822283
1.766349
1.697308
1.549969
1.421454
1.752352
1.694657
1.739289
1.752046
1.670436
1.62246
1.675497
1.965465
1.668123
1.342264
1.435933
1.836104
1.680184
1.546925
1.873987
1.743812
1.986969
1.656216
1.760596
1.698707
1.782868
1.794632
1.792344
1.950938
1.49499
1.583773
1.824294
1.826584
2.092303
1.622546
1.726511
1.563374
1.784747
1.41743
1.781721
2.080827
2.030996
1.950367
1.733885
1.547317
1.630697
1.774177
1.435038
1.800602
1.500009
1.984379
1.858144
1.941017
1.587967
1.55295
1.503452
1.451228
1.878233
1.624629
1.682052
1.512474
1.659491
1.687838
1.517023
1.868549
2.029243
1.901992
1.731796
1.43296
1.547068
1.43283
1.818643
1.71575
1.773489
1.792449
1.758651
1.47701
1.667018
1.568099
1.488456
1.647293
1.718665
1.650295
1.913026
1.657133
1.718422
1.85752
1.672392
1.777745
1.6868
1.603045
1.600804
1.592912
1.546853
1.871919
1.67595
1.739207
1.781868
1.59212
1.570889
1.430969
1.633062
1.490529
1.824953
1.510453
1.616499
1.541275
1.619317
1.73164
1.733167
1.563937
1.66247
1.830621
1.862349
1.614273
1.55298
1.832864
1.775173
1.47205
1.723413
1.855854
1.913708
1.819685
1.610323
1.58336
1.965392
1.593754
1.860972
1.742317
1.821009
1.764155
1.808633
1.666416
1.504314
1.544562
1.586729
1.772729
1.601044
1.799084
1.899083
1.611778
1.49301
1.742733
1.691239
1.519387
1.732823
1.633214
1.832329
1.64751
1.983468
1.467396
1.667537
1.782487
1.800969
1.720286
1.750523
1.740333
1.973925
1.583481
1.619893
1.773462
1.514739
1.675748
1.615692
1.856416
1.680707
1.580852
1.854942
1.752995
1.855049
1.935305
1.742328
1.582376
1.675716
1.500611
1.909099
1.550412
1.490731
1.955485
1.708998
1.771838
1.704787
1.774221
1.598289
1.592152
2.13361
1.510662
1.722477
2.021974
1.603303
1.86877
1.955188
1.987501
1.625157
1.756543
1.497798
1.821836
1.803924
1.526397
1.77153
1.629123
1.605303
1.693542
1.682951
1.994196
1.628869
1.899023
1.822236
1.772027
1.682777
1.64667
1.705775
1.506514
2.155749
1.756319
1.40658
1.841003
1.575449
1.512008
1.837034
1.860742
1.624877
1.827584
2.033936
1.604739
1.529744
1.931057
1.648114
1.487841
1.517138
1.599264
1.41072
1.68308
1.897036
1.739492
1.525099
1.867465
1.682416
1.464114
1.691043
1.688207
1.594384
1.542521
1.800951
1.51312
1.738325
1.920026
1.709823
1.780896
1.98448
1.573082
1.848865
1.239074
1.737305
1.547889
1.64565
1.491547
1.418311
2.163381
1.978299
1.570421
1.720197
1.639179
1.673948
1.651045
1.477011
1.649271
1.552766
1.66999
1.719775
1.576331
1.577791
1.966874
1.596083
1.788765
1.939725
1.698463
1.58904
1.631357
1.858693
1.434301
1.787282
1.464673
1.507161
1.839121
1.90643
1.776811
1.952917
1.591115
1.616641
1.463849
1.836901
2.04175
1.677061
2.18577
1.551887
1.661383
1.754891
1.906364
1.890063
1.361334
1.503174
1.742315
1.630696
2.111602
1.643498
1.609575
1.67525
1.398766
1.983223
1.536395
1.650788
1.431229
1.61916
1.527447
1.509211
1.467739
1.49283
1.634371
2.233369
1.80874
1.701848
1.48329
1.721124
1.799472
1.267585
1.896994
1.954019
1.4501
2.245543
2.07117
1.485096
1.488469
1.429298
1.443734
1.500044
1.799063
1.828683
1.612524
1.345158
1.679917
1.807897
1.853633
1.736636
2.062749
1.572071
1.718365
1.830898
1.672572
1.423627
1.681505
1.674567
1.752828
1.87095
1.506034
1.580862
1.499938
1.659758
1.768447
1.85701
1.945646
1.723447
1.874558
1.687784
1.641834
1.643437
1.690943
1.78499
2.234365
1.85314
1.651389
1.463242
2.011147
1.744427
1.655622
1.822571
1.78624
1.733729
1.764456
1.643224
1.710752
1.625598
1.434737
1.697045
1.631622
1.673969
1.686163
1.555714
2.135517
1.431125
1.783743
2.183463
1.606081
1.796101
1.910243
1.808375
1.524074
2.02385
1.696197
1.842109
1.597401
1.694517
1.852045
1.415399
1.673381
1.751264
1.593365
1.615848
1.907018
1.889334
1.556724
1.779141
1.619853
2.03609
1.598001
2.000656
1.500315
1.412406
1.739436
1.446641
1.814042
1.926614
1.558499
1.602789
1.660248
2.073942
1.539955
1.38558
1.664
1.675029
1.569238
1.710601
2.056729
1.51983
1.692868
1.413889
1.413711
1.324119
1.756813
1.812566
1.559209
1.524292
1.504333
1.526236
1.588184
1.882113
1.362236
1.789323
2.047164
1.830104
1.944679
1.739099
1.549769
1.700088
1.852635
1.441212
1.711902
1.52134
1.784891
1.641378
1.722092
1.590208
1.74253
1.531945
1.755274
1.851874
1.666207
1.919389
1.73776
2.104565
1.676836
1.522369
1.501572
1.523717
2.060445
1.689388
1.531732
1.613964
1.668439
1.829889
1.625873
1.576882
2.089397
1.646986
1.705324
1.55274
2.123444
1.943652
1.81667
1.631374
1.755987
1.866524
2.02583
1.885616
2.009253
1.988352
2.266953
1.933846
1.631586
1.511816
1.992559
1.641451
1.851764
1.88406
1.593527
1.724179
1.657029
1.958028
1.605911
1.903009
1.837094
1.835797
1.749344
1.540609
2.015437
1.699097
1.476717
1.601541
2.056851
1.661288
1.465812
1.797159
1.706336
1.904343
2.317633
1.933286
1.632369
1.868945
1.751116
1.9906
1.94385
1.688791
1.632213
1.698715
1.729968
1.371927
1.633652
1.897117
1.522532
1.769483
1.841161
1.703195
1.969638
1.842339
1.771804
1.68784
1.692307
1.668556
1.879817
1.815184
1.409516
1.560644
1.615896
2.031817
1.836192
1.487078
1.909866
1.779687
1.320409
1.48943
1.630213
1.465905
1.639666
1.568037
1.629379
1.74968
1.933658
1.567841
1.884288
1.935403
1.900257
1.658736
1.647683
1.701901
1.618906
1.713627
1.404637
1.866484
1.711143
1.809332
1.656118
1.909111
1.801624
1.645738
1.442897
1.625564
1.506149
1.796447
1.546202
1.684457
1.525514
1.681596
1.777165
1.938738
1.680404
1.658035
1.543483
1.922195
1.53515
1.737074
1.478213
1.603186
1.909518
1.6609
1.897961
1.686073
1.724528
1.803012
1.527838
1.479546
1.750453
1.447406
1.717043
1.656512
1.866338
1.679675
1.704517
1.677556
1.852689
1.605136
2.043559
1.821249
1.670644
1.742825
1.967858
1.836292
1.558753
1.70881
1.726258
1.79979
2.036831
1.863524
1.640048
1.729815
1.920052
1.754083
1.686986
1.676902
1.856152
1.832611
1.90443
1.652533
1.482806
1.681657
1.773544
1.729966
1.795463
1.801173
1.80032
1.720753
1.500771
1.815786
2.080272
1.570554
1.727759
1.552931
1.706096
1.742523
1.679667
1.669673
1.787419
1.79711
1.712971
1.653128
1.346318
1.660552
1.716165
1.892048
1.75891
1.536054
1.527616
1.621343
1.587139
2.144786
1.557629
1.639654
1.671438
1.995279
1.690871
1.801207
1.784764
1.411197
1.878174
1.725993
1.564379
1.688653
1.668089
1.741479
1.589732
1.87436
1.749258
1.794597
1.697972
1.383928
1.761579
1.733347
2.069886
1.575632
1.479088
1.718287
1.640771
1.938699
1.72344
1.591602
1.887369
1.875345
1.59845
1.652106
1.633285
1.745799
1.979527
1.814533
1.7364
1.638952
1.884025
1.319692
1.631934
2.017559
1.640335
1.746846
1.623973
1.520176
1.588554
1.634306
1.962811
1.530675
2.063301
1.518953
1.704834
1.757268
2.161276
1.754718
1.81303
2.089715
1.480962
1.777661
1.779462
2.034833
1.761047
1.85001
1.871008
2.114288
1.720983
1.868692
2.041079
1.887412
1.771318
1.892346
1.986993
1.859986
1.858443
1.739292
1.872773
1.821532
1.71477
1.956503
1.801993
1.606561
1.690568
1.619377
1.797039
1.71802
1.881028
1.702777
1.782301
1.679263
1.949768
2.051587
2.150042
1.824175
1.548047
1.924594
1.904055
1.594233
1.610737
1.918979
1.636746
1.832091
1.827043
1.516639
1.697183
1.645353
1.617542
2.043449
1.683947
1.770308
2.014002
1.466731
1.764636
1.639605
1.858642
1.805636
1.771218
1.736056
1.628709
1.728889
1.673153
1.904061
1.554056
1.496085
1.506523
1.789174
1.752201
1.490987
1.754154
1.725399
1.650399
1.726101
1.611995
1.555333
1.991485
1.622029
1.609806
1.538984
1.455195
1.880812
1.600035
1.812274
1.681896
1.791466
1.777581
1.914099
1.782171
1.725514
1.638306
1.714473
1.71934
1.725421
1.713895
1.867176
1.838532
1.722535
1.884525
1.858582
1.794229
1.69713
1.753694
1.697592
1.769195
1.868631
1.928966
1.786343
1.768002
1.841725
1.667111
1.685917
1.84098
1.699488
1.750444
1.730876
1.692432
1.609339
1.832846
1.610261
1.66582
1.395698
1.746517
1.678971
1.48681
1.860824
1.822721
1.732172
1.720176
1.606065
1.85434
1.377721
1.619672
2.002464
1.747252
1.802699
1.809401
1.641243
1.865977
1.601763
1.796022
1.767265
1.401319
2.070597
1.685447
1.92231
1.767717
1.975735
1.694456
1.637619
1.679306
1.836217
1.775861
1.618338
1.665537
1.73155
1.621912
1.768103
1.727643
1.976807
1.691269
1.964716
1.545434
1.855092
1.946499
1.62037
1.732037
1.802833
1.785322
1.629428
1.59931
1.926194
1.954929
1.441164
1.82883
1.745803
1.455946
1.447526
1.824108
1.748986
1.739779
1.671272
1.756504
1.669423
1.665864
1.873251
2.29467
1.837878
1.603931
1.726661
1.710356
1.856384
1.910556
1.921279
1.867653
1.820053
1.775563
1.892299
1.734144
1.917031
1.518485
1.725096
1.612192
1.916564
1.587134
1.705516
1.927633
1.839985
1.890621
1.778701
1.887107
1.825558
1.43847
1.656959
2.013253
1.556001
1.606491
1.789255
1.784814
1.697816
1.689287
1.631962
1.513039
2.129048
1.712076
1.593713
1.865544
2.020303
1.807707
1.772683
1.761707
1.84468
1.787652
1.672787
1.694383
1.553295
1.827679
1.588881
1.665116
1.508874
1.403167
1.415281
1.908702
1.710197
1.544569
1.856552
1.934315
1.775258
1.802018
1.832633
1.811455
2.228493
2.114893
2.070096
1.768727
1.919551
1.752712
2.187458
1.966613
1.417074
1.619914
1.601595
1.633515
1.66519
1.642008
1.805311
1.932422
1.688049
1.33451
1.92677
1.746148
1.946027
1.69159
1.722145
1.89965
1.919319
1.754521
1.700477
1.808226
1.830801
1.745176
1.772431
1.582723
1.814895
1.694599
2.054699
1.744515
1.809688
2.07534
1.457173
1.833279
1.981658
1.777982
1.673689
1.984008
1.89321
1.712204
1.700061
1.61456
1.497771
2.308633
1.58791
1.563443
1.769685
2.087052
1.653362
1.734308
1.743356
1.68803
1.411254
1.61451
2.154708
1.541551
1.841567
1.7276
1.738403
1.483292
1.575873
1.851178
1.949762
1.712141
1.536823
1.684787
1.742787
1.593571
1.888329
1.542463
1.932475
1.467047
1.633044
1.383885
1.37875
1.480557
1.599314
1.66136
1.363037
1.561193
1.49392
1.459919
1.607407
1.790655
1.758466
1.710916
1.225079
1.545388
1.575854
1.717996
1.467032
1.339428
1.790007
1.732682
1.61764
1.853354
1.46191
1.734696
1.59801
1.645924
1.625286
1.780954
1.382662
1.39072
1.750532
1.371595
1.604379
1.462519
1.901133
2.048747
1.543772
1.823276
1.521511
1.565858
1.482397
1.477907
1.684015
1.683156
1.362565
1.564811
1.783221
1.696536
2.079976
1.778453
1.890962
1.858234
1.618304
1.968226
1.831588
1.441115
1.543993
1.85253
2.029129
1.688328
1.443724
1.537561
1.721017
1.437831
1.901747
1.702335
1.543301
1.587624
1.348516
1.641666
1.47625
1.529473
1.69692
1.444816
1.752429
1.689023
1.882329
1.421846
1.311736
1.585223
1.780929
1.410386
1.441709
1.606427
1.855777
1.509159
1.384483
1.789396
1.623294
1.524288
1.692033
1.643993
1.865786
2.08134
1.498309
1.534191
1.371585
1.712838
1.364458
1.394458
1.505062
1.435896
1.718776
1.630139
1.31449
1.738498
1.548946
1.334034
1.669469
1.713121
1.801539
1.702742
1.822498
1.945412
1.821933
1.508889
1.397723
1.706443
1.494935
1.689955
1.580213
1.937269
1.596689
1.918417
1.499801
1.85713
1.941418
1.893373
1.782097
1.714596
1.991141
1.987886
1.556499
1.987086
1.794863
2.024563
1.542438
1.553778
1.797069
1.380801
1.750112
1.610524
1.420581
1.581588
1.936879
1.741175
2.088147
1.704435
1.605917
1.913943
1.836085
1.688774
1.552685
1.648905
1.550239
1.941784
1.678933
2.058712
2.028525
1.713946
1.56898
1.799621
2.036434
1.726924
2.039416
1.436514
1.731321
1.584548
1.717838
1.634602
1.551117
2.016215
1.579971
1.814071
1.437269
1.585875
1.813198
2.016177
1.700379
1.663359
1.557686
1.596053
1.623895
1.833134
1.741936
1.791775
1.667931
1.720259
2.027976
1.558762
2.1093
2.042384
1.762267
1.718149
1.649421
1.62097
1.749574
1.714625
1.83431
1.775927
1.810668
1.627169
1.536833
1.678745
1.612626
1.823498
1.611498
1.689148
1.62315
1.627129
1.948522
1.593549
1.95618
1.823789
1.842819
1.653716
1.502863
1.798783
1.649931
2.062211
1.623951
1.728994
1.711246
1.508342
1.785782
1.816027
1.696178
1.79
1.6853
1.843364
1.86443
1.531989
1.877723
1.636202
1.657062
1.895912
1.704887
2.013434
1.812397
1.569597
1.591334
1.383548
1.851515
1.513684
1.542178
1.397664
1.581554
1.774339
1.582577
2.130684
1.536601
1.758495
1.661596
2.000064
1.869798
1.724761
1.782779
1.666795
1.902517
2.032435
1.920298
1.70773
1.973295
1.813012
1.584965
1.658443
1.608513
2.027457
1.760872
1.671888
1.749186
1.728831
1.928327
1.713073
1.809837
1.761309
1.629741
1.549733
1.941982
1.750459
1.822054
1.622139
1.489041
1.894577
1.507429
1.558675
1.593738
1.766428
1.581326
1.808183
1.667384
1.891397
1.784792
1.69888
1.593015
1.754073
1.757067
1.780755
2.030637
1.867437
1.742575
1.832856
1.667812
1.590687
1.69549
1.871138
2.01099
1.68472
1.595847
1.836805
2.101277
1.6294
1.738016
1.661657
1.748734
1.795641
1.762182
1.862129
1.811268
1.690512
1.610162
1.760912
2.185926
1.562456
1.6273
1.737511
1.622101
2.024041
1.851246
1.920253
2.066154
2.05431
1.701989
1.81803
1.961388
2.07649
1.680662
1.493068
1.609466
1.619723
1.556926
1.65337
1.344102
1.884816
2.007712
1.910843
2.085919
1.933367
1.679346
1.727775
1.326166
1.757018
1.991267
1.905399
1.903381
1.370402
1.568394
1.749718
1.94989
1.844931
1.748715
1.885579
1.632247
1.524741
1.610358
1.845659
1.908023
2.030493
1.483142
1.666987
2.089431
1.513446
2.240457
2.00926
2.039475
2.024343
1.717929
1.71585
1.853568
1.806445
1.917331
1.540016
2.174473
1.56892
1.724627
1.673018
2.033692
1.585871
1.844171
2.101911
1.54355
1.748077
1.650952
1.829591
1.559547
1.820323
1.782316
1.580518
1.773063
2.009935
1.716579
1.764114
1.755349
1.424253
1.601911
1.584199
1.764708
1.815358
1.376346
1.491098
1.792459
1.666444
1.581556
1.568437
1.874897
1.819806
2.007422
1.767045
1.883126
1.810612
1.978488
1.694302
1.772271
1.81697
1.402617
1.621365
1.686129
1.657482
1.742673
1.686122
1.490598
1.823034
1.430235
1.638955
1.721269
2.004939
1.688427
1.752696
1.631271
1.583939
1.861857
1.75301
1.859084
1.49578
1.585298
2.01834
1.811089
1.828392
1.968592
1.904958
1.916159
1.964383
1.937119
1.82677
1.650006
1.715806
2.224284
1.61442
1.633659
1.661582
1.55653
1.730688
1.607016
1.670967
1.581516
2.047142
1.69786
1.86375
1.703718
1.584244
1.631699
2.016779
1.491677
1.683447
1.875365
1.916354
1.908779
1.792902
1.770656
1.623761
1.624466
1.909495
2.058008
1.565753
1.610997
1.940974
1.804311
1.565808
1.837516
1.645929
2.111416
1.658414
1.632512
1.873373
1.745265
1.728636
1.782233
1.60005
1.725077
1.586013
1.909953
1.376785
1.572763
1.986388
1.488629
1.810786
1.935395
1.300594
1.457122
1.852199
1.57163
1.607246
1.614991
1.641915
1.520659
1.474544
1.717668
1.475002
1.823512
1.799263
1.527037
1.825799
1.485868
1.959161
1.770962
1.357209
1.722113
1.658804
1.794414
1.707428
1.771784
1.565165
1.789323
1.499459
1.38784
1.690785
1.883369
2.176732
1.632072
1.779788
1.464595
1.956993
1.331459
1.765458
1.650785
1.945028
1.655611
1.674306
1.939809
1.794006
1.522124
1.81517
1.390227
1.524321
1.901822
1.437814
1.849844
1.620338
1.877977
1.527815
1.565528
1.820391
1.764224
1.61254
1.664094
1.822149
1.61934
2.022815
1.426805
1.603169
1.521565
1.590999
1.593022
1.691701
1.551742
1.577179
1.738383
1.751011
1.926534
1.686718
1.701404
1.783466
1.732973
1.574411
1.7524
1.853597
1.761226
2.031221
1.923208
2.247774
1.769007
1.56672
1.933282
1.682912
1.735425
1.615638
1.703829
1.720035
1.852863
1.642012
1.736476
1.775977
1.634371
1.892658
1.720196
1.955157
1.585926
1.718687
1.834098
1.53293
1.732107
1.5381
1.803736
1.643872
1.890279
1.559159
1.778313
1.788895
1.926752
1.730089
1.527735
1.87535
1.819304
1.71429
1.633361
1.703255
1.918145
1.810358
1.792499
1.640679
1.841765
1.859543
1.790631
1.738571
1.591609
1.471055
1.617562
1.536143
1.719541
1.410029
1.499751
1.73049
1.59227
1.679712
1.544132
1.609873
1.769926
1.713049
1.980331
1.610852
1.590425
1.765419
1.517046
1.336521
1.764115
1.558176
1.563528
1.501994
1.631116
1.71445
1.705123
1.613612
1.429703
1.517934
1.506752
1.631762
1.87926
1.52797
1.481974
1.420557
1.656586
1.711357
1.606622
1.646905
1.73925
1.578519
1.666646
1.803033
1.781573
1.600682
1.59955
1.727548
2.091014
1.943578
1.673935
1.802971
1.39517
1.774945
1.728467
1.619925
1.825652
1.824864
1.527546
1.545444
1.82014
1.466966
1.76874
1.32327
1.606171
1.748845
1.823016
1.496315
1.801998
1.79847
1.750767
1.574217
1.832921
1.448558
1.56128
1.892701
1.756139
1.681569
1.98989
1.818211
1.544827
1.975512
2.03779
1.868532
1.830092
1.99866
1.687068
1.615068
1.787232
1.860746
2.021603
1.886725
1.688852
1.644362
1.641028
1.693448
1.765676
1.933636
1.850929
1.701911
1.576069
1.730052
1.724324
1.742592
2.037631
1.508925
1.727511
1.716093
1.632225
1.732485
1.847301
1.685988
1.780141
1.810616
1.859364
1.610709
1.619905
1.71273
1.780989
1.710806
1.829088
2.056332
1.369437
2.005644
1.768553
1.490623
2.123639
1.652483
1.755547
2.041007
1.521151
1.921825
1.92434
1.65604
1.687149
1.710602
2.023863
1.783799
1.746258
1.545197
1.361412
1.559004
1.534848
1.959833
1.994374
1.911573
1.874079
1.89705
1.775751
1.609292
1.825294
1.603888
1.944015
1.797385
1.642285
1.806759
1.916804
1.669726
1.792431
1.588607
1.803115
1.768474
1.729824
1.839972
1.435338
1.842899
2.016641
1.809313
1.564916
1.721864
1.734049
1.860475
1.927591
2.023494
1.676061
1.527193
1.56121
1.705897
1.649616
1.598512
1.808757
1.622435
1.510303
1.722252
1.820562
2.019691
1.576639
1.869088
1.729561
1.621094
1.57335
1.767783
1.475972
1.807668
1.698259
1.43883
1.767912
1.578574
1.767698
1.707194
1.61477
1.767928
1.615094
1.344508
1.638854
1.922577
1.73228
1.576042
1.603371
1.723039
1.733656
1.668338
1.77753
1.672709
1.956622
1.759199
1.82034
1.731595
1.562366
1.873021
1.96843
1.719701
1.744182
1.576589
1.712408
1.522578
1.646805
1.516939
1.715977
1.584833
1.899684
1.936519
1.773071
1.443572
1.995828
1.406516
1.938123
1.854114
1.641389
1.74412
1.583701
1.457814
1.576332
1.639712
1.473141
1.492831
1.398848
1.495677
2.033915
1.836813
1.887774
1.866434
1.805455
1.676147
1.652765
1.628515
1.783407
1.63505
1.676278
1.664348
1.755779
1.579581
1.36643
1.823065
1.678099
1.683567
1.892626
1.768961
1.923797
1.810029
1.664459
1.922842
1.933639
1.733786
2.168431
1.516931
1.689484
1.588554
1.700969
1.741927
1.761142
1.909414
1.592168
1.92117
1.469683
1.638469
1.753164
1.644025
1.695895
1.787145
1.760711
1.670579
1.966832
1.759167
1.669665
1.849106
1.663649
1.711968
1.637501
1.703009
1.474708
1.608555
1.743871
1.558131
1.56681
1.5702
2.03538
1.74455
1.778228
1.690086
1.625449
1.687884
1.692245
1.54414
1.591452
1.894615
1.927146
1.55024
1.707428
1.621489
1.826206
1.650094
1.722984
1.833274
1.675928
1.820157
1.8539
1.65924
2.165002
1.888619
1.696224
1.693134
1.671379
1.768353
1.921703
1.725887
1.6252
1.736052
1.386294
1.741925
1.738289
1.723259
1.843473
1.801469
1.892546
1.96906
1.808907
1.883341
1.495902
1.914661
1.841526
1.914405
1.497354
1.752737
1.799244
1.621607
1.748947
1.706048
1.661819
1.643224
1.900989
1.719728
1.466387
1.960243
1.681332
1.609712
1.517175
1.806306
1.505803
1.654777
1.756688
1.371512
1.606823
1.418452
1.767952
1.692765
2.20214
1.538159
1.49565
1.677373
1.695948
1.512147
1.637073
1.671075
1.626833
2.219929
2.144562
1.6711
1.789013
1.625707
1.782055
1.641517
1.68917
1.60676
1.694768
1.592295
1.791838
1.834527
1.640214
1.480671
1.663257
1.692423
1.969911
1.541288
1.60645
1.625064
1.899547
1.819281
1.839101
1.82152
1.601728
1.806395
1.491543
1.89741
1.697103
1.593335
1.732148
2.155557
1.589473
1.549043
1.772374
1.670905
1.964636
1.730063
1.557546
1.773132
2.016401
1.488705
1.852336
1.718668
1.625739
1.925531
1.709994
2.035586
1.590716
1.932544
1.743076
1.967547
1.604687
1.526731
1.686216
1.664169
1.951614
1.789272
1.48872
1.622256
1.678844
1.839483
1.642351
1.719739
1.523396
1.672161
1.572373
1.715023
1.809154
1.756525
1.681062
1.535775
1.951237
1.844898
1.629127
1.625358
1.517359
1.607243
1.744265
1.815235
1.519981
1.403683
1.583242
1.556486
1.856437
1.895072
1.855303
1.885303
1.651771
1.939909
1.883434
1.62661
1.88166
1.734301
1.95593
1.526671
1.870819
2.114376
2.053113
2.011357
1.713857
1.759415
1.638855
1.982677
1.552092
1.622274
2.129156
1.861288
1.65412
1.87813
1.828675
1.596418
1.706596
1.520485
1.837814
1.602855
1.703068
1.836282
1.601066
1.572655
1.696503
1.686632
1.379696
1.44988
1.848632
1.868225
1.826945
1.807101
1.740874
1.743354
1.765865
1.549673
1.850015
1.677262
1.801752
1.679774
1.648898
1.755686
1.492771
1.831651
1.740597
1.568454
1.676087
1.750701
1.87997
1.748475
1.903779
1.523181
1.584874
1.740552
1.72117
1.648193
1.381319
1.403557
1.598311
1.5389
1.588628
1.576005
1.691519
2.22852
1.737092
1.780721
1.515274
1.778108
1.681909
1.736126
1.570937
1.805431
1.804511
1.528603
1.988132
1.520951
1.94008
1.680826
1.618724
1.502331
1.956804
1.707206
1.776855
1.609024
2.151627
2.131265
1.65627
1.607247
2.037734
1.99832
1.355411
1.700193
1.957045
1.509124
1.936981
1.790776
2.142828
1.595491
1.490101
1.66412
1.815389
1.429637
1.647472
1.659486
1.880289
1.661018
1.92364
1.72973
1.556511
1.442515
1.637771
1.524568
1.62784
1.345538
1.73937
1.738707
1.70285
1.784068
1.845453
1.578692
1.926948
1.960984
1.73833
1.974448
1.651959
1.766417
1.522156
1.74623
1.697963
1.601643
1.749279
1.701079
1.739888
1.941536
1.835692
1.632791
1.705604
1.937977
1.662654
1.376371
1.587939
1.58949
1.891919
1.626907
1.553789
1.888091
1.694329
1.863036
1.833986
1.556424
1.835911
1.557048
1.454107
1.564942
1.873742
1.606733
1.597772
1.756707
1.761111
1.633042
1.789959
1.680524
1.556385
1.576463
1.499468
2.119631
1.593658
1.48749
1.862993
1.626772
1.812479
1.485524
1.587062
1.854282
1.580426
1.60099
1.548522
1.994967
1.845627
1.75639
1.55099
1.641623
1.547192
1.801812
1.813507
1.777547
1.526505
1.749569
1.733001
1.532975
1.909185
1.460973
1.571429
1.813796
1.501681
1.35295
1.466195
1.513174
1.755341
1.953716
1.868841
1.809942
1.583519
1.784138
1.88838
2.229182
1.639779
1.734951
1.648381
1.599583
1.620241
2.22738
1.655271
1.825452
1.70204
1.938898
1.50505
1.768232
2.036797
2.173285
1.567405
1.909558
1.715785
1.651011
2.169344
1.501848
1.448422
1.536377
1.680389
1.645847
1.585642
1.504667
2.074809
1.85993
1.607698
1.683208
1.565538
1.885867
1.720924
1.678351
1.714378
1.631795
1.901198
1.677442
1.620205
1.310417
1.573114
2.208462
1.48839
1.454022
1.597304
1.740087
1.683364
1.444867
1.826287
1.795075
1.743154
1.809672
1.793406
1.677315
1.916385
1.70615
1.563157
1.794983
1.736627
1.837929
1.721207
1.836927
1.630243
1.623621
1.59571
1.686235
2.008344
1.915201
2.029433
1.571034
1.614449
2.066366
1.990538
1.698115
1.663442
2.022205
1.596751
1.844495
1.498058
1.685617
1.63227
1.721462
2.207891
1.583867
1.543968
1.667083
1.715138
1.614374
1.8375
1.728509
1.615349
1.656123
1.581558
1.784441
2.285406
1.783866
1.601305
1.535706
1.789212
1.928852
1.819979
1.853811
1.810129
1.603535
1.824198
1.952496
1.59347
1.834011
1.625572
1.628747
1.832643
1.857034
1.547944
1.737236
1.747156
1.953163
1.905095
1.632999
1.6614
1.710921
1.611968
1.77338
1.709275
1.51355
1.491271
1.660138
2.01674
1.713808
1.638892
1.672456
1.591854
1.911075
1.680101
1.570548
1.642433
1.464312
1.780252
1.577162
1.497764
1.672745
1.696698
1.802419
1.784994
1.671658
2.074537
1.767964
1.995919
1.621118
1.37637
1.852145
1.518493
1.39641
1.776211
1.578769
2.027953
1.726404
1.894618
1.844937
1.777791
1.707802
1.820376
1.56262
1.777393
1.65799
1.617573
2.122559
1.561176
2.002649
1.859008
1.512931
1.482415
1.450869
1.827233
1.665303
1.637014
1.736205
1.730714
1.474707
1.706748
1.587534
1.707006
1.411078
1.402266
1.73148
1.758423
1.851893
1.919669
1.78892
1.85273
1.684482
1.836345
1.67254
1.441654
1.775101
1.481947
1.601546
1.843375
1.600501
1.595321
1.537837
1.604153
1.913019
1.857536
1.663955
1.535346
1.899161
1.904494
1.673953
1.655317
1.863406
1.541934
1.932271
1.696652
1.645013
1.796744
1.828822
1.555457
1.950455
1.813627
1.814934
1.890511
1.573259
1.552848
1.826906
1.660253
1.667872
1.644298
1.952424
2.095819
1.647587
1.542221
1.764491
1.631506
1.708356
1.746168
1.760243
1.545749
1.834458
2.011651
1.745155
1.551669
1.588918
1.544878
1.480947
1.614485
1.490306
1.760847
1.469934
1.60565
1.659554
1.553207
1.947447
1.682601
1.439352
1.87795
1.817851
1.731984
1.820834
1.583252
1.414958
1.497538
1.540712
1.78674
1.760116
1.801896
1.390304
1.57008
1.739667
1.778703
1.53499
1.679444
2.003112
1.819471
1.640268
1.879117
1.898934
1.833268
1.693862
1.74335
1.577344
2.168539
1.504769
2.139859
1.76129
1.598456
1.523817
1.819531
1.718326
1.658069
1.594978
1.454361
1.981738
1.597835
1.6091
1.557148
1.922078
1.729397
1.916179
1.907515
1.865823
1.448809
1.775823
1.891566
1.809121
1.632883
1.683492
1.620142
1.597033
1.883753
1.725073
1.750995
1.603626
1.793637
1.795537
2.03292
1.848643
2.080321
1.78627
1.72346
1.969692
1.845132
1.814684
1.318392
1.704887
1.673903
1.827294
1.754615
1.699415
2.059786
1.735625
1.988858
1.707772
1.733807
1.633564
1.698762
1.729836
1.795833
1.455698
1.728247
1.704651
2.091209
1.80426
1.454196
1.652549
1.716432
1.74292
1.50272
1.927622
1.375457
1.432023
1.373928
1.431528
1.356609
1.679547
1.659041
1.877391
1.902622
1.469136
2.11381
1.761191
1.954754
2.016909
1.995331
1.728687
1.539817
1.68477
1.516522
1.835101
1.5577
1.714088
1.674383
1.787032
1.782515
1.375552
1.7831
2.015183
1.748542
1.712781
1.605917
1.988748
1.619515
1.826462
1.579545
1.74242
1.79803
1.675936
1.562154
1.714516
1.708705
1.757647
1.596019
1.992919
1.48821
1.494804
1.842351
1.554106
2.090977
1.939985
2.036525
1.582035
1.788201
1.820574
1.469078
1.650416
1.783956
1.950684
1.439577
1.520532
1.660026
1.51115
1.67755
1.691929
1.732062
1.843625
1.629837
1.821173
1.713026
1.728231
1.704386
1.6107
1.716529
1.771613
1.92925
2.041377
1.441462
2.069313
1.747329
1.61913
1.936573
1.661908
1.50901
1.55764
1.632452
1.924785
2.049663
1.910018
1.744765
1.697825
1.772559
1.966124
1.666243
1.60256
1.682534
1.918339
1.631763
1.697512
1.905209
1.766168
1.506996
1.540203
1.873081
1.961387
1.623997
1.587472
1.7877
1.842283
1.847427
1.623532
1.613991
1.917649
1.606855
1.569879
2.086446
1.883458
1.767803
1.862315
1.786005
1.575856
1.654934
2.018469
1.655824
1.516771
1.363822
1.956162
1.686602
1.424795
1.725231
1.70011
1.876224
1.808874
1.96109
1.871108
1.509737
1.667793
1.662274
1.940251
1.683134
1.85434
1.534839
1.606955
1.570556
1.276131
1.617653
2.010564
1.796355
1.973867
1.613159
1.820597
1.472965
1.527873
1.682326
1.617155
1.466968
1.805044
1.523623
1.551243
1.641267
1.519384
1.409187
1.791604
1.578094
1.630153
1.560848
1.764339
1.799371
1.95428
1.647906
1.797688
1.496264
1.849675
1.834376
1.619841
1.691878
1.661124
1.704138
1.582018
1.949594
1.572862
1.902695
1.892447
1.632769
1.671756
1.694364
1.572029
1.777008
1.727203
1.610118
1.951736
1.510286
1.583541
1.364661
1.890309
1.539746
1.584942
1.713119
1.947459
1.564391
1.583201
1.782374
2.073521
1.671682
1.786981
1.71149
1.914196
1.724525
1.980443
1.682879
1.451581
1.566363
1.562063
1.493653
1.430611
1.763195
1.90889
1.627161
1.753785
1.608074
1.576605
1.59671
1.545613
1.697638
1.720337
1.811816
1.504967
1.804603
1.68886
1.473747
1.711647
1.887675
1.811813
1.635935
1.998441
1.796587
1.677487
1.597103
2.00907
1.946632
2.058823
1.798038
1.641781
1.602812
1.662176
1.725675
2.003407
2.249755
1.612405
1.758428
1.681393
1.757325
2.072889
2.174841
1.713128
1.965988
1.832919
1.699148
1.699432
1.5106
1.763679
1.855907
1.649398
1.840816
1.823787
2.258354
1.772547
1.707517
1.578454
1.8506
1.731598
2.165322
1.853902
1.874367
1.876665
1.861585
1.851483
1.620972
1.808132
1.757581
1.573567
1.712876
1.914817
1.539595
1.586442
1.858655
1.817279
1.819976
1.613646
1.885318
1.733303
2.060138
1.638102
1.372422
1.479811
1.626558
1.721782
1.725529
1.718793
1.453734
1.74343
1.257366
1.571678
1.925289
1.740422
1.547887
1.300666
1.620827
2.111355
1.663711
1.645788
1.91055
1.58596
1.851067
2.013817
1.661818
1.719353
1.720203
1.969233
1.585403
1.773543
1.864369
1.673792
1.606444
1.615872
2.169997
1.687244
1.354783
1.609487
1.620718
1.452059
1.532262
1.664805
1.553013
1.444934
1.539186
1.800255
1.500721
1.580485
1.441299
1.808548
1.629406
1.74021
1.655815
1.61917
1.7094
1.656923
