9.005705
8.814569
8.490778
7.637429
7.437914
7.950997
7.783529
7.84983
7.831492
8.499066
8.688252
9.186621
9.122654
9.009009
8.51147
9.412342
9.147311
8.148265
7.50719
7.364297
6.999617
7.073179
7.036219
7.557778
7.361312
7.230902
7.190863
7.049823
7.868577
7.709456
6.887576
6.69109
6.665251
6.210025
5.552618
4.313129
5.303991
5.869142
5.611699
5.795929
6.084061
6.26557
7.204238
7.613534
7.640612
6.951484
6.496661
6.905605
7.935575
8.175131
8.317699
8.195593
7.509776
8.244512
8.451314
8.051874
6.715174
6.893875
7.954072
8.121245
8.412053
8.43711
8.837118
9.124417
8.785731
8.740241
9.270466
9.344211
9.462011
10.08604
10.38456
10.7027
10.28276
10.22246
11.01021
11.00279
11.31484
10.93815
11.5233
11.12027
11.66821
11.87688
11.74413
11.4819
11.90547
11.82069
11.14362
10.80832
10.6725
12.00875
12.54553
12.5624
13.08563
13.34385
12.57618
11.03787
10.07795
10.59217
10.28928
10.33461
9.946966
10.09838
9.787447
10.28081
11.10723
10.96535
11.10701
11.49563
11.00957
11.7059
11.23818
11.17964
10.73505
11.32484
11.14857
10.85326
10.84018
12.06539
12.33764
12.02595
12.20292
12.30483
12.02687
12.82191
12.83351
12.78313
12.73861
12.3794
11.70391
12.46249
12.87701
12.84065
13.89071
14.94308
14.85683
14.91617
15.61663
14.95688
15.11068
13.65287
13.76526
14.2713
13.36716
13.29472
13.22155
12.67895
13.28312
12.78689
12.14225
11.39388
11.48112
11.08194
11.12152
11.78645
11.48912
12.42235
12.65062
13.19859
13.20054
12.06103
11.70188
10.83289
10.95506
11.51035
11.7735
11.71496
12.00433
12.28774
12.60349
12.78834
13.12988
13.03391
13.19333
13.2233
12.44685
12.47428
11.97806
12.70167
11.98878
12.11753
11.84583
11.40572
11.74052
11.83487
11.48058
10.91505
10.71598
10.98809
11.07742
10.96761
11.0211
10.78008
10.64496
10.28445
10.00254
10.6417
11.13659
11.55855
11.67844
11.13016
10.62386
11.8821
12.36569
12.83797
12.92465
13.28116
13.29554
14.70676
14.36562
14.40807
13.77863
13.0503
13.21582
13.32188
13.59955
12.5774
13.45371
13.74299
14.26161
13.61207
13.92997
13.40822
13.05943
13.02242
13.15172
13.89761
14.05177
15.35142
14.98462
15.14382
15.39772
15.58795
15.92088
16.26343
16.1473
16.29938
16.12218
16.79584
17.52349
17.45217
18.09968
17.697
18.89818
19.08233
20.36568
20.4664
20.87336
21.25909
21.60883
21.54156
20.92726
20.91917
21.29309
21.67119
21.24172
20.71833
21.57319
22.16804
22.46266
22.23628
21.35207
21.64707
21.74251
21.12664
20.40672
19.05917
18.76075
18.59097
18.47368
19.19604
19.40993
19.52483
19.63952
20.77047
20.16913
19.81856
19.56044
19.7341
19.75004
20.80587
20.72974
20.58467
20.47618
19.62316
19.26989
19.84474
20.50368
21.01358
21.43649
21.60524
21.83034
21.72451
21.00769
20.48665
19.74065
19.72669
19.89232
20.29142
20.63743
20.7062
20.72049
20.27433
19.93082
19.81213
19.78963
19.60224
19.87154
20.30625
21.1666
20.20538
19.86158
19.52313
19.09858
18.54419
18.6011
17.69124
16.74905
16.39632
16.42078
15.72357
15.26365
15.78493
15.23796
14.98098
14.29532
13.18103
12.99725
13.11427
13.41247
13.57753
13.19931
13.97478
13.7241
13.73024
13.03603
12.62701
13.27559
13.08572
13.14271
13.71142
14.13506
14.51515
14.35923
14.4918
15.1069
15.51847
15.61274
16.39376
16.45623
16.77814
17.53386
16.72108
17.50461
17.34662
17.39426
17.59413
17.83588
18.36608
18.48295
19.34307
19.63166
19.56024
19.75123
19.08225
19.4863
19.17561
19.54318
20.07496
20.00055
20.18795
20.18923
20.97083
20.79674
20.72345
20.00244
19.80836
19.53689
19.77781
20.3362
20.8567
20.79666
21.78385
22.10624
23.16791
23.45743
24.12858
23.39394
23.6759
23.80503
23.99243
24.7961
24.25624
23.87813
24.21073
25.19747
25.70514
25.48107
25.79509
25.73646
25.58698
25.26512
25.51193
24.55804
24.45087
24.57511
24.86082
24.96656
24.90486
24.82613
24.68968
24.3171
23.54003
23.62983
22.93594
23.04261
22.89088
22.50706
22.74309
22.83799
22.63852
22.64096
22.78908
23.62804
24.86546
25.27247
25.88979
26.21409
26.43362
26.61091
26.69164
26.25479
26.19188
25.89031
25.15653
24.43684
24.4446
24.23916
24.31367
24.45671
24.83475
24.13633
24.32288
24.29858
24.08461
23.52905
24.07213
24.05568
25.56928
25.62107
25.83736
25.32079
24.67899
24.24862
24.73274
24.9206
24.85868
26.0068
26.26971
26.07104
26.8602
26.41226
25.28553
25.30922
25.56762
25.63244
26.07427
25.96707
26.34241
25.85994
25.53482
25.41958
26.3503
26.64788
26.69708
27.6096
27.93491
28.46335
28.10014
28.03985
28.36187
28.33751
28.43842
28.14286
28.25162
27.42004
28.3242
28.33868
28.62388
28.77109
28.44315
28.93781
29.02582
28.53156
29.0226
29.32237
29.2008
29.14956
28.64735
28.6845
28.01649
28.4754
28.70709
28.89458
28.4833
27.99774
27.09013
27.28076
27.03687
27.16195
27.0985
27.94456
27.41894
27.40258
28.22947
28.4721
27.97816
27.80729
27.85096
28.19281
27.93502
28.06003
28.50266
28.70426
28.48613
28.13455
28.68891
29.38441
30.16621
29.9914
30.42372
31.26149
31.5804
31.02972
31.69809
31.80108
32.20626
32.33837
32.16252
32.39816
32.40782
32.75016
32.29572
32.9421
33.80933
33.96463
34.0967
33.94147
33.55075
33.62195
33.82332
33.61648
33.78209
33.41172
33.888
33.88604
33.43108
34.14409
33.83243
33.84286
32.8388
32.51624
32.05334
32.62002
31.84898
32.80867
33.05623
32.7634
32.47843
31.895
31.79543
32.00461
32.64132
32.04877
32.48378
32.32773
32.51111
32.28754
32.36157
32.61644
32.22141
32.74802
33.87292
33.81069
34.17485
34.63099
34.87534
34.68236
35.47495
36.03068
35.69477
36.03388
36.45314
36.48074
36.5031
36.941
36.58764
36.26801
36.18108
35.94784
36.15842
35.23274
35.05142
34.70301
34.48659
34.53209
34.1531
33.90357
34.79944
34.77965
34.52441
34.89612
34.91573
34.91731
34.88406
34.6064
34.25714
34.99602
35.7953
36.22343
35.92425
36.37466
35.22034
36.11252
36.78576
35.9809
36.22178
36.47052
36.17132
36.12665
36.02947
36.36608
36.55531
36.43879
36.51085
36.21226
36.62296
36.24956
36.31121
36.87263
36.59849
35.77849
35.77234
35.38251
35.9181
36.23663
35.98928
35.91339
36.55698
36.899
36.47475
36.13827
35.70728
35.72949
35.47985
35.3545
35.96815
36.23714
36.36638
36.60449
36.78981
36.49737
35.9334
35.8089
36.28244
36.3044
36.27268
34.9916
34.52369
33.5838
33.18994
33.06346
33.0634
32.40055
32.4933
31.70503
31.10355
31.1054
30.87543
31.61526
31.48015
31.93646
31.41717
31.4049
32.3879
32.58842
33.32347
33.55019
33.66677
33.28722
33.15147
32.63501
32.55137
32.57432
32.42031
33.18485
32.74865
32.46235
32.92655
33.15136
32.63857
32.56947
32.36563
32.09144
31.65492
31.3326
31.85263
31.81547
31.88652
33.44991
33.08298
33.25616
32.59983
31.95197
31.52621
32.21033
31.60338
31.15227
31.09905
31.1098
31.3697
29.81252
29.79125
30.3922
29.90841
29.09296
29.1882
28.63136
28.94375
29.24584
29.006
29.58069
29.64147
29.79324
29.47579
29.20805
29.42688
29.86382
29.29216
28.71172
29.32873
29.36012
29.30984
29.14256
30.14322
30.22519
30.02259
29.825
29.94942
29.7319
30.67982
29.67151
29.63984
29.58754
29.37627
30.86044
30.96212
31.15243
31.5638
32.10388
31.9116
31.9407
31.50483
31.49653
30.42442
30.63478
30.60063
30.6088
30.71478
30.28086
30.70828
30.10307
29.69897
29.96627
31.03961
31.18375
30.63001
31.16398
30.74328
30.3633
29.22273
29.28999
29.18968
29.12513
28.63435
28.2574
28.66547
28.03874
27.95199
27.64912
27.72542
28.01427
28.12565
28.04332
28.40053
27.96508
28.50876
28.81388
28.74303
29.42714
28.87383
29.07664
29.45904
29.77657
30.32899
31.08271
31.52016
31.82872
32.66067
32.37248
32.46536
32.29703
31.89806
31.63034
32.07391
31.97186
32.0944
31.18362
30.41787
30.17131
30.04794
30.57204
30.65813
30.24326
29.94468
30.55748
31.07847
31.19632
30.71629
31.06033
31.64822
32.12966
31.95449
32.54189
33.53636
34.07351
33.73358
33.86361
34.1116
34.54276
34.43289
33.89957
34.88702
34.47757
34.46438
34.88037
34.164
34.93424
34.5535
34.71843
34.97241
35.7579
35.97643
36.33866
36.12801
36.85979
36.88005
36.79614
37.26078
37.53711
37.47513
38.01529
37.66833
37.61906
37.40281
37.25443
37.13452
36.59471
36.5086
36.54524
36.60644
36.63706
37.21522
36.99165
37.18142
37.0752
36.83981
36.99723
37.84399
37.68489
37.87723
38.37192
39.17188
38.93982
38.38993
38.09088
37.95642
38.03287
38.24598
38.12171
38.36313
38.52567
39.48142
39.89316
39.58204
40.62107
41.58009
41.72653
41.47475
40.51725
41.61354
41.72488
41.72674
41.10494
40.32322
40.03891
39.56387
38.64152
39.15033
39.10251
38.89944
39.68566
39.34353
38.58928
38.69651
39.21248
38.45434
38.32964
38.68373
38.11758
38.55775
39.25629
38.92135
38.5367
39.08913
39.3162
39.55099
40.6008
40.58135
40.34366
40.8405
41.75729
42.85486
43.41007
43.27776
43.13752
42.12186
42.19413
41.79463
42.12867
42.46555
42.67103
42.7816
42.72092
42.14272
41.36117
40.83215
41.28263
41.10161
41.75713
42.55298
42.37912
43.01212
42.89501
43.2287
42.72898
42.45357
43.10562
43.51691
44.13895
44.32846
44.54685
44.49487
44.65317
44.76071
45.06834
45.4628
45.41251
44.28417
44.92498
44.72697
44.10706
43.58509
42.16021
41.78182
41.12779
41.487
41.61626
41.22328
41.10994
40.70274
40.83721
41.1207
41.33085
41.81076
40.82665
40.88585
40.8819
40.27179
40.85885
40.4254
40.66645
40.60166
40.35499
40.16774
39.91372
39.35974
39.80303
39.48387
39.5555
39.89272
40.03555
40.78519
40.77024
41.06354
41.54083
41.41711
41.31323
41.28294
40.86634
40.34852
40.55405
39.66641
39.78643
40.24496
40.75156
41.65448
41.00089
40.62978
41.31909
41.76521
42.06152
41.67656
41.69417
41.83895
42.44589
42.60313
42.29109
41.76917
41.25966
41.16625
40.8601
40.18952
40.22686
40.30491
39.67589
39.99596
40.28595
40.54878
40.23145
40.09083
39.92463
39.81465
39.73009
39.57132
39.42567
39.33283
39.29586
38.76612
39.32422
40.3651
40.83979
39.97616
39.74482
39.98818
39.12476
39.07588
39.6597
40.46685
40.84775
40.7461
41.16496
41.19119
41.34318
41.65971
42.03022
42.17815
42.1516
42.26868
42.12066
42.9068
43.11584
43.77981
43.60293
43.16548
42.78661
42.37931
41.79652
42.42684
42.25595
41.58151
41.47079
41.53968
41.60575
41.26597
41.16386
41.1253
41.55833
41.66222
41.69283
41.88882
41.78405
41.34838
40.9788
40.4074
40.25707
39.7312
39.78677
39.72048
39.31297
39.40661
39.57215
39.69066
40.4876
40.18013
40.04964
39.48449
39.54083
39.30702
39.51354
39.67973
40.06661
40.70108
40.73977
40.24759
40.56633
39.95053
40.5622
40.58716
41.54625
40.84891
41.60825
40.42744
40.61697
40.00752
39.89193
40.12201
40.61739
39.7888
39.1465
39.40155
38.99295
39.49367
40.03554
39.74764
40.31709
40.98332
41.06517
41.27271
40.65719
40.98064
41.32359
41.7509
41.60224
42.18518
41.47381
41.23729
41.2516
41.3557
41.19277
41.26078
41.3771
41.35894
40.90334
40.59408
39.38179
39.15923
38.67257
39.00575
38.59012
39.61085
39.85882
40.11699
40.42793
39.92658
40.73826
40.84533
40.71836
41.20489
41.6708
41.60717
42.30791
43.28181
43.12132
43.15446
43.47143
43.58382
43.8622
43.63141
42.90882
42.65192
42.87041
42.37257
42.99373
41.84313
41.52021
40.78835
40.27728
39.89187
38.92589
39.08613
38.87687
39.71613
39.73919
38.55521
38.64375
37.54371
38.47103
38.21343
38.2642
38.18018
38.16466
38.1032
38.56413
38.69306
38.70267
38.33935
37.99702
37.92381
37.09175
37.02384
37.2147
36.19274
36.23659
36.11017
35.28855
35.045
35.14746
35.41614
35.52745
36.24115
35.73981
35.07507
35.3498
34.96065
34.51098
35.53706
36.12352
35.65264
35.05906
34.80199
35.19553
35.26676
34.90036
34.6776
34.47094
34.73728
34.3563
34.88469
34.59196
33.78652
34.30816
33.6529
32.78011
32.82673
32.71711
32.42456
33.10233
32.97597
32.54022
32.67453
32.50933
33.17301
33.35529
33.407
33.68598
32.81523
33.06755
32.93824
33.47325
33.96997
34.5738
35.21549
35.03368
34.25359
33.98408
34.25342
34.44474
33.92701
33.64105
33.63724
33.58511
33.7555
34.17043
34.76231
34.57829
34.63795
34.61211
35.04875
35.62182
35.19103
34.6748
34.46869
33.95956
34.91586
34.51642
34.76546
34.38164
34.42325
34.94191
35.63859
34.53099
35.22695
34.85001
35.31435
35.44396
35.0908
35.03113
35.06261
35.09942
35.39737
35.15038
34.86645
34.84632
35.44662
34.42907
34.89419
35.59685
35.0436
35.58415
36.25306
36.17469
36.00355
36.38919
36.54642
37.384
37.97399
38.80212
38.95272
40.13365
40.05006
41.22839
41.31605
40.71388
40.16754
40.73015
40.6019
40.38775
40.98729
41.05059
40.87749
40.32687
40.6531
41.15661
41.45223
41.59636
42.09881
42.68726
42.2962
43.13261
42.57299
42.97803
42.45213
43.0646
43.77077
44.09332
44.17669
44.07925
43.81999
43.90899
44.8868
44.29903
44.85024
44.81568
44.71626
43.94785
43.09548
43.90177
44.30261
44.68894
45.7229
46.36657
47.75455
48.01103
47.94906
48.22917
49.18044
49.37252
49.48222
49.26602
49.7711
50.48532
50.98735
50.75362
50.9595
50.96531
51.32958
51.52951
51.97364
52.33612
51.46763
52.00612
51.79502
52.03497
52.84951
53.03643
53.02393
52.80944
52.31101
51.69363
51.96758
52.11681
52.4832
52.44778
52.52017
52.7215
51.94472
52.31599
52.9605
53.24299
53.48983
53.81992
54.00537
53.91218
53.11013
52.60919
51.91813
52.30133
52.80477
52.58951
52.42758
52.38959
52.66676
51.99461
52.84823
52.83303
52.67476
52.44173
53.12755
53.43092
54.19516
54.33286
54.73126
54.62478
54.84679
54.47519
54.26631
54.13443
53.17219
52.83374
52.22417
52.03882
51.58859
51.90932
52.62729
52.52705
53.26157
53.27112
53.41038
53.52865
53.66452
53.50718
53.33335
53.79699
54.14966
54.69859
54.61303
54.73458
54.78541
55.20031
55.14658
55.27202
55.3364
55.0943
54.85897
55.13607
54.97605
55.18546
55.50646
55.38023
55.31532
55.00622
55.15141
55.65898
55.50996
54.96546
55.7861
55.94819
56.22226
56.98579
57.46899
57.60574
57.39112
56.63968
56.56293
56.24517
56.16403
56.8257
56.16703
56.27891
54.8822
55.38976
55.31897
55.08565
54.96115
55.06749
55.75627
55.42593
55.67768
55.70001
56.39878
57.04525
57.83242
57.90428
56.95246
57.04085
57.06927
57.04874
56.90908
57.06739
57.1067
58.30352
58.32059
58.23603
58.82855
58.34788
58.59228
59.17707
58.40449
58.33565
57.41073
57.56147
58.18563
58.08834
57.5952
57.17078
56.80726
55.62351
55.08353
54.47655
54.44301
53.92212
55.27893
55.57814
56.24998
55.6065
56.2183
56.09393
55.64433
55.163
55.42471
55.38061
55.66632
55.84453
55.57111
56.15162
56.35733
57.67293
58.39903
58.28324
58.37408
58.74158
58.62554
59.29871
59.57017
59.93614
60.36964
60.19697
60.85781
61.51407
60.88923
60.89327
61.2344
60.76998
61.10795
60.67737
60.19156
60.63937
61.36677
62.97261
63.11046
62.65178
62.80792
63.24033
62.98568
63.52895
63.48982
64.05113
64.72672
65.3792
65.64484
66.40113
66.217
66.26541
66.18617
65.89511
65.929
65.67538
65.10097
64.917
65.08964
64.93964
65.48795
65.11486
65.10973
65.30037
65.4516
65.92992
64.98711
64.0412
63.53617
64.2347
64.83235
64.77981
64.64417
64.09985
64.16051
64.50289
65.73927
64.72235
64.59388
64.09231
63.25307
62.40864
62.37224
62.07295
61.01025
60.4845
60.47883
60.53056
60.81617
60.72412
59.8096
60.67561
60.82301
60.0483
59.87405
59.50122
59.63473
58.8676
59.02417
58.0199
57.70175
58.01102
57.91048
57.81359
58.28385
58.30332
58.18702
57.84088
57.99283
57.19234
57.05842
56.59163
56.20958
56.35417
56.09349
56.06522
55.72915
55.26991
53.86288
54.44855
54.05369
55.19538
54.94495
54.62501
54.6076
53.9289
53.93658
54.32561
54.13714
53.668
54.15427
53.85848
53.86513
54.49702
54.32516
54.94214
55.54254
55.16085
55.41585
55.2657
55.15711
55.24407
54.67457
54.96919
55.24384
54.92602
54.21801
54.09798
54.40283
54.32955
54.62477
54.68799
54.50669
54.55846
54.25609
53.87479
53.25153
52.66535
52.07918
52.99499
53.17109
53.73082
54.41996
53.8369
53.924
54.45929
53.70308
54.29958
54.87444
54.22077
54.70644
54.71162
55.16221
55.56579
55.11241
54.8729
54.63156
54.91058
54.77808
54.5348
54.74866
54.08418
54.73829
54.6581
54.07113
55.08251
55.09181
55.84346
56.48131
56.82183
56.26353
57.29086
56.76382
56.71543
57.16343
56.99242
56.74549
56.29748
56.53491
56.51137
56.88256
56.62664
56.52473
56.89615
56.61024
55.99057
56.18116
56.19284
57.17227
57.22105
57.32349
57.06941
57.603
57.05695
57.12738
56.32127
56.09028
56.40983
56.14459
56.45048
56.59853
56.69513
57.36206
57.56619
58.26501
57.97616
58.1583
58.89323
58.60379
58.80357
59.45229
59.18135
59.2159
59.35102
59.56391
59.41139
59.41061
58.92455
58.93477
60.41685
60.47473
60.87385
60.83065
61.00796
61.89986
61.68728
60.90386
61.0989
60.59006
60.48098
61.6707
61.61053
61.55592
62.64509
62.36265
63.23187
63.30947
64.17573
64.39195
64.4621
65.09572
64.86206
64.69518
64.40104
63.67564
63.04405
63.12837
63.40062
63.33623
64.23117
63.85787
63.59047
63.63166
63.58458
63.24286
62.96686
62.82583
63.79319
63.66488
62.89263
63.98729
63.68768
63.49318
64.18564
64.02689
64.61373
64.14982
64.00849
63.72115
63.9878
63.3513
63.74101
63.40903
63.01592
63.57838
63.3236
62.9565
62.55082
62.55705
63.08099
62.77376
62.03457
61.58572
61.54783
61.863
61.99381
62.31616
62.31603
62.8163
63.11037
63.07811
63.22723
63.82945
62.72297
63.00832
63.04475
63.35807
64.11685
63.98205
64.93993
65.26964
64.57195
64.86832
64.36542
64.9376
64.63262
65.15349
65.04474
63.72059
63.06976
63.20847
62.53884
62.44367
62.31852
62.22103
61.97998
62.21491
62.58574
62.89814
62.89613
62.81314
62.67097
62.48444
62.70045
62.55638
62.28707
62.09248
61.9317
61.66938
61.66891
61.75621
62.21947
61.05401
60.79812
59.42158
59.01072
58.21529
58.20678
58.69083
57.80323
57.00773
56.61902
56.6042
55.78834
55.40998
55.38179
55.96708
55.73746
55.69218
56.01236
57.00936
57.70529
57.1457
57.34629
57.17344
57.27176
56.91079
56.86773
57.40858
58.00054
58.53056
58.59589
59.0711
59.20941
59.32689
59.44956
59.82321
60.0281
60.2879
60.23844
60.84373
61.3207
61.30817
60.60896
60.90499
60.74293
60.55654
60.16812
60.44982
59.85047
59.82632
59.44615
59.84706
60.28313
60.81892
60.4356
60.81094
61.53887
61.7923
62.13335
62.15654
60.97644
61.94668
62.51744
62.41962
63.06093
63.29597
63.06951
63.42478
63.90678
63.85143
63.39148
64.03092
64.29064
64.00417
63.33528
62.62391
62.95714
63.17865
62.82369
63.08354
62.25015
62.35485
62.85436
63.17268
63.69546
63.83742
63.91512
64.47834
64.27649
63.56356
63.00886
62.91522
62.60203
62.2827
62.50988
63.46244
63.76655
63.57748
63.02426
62.87896
63.57003
63.77777
64.16639
63.68153
63.58852
62.80849
63.61111
63.87452
63.63888
63.43023
63.36461
63.244
62.56003
62.49198
62.26212
62.49257
61.76888
61.30556
61.31861
61.67505
61.12885
61.11093
62.04415
62.6084
63.04834
63.65272
63.49663
64.0974
63.96052
64.43232
64.83523
63.90484
63.75429
64.53484
64.42619
64.55614
64.50433
64.33806
65.50221
66.11216
66.64966
67.31531
68.1259
68.89953
68.92363
68.77443
68.99497
68.52251
68.34531
69.03188
68.56015
68.64475
69.24886
69.99075
70.20354
69.89908
69.70905
69.24993
68.72947
68.63762
68.51301
68.53327
68.18074
67.91036
67.29572
67.35571
67.32544
67.20217
67.03103
67.18488
67.20823
67.35407
66.65947
66.21714
66.42901
66.50373
65.89637
65.56296
65.48064
64.95904
64.99413
64.8433
64.74458
64.82564
65.11912
65.47733
65.56805
66.07394
66.40075
66.00746
65.18053
64.91578
65.55441
66.27543
66.37023
65.87656
65.59466
65.69742
65.9314
65.83089
66.12317
66.25409
66.5536
66.28359
65.97459
66.8729
66.55283
67.46351
67.95531
67.47496
67.77471
67.73344
67.70133
67.6711
67.64695
67.81485
67.5637
67.18386
67.21219
66.96675
66.84422
66.27702
66.02927
65.70456
66.0564
65.54033
64.00895
63.6148
63.34977
63.20775
63.51076
63.83919
63.38497
63.70429
63.72852
64.02949
64.07226
63.926
63.37156
62.95256
62.84274
64.03518
64.04456
64.99767
66.44427
66.23075
65.25406
64.94669
64.6321
63.85306
64.29219
64.20256
63.92066
63.72578
63.20428
62.34051
61.67083
62.21286
62.74141
62.81519
62.83261
62.6465
62.66438
62.82239
62.37624
62.96901
62.7328
63.10564
62.66454
62.861
62.77202
62.84478
62.31747
62.23469
62.99212
62.77686
63.25856
63.324
63.19138
63.06253
62.59715
61.6428
61.51727
61.32846
61.49624
60.90931
60.81498
59.44363
58.60759
58.60311
59.16652
59.77145
59.73802
60.05081
59.64347
60.02527
60.09674
60.39821
60.69156
59.77352
60.04538
60.40968
61.28078
61.54427
62.67551
62.05442
61.99738
61.63551
61.52054
61.43202
60.84447
61.21344
61.69655
62.57968
63.69196
64.28036
65.20036
64.57661
64.94527
65.43245
65.83905
66.59073
66.67513
67.68281
68.06677
68.31075
68.60009
67.91404
67.90059
66.40674
66.03745
66.39452
65.47934
65.47289
64.91754
64.09161
63.26902
62.76737
62.30739
62.62377
62.75937
62.23848
61.85367
61.8846
61.70638
61.56991
61.67359
63.08996
62.99099
64.31136
64.24564
63.90811
63.64067
63.65222
63.85767
63.69657
63.31295
62.83708
63.18867
63.39
63.42486
63.34321
62.98084
63.22839
63.15006
62.97399
63.33627
63.35449
63.40595
62.99952
62.93605
63.01044
62.52902
62.9925
63.33161
64.15132
64.66157
64.38467
64.84302
64.6051
64.35928
64.17882
63.80355
64.10905
63.6566
64.13779
64.15604
64.26242
63.83625
63.82178
63.89144
64.0799
64.21296
63.73051
64.12855
63.60842
63.86428
63.90712
63.81542
64.22054
62.93286
62.70027
63.55572
63.14283
63.17495
62.29601
62.8056
62.0381
61.80702
61.27749
59.98341
60.1119
60.22614
60.37339
61.12203
60.99922
60.41418
60.07479
59.97568
60.18916
60.70167
60.40771
60.09748
59.91254
59.90189
59.54974
59.59273
59.17891
58.83328
59.15093
59.55143
59.79657
59.61843
59.75956
59.24507
59.44446
59.29743
59.38285
59.22273
59.06834
58.61843
58.7216
60.03252
59.5184
60.01947
60.59043
60.76266
60.84698
61.14029
61.07534
61.70529
61.30977
61.19344
61.34277
61.99777
61.73576
61.5078
61.2344
61.6028
60.96695
60.74475
60.32246
60.03348
59.35144
58.86479
58.66383
58.53943
58.11452
57.88965
58.40202
58.56027
58.67081
58.67782
58.35512
57.81784
57.3786
57.16047
57.13062
57.52438
57.04342
58.36166
58.08265
57.34386
58.00295
57.93119
58.52576
57.89295
57.78736
57.30611
57.47064
57.37138
56.01926
55.88983
54.63133
54.49373
54.1342
54.43181
53.48956
53.19522
53.32622
52.63395
53.04817
52.65773
52.13798
51.876
52.37467
51.78185
52.2387
51.84364
51.62706
51.78327
52.22687
53.34431
53.15679
53.19586
53.05739
52.43965
52.20677
52.11944
52.3488
52.42107
52.7916
52.30746
52.00612
52.1338
52.91589
53.07065
53.39985
53.82947
53.81406
53.7245
54.38726
55.05082
55.97533
55.82949
55.32048
55.51405
54.6906
54.80913
53.87414
53.55299
54.96506
54.92357
54.7044
55.35705
54.31534
54.21783
54.12873
54.25715
54.92612
54.35283
54.96485
54.08236
53.23596
52.51336
52.65022
52.48839
52.73142
52.1977
52.49439
53.04113
53.4488
53.93799
54.12297
54.37296
54.24764
54.42846
54.98169
54.75021
54.69561
54.94757
56.06076
56.16887
55.8743
56.11182
56.39379
57.42564
57.43984
58.29824
57.94617
58.53577
58.45331
58.25231
58.06691
58.3621
57.98195
57.95275
58.62358
58.49882
59.2293
59.74884
60.05039
60.45747
61.48861
61.54984
62.25941
63.12439
63.65691
63.86607
64.09036
63.53868
63.33638
63.25209
63.37821
63.41604
63.17472
63.00247
63.45157
63.2731
63.29076
63.3289
63.03493
62.63444
61.88538
61.16081
61.42157
60.74206
60.48347
59.89721
59.69702
59.90421
60.20029
59.68243
60.19301
60.88162
61.54442
61.69575
61.12262
60.86808
60.96646
61.2247
60.23986
60.36866
59.99743
60.48088
61.05969
61.17912
61.02951
60.57941
60.12536
60.4825
60.47919
60.88588
61.80529
62.06508
62.27523
61.70204
61.14404
61.3003
61.48336
61.56102
61.35744
61.25593
60.50439
60.4396
60.27471
60.24744
60.91482
60.99773
61.21396
60.15753
60.41017
60.64653
60.53355
60.52357
61.31728
61.61273
61.63324
61.60544
60.5038
59.75358
59.81642
58.84455
57.96298
58.40518
57.98288
58.32631
58.27954
57.9136
57.44054
56.34193
55.69547
54.53918
54.60546
54.86862
55.57568
55.70993
55.06606
55.74959
55.1407
55.54952
56.00876
55.90098
57.74521
58.60995
58.68319
58.40147
58.16164
57.37951
57.0016
56.15012
56.49233
56.79932
57.31303
57.85303
57.98946
57.57003
57.23624
58.2022
59.0074
58.87615
58.46513
58.88521
58.2773
58.51788
58.80912
58.82032
59.00997
59.19982
58.21114
57.96746
58.04958
58.12325
58.25531
58.56938
58.66536
58.07287
57.67189
58.43033
58.43927
58.0466
58.46355
58.6916
58.4885
58.51579
59.11823
58.95914
58.68698
58.0968
58.89042
59.54159
59.15037
58.29716
59.12257
59.44066
59.83752
60.26657
60.53372
60.79615
61.53504
62.20953
62.04495
61.77355
61.85395
61.43863
60.73773
60.96412
59.78851
59.99371
59.76488
60.16822
59.63593
59.38781
59.55171
59.02552
58.62698
58.59567
58.72475
58.38923
58.25741
58.25065
58.3048
58.03983
57.0391
58.09734
57.83106
57.67806
57.59464
57.89342
58.77292
59.32488
59.05912
59.17637
59.44559
59.47473
60.25984
59.90124
60.44693
60.90486
61.02956
60.45238
60.35683
60.88685
61.38356
60.77423
60.41784
60.6614
60.77086
61.66735
61.29383
60.57684
60.7716
61.28659
61.10155
60.67755
61.44673
61.20454
60.93803
60.78065
61.33048
61.84048
62.6193
62.88738
63.98476
62.44899
62.00072
62.4136
62.47015
62.35021
61.92702
62.0675
62.96747
63.19113
63.81518
63.94038
64.3903
65.03755
64.689
63.66972
63.6643
64.22121
64.01717
63.68429
63.53855
63.16258
63.22864
63.40422
63.63445
63.38132
62.14373
62.27969
63.05549
63.43733
62.96085
62.8628
62.74747
63.28915
63.48021
64.62374
65.51883
65.97536
65.88436
65.67885
65.81195
65.81153
65.13378
65.09617
64.69637
64.84151
64.96863
65.06391
65.6018
64.92597
65.13136
64.76802
65.7488
66.1439
66.83227
67.94827
68.85838
69.44369
69.69539
69.75887
70.0839
70.30621
70.27441
70.34117
69.52559
69.8488
70.33013
69.85389
70.19806
70.23812
70.57542
70.11671
69.45739
68.79356
68.72311
68.60936
68.0547
68.54585
68.46809
67.90826
68.2831
67.60282
67.13233
67.61969
67.18755
67.1725
67.28097
67.85882
67.68451
67.15762
66.70655
65.60849
65.97026
65.04532
64.77529
65.11374
64.41123
64.04852
64.09077
63.77363
64.27132
64.93876
65.06373
64.4584
64.08292
64.10018
64.26517
64.98807
65.01632
65.1859
65.30398
65.38633
65.47501
65.30313
65.06995
65.38317
65.25399
65.40418
65.43477
65.62533
66.14566
65.68136
65.6718
64.40328
64.46021
64.42547
64.37351
63.83409
64.02595
64.17441
64.70942
64.95361
64.16925
64.4606
64.69864
64.64032
64.70514
65.12175
64.21788
63.14169
63.10476
63.37113
63.56401
63.8046
64.05782
63.61514
63.73192
64.65331
65.02457
64.89903
64.77401
64.06255
64.26115
64.50812
64.53271
64.7428
65.21053
64.81618
64.41329
63.65978
63.92051
64.4281
64.98937
64.90092
64.25461
64.44944
63.87413
63.90902
62.77267
63.07924
63.66233
63.9081
63.62582
63.45489
64.36597
64.84489
64.93997
64.78422
64.23281
64.06592
64.10125
63.3571
63.04799
62.29462
62.01684
61.82691
61.66944
60.82692
60.7323
60.98112
60.67942
60.68397
60.50715
60.52052
59.9668
60.0282
59.29925
59.71616
59.73359
59.70571
60.15486
60.65053
60.38122
60.11772
59.31545
59.29097
59.40917
59.78708
59.0886
58.9422
59.37144
59.09401
58.53905
58.23097
58.41201
58.09411
57.46985
57.46661
58.48411
58.68092
59.16909
59.64094
59.11162
59.49554
59.74716
59.74257
59.35742
59.36427
58.96058
59.37902
59.94245
60.36333
60.32492
61.45853
60.96681
61.60116
61.86493
62.27914
61.53715
61.55074
61.9094
61.50948
61.52152
61.48986
61.60676
61.5348
61.93412
61.76758
62.07913
62.60137
62.3362
62.11222
61.80472
61.15734
61.26036
61.68735
61.81935
61.6839
61.95652
61.79774
61.86879
62.18735
61.34137
62.02506
62.50709
62.03978
62.1411
62.07986
62.32603
62.97529
63.09227
62.62102
62.31438
61.99749
62.15174
62.66416
63.35103
63.201
63.75669
63.54955
63.46735
62.8573
63.21846
63.25844
62.48343
62.8671
63.7871
63.54954
64.02579
64.69274
64.78064
65.13796
64.67278
65.14216
65.18706
65.64301
64.86608
64.61289
65.39839
65.6817
65.72938
65.58197
65.50132
65.63777
65.82914
65.36648
65.43964
65.59759
66.6361
66.42374
66.12164
66.62512
65.87057
65.66307
65.99739
66.10151
66.12961
66.2477
66.5447
66.01568
66.36935
65.71526
66.0633
65.19929
64.8868
65.27142
64.28947
64.4147
64.65932
64.70179
64.53259
64.66883
64.32973
64.51146
64.731
64.64592
65.20372
65.29944
65.03011
65.20301
64.85408
64.16463
64.26662
64.45359
64.31031
64.54094
64.47268
64.63945
65.32293
65.28789
65.49764
64.92281
65.73101
65.96898
65.87726
66.19675
65.78947
65.69599
65.08322
64.90942
65.00054
65.25014
65.51181
65.64723
65.47497
65.73351
66.03606
66.13146
66.57647
66.90364
66.45513
66.26202
66.16861
66.82176
66.38518
67.15708
67.40083
67.4513
68.16193
66.9014
67.29087
67.24419
67.7634
67.50366
67.21215
67.64818
67.42802
67.38902
67.34804
68.08914
68.29128
67.83761
69.45372
70.16188
70.16441
69.73254
69.71198
69.10321
68.16132
68.80856
69.28507
69.00417
68.58281
68.55284
68.83152
68.37835
68.32709
68.85181
69.28347
68.75161
68.38177
67.65136
67.24278
67.16463
66.40877
66.19388
66.17034
66.51002
67.72404
67.9984
68.0531
68.74126
68.77913
69.7911
70.06206
69.35649
69.60315
69.31614
68.57622
68.43833
68.66242
68.8076
68.97638
69.0103
69.43266
69.52991
69.02612
68.9933
69.23182
69.93264
70.01279
69.45603
69.50749
69.82821
69.07561
68.28436
67.98214
68.01312
68.50049
68.23636
67.92544
68.19096
68.51081
68.7931
68.58076
68.70326
68.73211
69.03634
68.51588
67.60374
67.13472
67.22025
67.52565
66.7995
66.92642
66.9464
67.25683
67.04018
67.4336
67.38563
67.60333
67.93317
68.05987
68.33306
67.43114
67.45674
67.53394
68.00746
68.18873
68.4952
69.54806
69.06119
68.27925
67.8611
68.2391
68.44006
68.49143
68.41567
67.93718
69.10741
68.64367
68.25364
68.52701
68.25197
67.27491
66.84838
66.95819
67.21406
67.39465
67.66771
68.00606
67.75498
67.06767
65.70157
66.1858
66.05181
66.92662
66.94738
66.8581
67.10658
66.69379
66.81179
66.42602
66.01851
65.79712
65.87847
64.88016
65.06789
64.37391
64.57987
64.95481
65.41877
65.40353
65.26791
65.46763
65.17125
64.95884
65.17309
65.57811
65.71585
66.65876
66.04749
66.26352
67.65037
67.75408
68.22236
68.24544
68.26093
69.02866
69.35817
69.26951
69.06925
68.59582
68.41482
68.10538
68.29058
68.75123
69.02423
68.81539
68.16684
68.39895
69.07978
69.32426
68.32301
68.4573
68.03068
68.215
68.15349
68.57621
68.93812
68.59838
69.07104
68.60943
68.7678
68.95989
68.66455
69.06773
69.47229
69.25976
68.88618
69.57698
69.72316
70.28359
70.24418
70.00234
69.86288
69.49316
69.21794
68.09273
68.61669
68.89892
68.65121
69.06046
68.8887
69.6306
70.07027
70.66587
70.81792
71.44532
70.86251
69.32578
69.4439
69.6918
70.36746
70.4773
70.13329
71.03451
70.81871
71.33499
70.89092
71.0289
70.98455
70.94292
71.06226
71.27684
70.80479
71.10536
70.58363
70.54569
70.94522
71.27977
70.55923
70.67038
70.36797
69.92444
68.95014
69.25923
69.25726
68.81436
68.64824
68.67096
68.01081
67.86261
67.88062
68.26533
68.76856
68.56848
68.09903
67.68136
66.63996
65.37549
64.72431
64.84485
65.48896
66.47212
66.93366
66.83104
66.32632
66.65784
67.30988
67.0403
67.27972
67.87261
67.29157
67.6685
68.3314
67.53414
67.28258
66.82795
67.22393
67.86657
67.73397
67.26053
68.45019
68.2243
67.10892
66.67192
65.4355
65.22941
65.44102
65.87005
65.81022
66.09854
66.56502
65.58677
65.10247
64.97648
64.64905
65.39936
65.13483
65.92019
65.48059
65.12531
64.95628
65.35762
65.7609
65.54812
66.32707
66.89216
66.30275
66.17647
65.63749
64.59719
64.10653
63.37826
62.59806
62.58824
63.33828
63.46902
63.35595
63.68909
63.2846
63.159
63.48261
63.55033
63.41708
63.46396
62.81793
62.85341
62.99672
63.27534
63.45561
63.86859
63.36409
63.87222
64.53813
64.98169
64.77637
65.02884
65.58897
66.52724
66.6973
66.28186
66.01894
65.63494
66.29971
66.09654
65.80099
65.34859
64.75067
64.55129
64.18599
64.6469
64.51152
64.97108
65.00564
64.68218
64.24466
64.09523
63.24032
62.57004
62.93043
62.17876
62.52015
63.56958
63.84697
63.5263
62.67153
62.2648
61.61701
61.51875
60.98339
61.1229
60.27626
59.72879
59.29962
59.49945
58.65369
58.03516
57.1104
57.24724
57.65517
57.56125
57.20465
57.45709
57.91499
57.85172
57.61584
57.86812
58.39526
58.60547
58.02555
58.18845
58.63009
58.9955
58.81477
58.44458
58.26847
58.88939
58.62076
58.34015
58.88786
59.48306
58.5319
58.77856
57.94113
58.13351
57.57869
56.70445
56.33864
55.87769
55.68942
55.05639
55.10282
55.28267
55.60133
56.5109
56.68366
55.97985
55.62755
55.69243
55.62628
55.73463
55.04397
55.13653
55.13469
55.94268
56.17648
55.49621
55.68595
55.36667
55.59653
55.41997
55.83297
55.70058
54.94899
55.15051
54.77959
54.82953
55.09312
54.97275
55.19994
54.57503
54.52667
54.60099
54.58952
54.37344
54.42965
54.12414
54.0878
53.66623
52.87077
52.20447
52.36211
52.32287
52.82843
53.91118
54.22
54.49628
54.74324
55.68615
55.31167
55.37089
55.24807
55.25297
55.25855
55.40418
55.75521
56.13746
56.50219
56.27897
56.78345
56.67247
56.9559
57.03338
56.7291
56.71608
56.24312
56.79276
56.26322
56.2833
55.85073
56.191
56.29617
56.36212
55.72452
55.61188
55.42129
55.6453
55.61774
54.85325
54.16963
53.83196
53.87465
55.06834
55.59513
55.97765
56.01287
56.91957
57.40168
57.62105
57.4443
58.22538
58.61755
58.33244
59.2507
59.25723
60.5212
60.17615
60.16807
60.17512
60.01518
59.8689
60.70933
59.8249
60.15184
59.92229
59.14937
59.35042
59.57367
59.61143
59.87671
58.85451
58.70922
59.46502
59.14518
59.35454
59.76528
59.81224
60.11461
60.43107
60.61898
60.8246
61.35721
62.11544
62.93719
63.55962
62.95813
62.65141
63.12539
63.20826
63.43465
63.36652
63.24086
63.27933
63.82927
64.19941
64.49958
64.96038
65.60391
65.03984
64.822
64.49802
64.17408
64.28279
64.16453
64.19448
63.4215
63.04527
62.81187
62.57845
62.09536
62.1729
62.0075
61.07352
60.70813
61.20599
61.54474
61.7767
62.44553
61.70041
62.09125
61.4949
61.60375
62.46002
62.44681
62.33892
62.34536
62.92517
62.93185
62.53166
62.12024
61.28373
61.24719
61.14172
60.7082
60.59299
59.7466
59.76956
60.27938
59.93934
60.03996
59.86703
60.18247
60.95454
60.98075
61.29238
61.67555
61.46866
61.13288
60.72134
60.59121
60.87971
62.31626
62.10166
61.70018
61.2774
61.64185
62.71922
63.17116
62.14678
62.49357
62.2812
62.65426
62.53864
62.04881
62.1766
62.43179
62.47823
62.8714
62.62022
61.95577
62.11167
61.60668
60.92316
59.97992
59.80784
59.9619
60.62499
61.13321
61.17445
61.54727
61.81641
61.33869
61.94473
61.46639
61.32502
61.15484
60.5159
60.30068
60.16584
58.79924
58.64136
58.1172
58.05883
58.23761
58.4475
58.23673
58.04974
59.05291
59.70349
59.67025
58.89775
59.05639
59.32274
59.55561
59.75247
59.4991
60.26839
60.51908
60.82155
60.4105
60.48619
60.19955
60.16654
59.87755
59.2304
58.84983
59.10667
58.48032
58.86752
58.80599
58.91891
59.06095
58.56046
58.0046
57.89374
57.1818
56.92935
56.38648
56.06488
56.40079
56.36768
56.61813
57.08458
56.92439
56.52818
55.66219
55.06123
55.35169
55.89263
56.04751
56.3766
56.55779
56.22803
57.38385
57.29233
57.71285
58.0095
57.89202
57.26396
57.48654
57.4804
57.8484
57.56627
55.96298
56.45472
56.36686
56.84666
56.96908
56.77127
56.16486
56.08945
55.87043
56.457
56.2789
56.16219
56.58428
56.03284
55.37366
54.60481
53.89753
53.63913
54.17274
53.96257
54.59676
54.18038
52.86839
53.21684
53.00758
52.74717
52.33849
53.33772
52.4034
52.69581
53.09625
53.28693
53.77176
53.56373
53.68326
53.45342
52.97813
52.00769
51.28704
51.13205
49.95482
50.18735
50.5431
50.47363
51.13138
52.30531
52.21754
51.52515
51.86069
51.19967
50.79618
51.09801
50.77562
51.19484
51.74513
52.24148
52.29781
52.19362
52.66773
52.99915
52.33637
52.17964
51.56971
51.50701
51.87264
51.3448
51.40532
51.6285
51.62798
51.89857
52.0713
52.66285
52.09229
52.13033
51.84667
51.63833
51.71941
52.33835
52.90018
52.40321
52.20154
51.68328
51.40759
51.32483
51.08577
51.28626
51.41559
51.52461
52.75253
52.47521
51.62209
51.72179
51.60311
50.8924
51.14628
50.47243
50.71831
51.31683
51.02823
51.25749
51.53183
51.87376
52.34709
51.44465
51.96208
52.55531
52.57709
52.28761
52.03703
51.53319
51.78431
52.57894
52.64883
52.76614
53.0767
53.83374
54.38299
55.31442
55.83139
55.44631
55.41795
55.35575
55.41365
55.88473
56.31095
56.41359
55.82527
55.696
55.38835
55.24017
55.05
54.4114
54.22186
53.77483
53.32287
52.80316
52.75824
51.88425
51.59037
50.57672
49.16534
49.69769
49.63397
49.6776
49.82335
49.72069
49.52188
49.64827
49.57006
49.46971
49.8193
49.23048
49.77581
49.70188
49.23346
48.87544
48.65101
48.65227
47.67769
46.75344
47.28839
46.62202
47.22315
46.82777
47.24808
46.73339
46.12521
46.46945
46.50491
46.96321
46.5447
46.41553
46.13818
46.48763
45.79569
45.67027
45.07421
44.8103
43.95582
44.50604
45.02253
44.56871
44.51053
44.46042
44.02504
43.80786
44.47559
44.2282
44.24761
43.99673
44.64153
44.77917
44.45751
44.3292
43.59786
43.51427
43.91842
43.77792
42.94115
42.3773
42.34967
41.67431
40.34578
40.51395
39.89853
39.80308
39.71859
40.38166
40.36052
41.03246
41.48539
41.44907
40.76956
41.19656
41.42593
42.11686
42.55565
42.49448
42.55795
42.20205
42.68439
43.10123
42.56072
42.34995
42.59486
43.15797
42.9553
43.12972
43.61746
43.35617
43.37089
43.29556
43.68763
44.47915
44.9444
44.70686
44.33721
43.29723
42.77558
42.81496
42.92229
43.15793
43.32525
43.28212
43.65703
44.99045
46.14856
46.78897
47.10072
47.35464
47.49843
47.55443
48.218
48.63617
48.60229
49.06644
48.90075
49.2281
49.61201
49.52219
49.05665
49.04813
48.60116
48.22179
48.39458
48.9802
49.40689
49.91093
50.1862
50.64652
51.96806
53.06411
53.62453
53.98233
54.28379
54.53788
55.06289
56.14901
56.19763
55.95896
55.9062
55.40243
55.92291
56.35911
56.49916
55.86094
55.7275
55.01421
54.48392
53.53738
54.56004
54.54418
54.7155
54.75916
55.29897
56.12343
57.02549
57.91231
58.21661
59.3401
59.18721
58.33662
58.20497
58.56454
59.58625
60.34556
59.96713
60.653
61.16476
61.31571
61.06208
60.57503
59.29645
58.82378
59.27973
58.96998
58.79638
59.22561
59.31715
58.94725
58.55997
59.38519
59.63338
59.80798
59.67269
59.13748
60.00481
60.76242
60.86771
60.87597
60.40578
60.55449
60.52118
59.9501
60.31792
60.31848
60.72888
60.1271
60.30816
60.56537
60.56743
61.22072
61.96165
62.41517
63.05348
62.87151
64.28603
63.47839
64.1906
63.83781
63.83206
63.44671
62.94024
63.05263
63.11068
63.46509
62.76817
62.95871
62.15454
62.92773
64.01961
64.9616
66.37146
66.49851
66.30725
66.52729
66.71655
66.52592
66.33258
66.9226
66.41845
66.06377
65.45608
65.73452
65.55893
66.20674
65.72511
65.31586
64.9636
65.16228
64.44713
64.50712
64.80784
64.26769
64.26059
64.67103
65.30327
65.07796
64.56124
65.30895
65.60478
64.92199
65.0357
65.59347
65.39746
65.9267
66.28636
66.04033
65.90036
65.63801
64.88836
64.43343
64.83581
65.49111
66.16686
65.64782
65.67388
64.6188
65.21559
65.74523
65.34838
66.38666
66.45893
66.32952
66.10574
66.30493
66.39126
66.26286
65.18501
65.13017
65.21472
65.45106
64.62207
64.69802
63.93575
63.7674
63.62998
63.40491
62.73084
62.59133
62.41532
63.0586
63.3227
63.18148
62.9954
62.46618
62.23619
62.23236
62.34835
63.47324
64.0852
63.27599
62.98674
63.87068
64.00262
64.17375
63.79602
64.07757
63.54346
63.67137
64.26911
64.31391
65.47042
65.87464
66.20008
65.93689
65.22705
65.80844
66.95169
67.04751
66.7293
66.53335
65.6652
65.01801
64.26074
64.02709
63.85129
63.63917
63.59592
63.13579
63.07418
63.26811
63.72855
63.57033
63.5553
63.55203
64.10593
64.47389
65.127
66.35619
66.69579
67.3286
67.64755
67.55275
67.67425
67.85864
68.15308
68.00626
68.03197
68.7546
68.53165
68.73607
68.89426
69.02856
69.57512
70.00464
69.8212
69.4316
68.84132
69.27491
68.34387
67.81591
68.19502
68.06361
68.36595
68.669
68.25451
67.62885
67.45459
67.44771
67.2037
66.64092
66.50653
66.97991
66.42906
67.10116
66.77995
67.04244
67.17025
68.09986
67.85334
68.41466
68.41089
69.04645
69.55221
69.86721
70.13136
70.20802
69.77466
69.80668
69.98344
69.47666
68.37507
68.46345
68.46058
68.03619
68.27906
68.02431
68.69652
70.08318
69.86783
70.48086
70.02476
69.57616
70.50887
70.06479
70.43603
70.27978
70.78413
70.25062
70.88245
71.74647
72.66349
72.59779
72.66836
73.77414
73.68239
73.09018
73.92438
74.84081
75.61182
75.71632
75.70255
76.06288
76.09149
77.15524
77.75807
78.17458
79.15402
79.52974
79.80332
79.70362
79.97637
80.85204
80.39535
80.82669
81.47306
81.5532
81.81751
82.16772
81.60529
81.29681
80.31743
81.98249
81.39885
81.41123
81.41387
82.23103
82.55455
82.36196
83.52567
82.93576
82.74728
83.60766
83.7792
83.84646
82.98536
82.42822
82.88251
83.00716
83.26978
83.88621
83.58023
84.01839
84.11881
83.72008
83.00747
83.4877
82.82091
83.37814
83.22053
82.67152
82.71014
82.51095
82.2578
82.43854
82.41232
82.42548
81.76757
82.05286
82.35357
82.9481
82.62029
83.00907
82.60593
82.99174
83.65223
83.29977
83.49613
83.79674
84.41013
84.9619
84.87087
84.78788
84.92258
85.88246
85.45432
85.54002
85.07211
85.78562
85.51484
86.02957
85.7914
86.1962
86.32082
86.42857
86.36792
86.62869
86.88706
86.45276
86.17033
87.42894
88.49245
89.29904
89.26244
89.98052
90.13933
90.56983
91.23561
90.96866
90.30752
89.88413
88.8045
89.11923
89.22784
88.32156
88.46992
88.03204
87.77529
87.91029
88.27288
88.68982
88.44887
87.74242
87.6287
87.80205
87.71517
86.94635
86.5588
86.82713
86.81561
86.92464
87.01631
88.09526
87.91299
88.05843
87.66878
87.7034
87.66458
87.34579
87.22686
86.99089
85.91497
86.38423
86.23974
86.72604
86.61532
86.67359
86.995
86.87533
86.75078
87.10135
87.40297
87.46629
88.02523
88.66159
88.43519
88.43305
88.00128
87.37361
87.24777
87.93302
87.79346
87.47668
87.47057
87.94338
87.27301
87.35987
87.63651
88.7983
89.5856
89.63295
90.34148
90.0881
90.66636
90.63826
89.88674
90.42968
90.67531
90.95906
90.81414
91.17437
91.25202
90.2
90.81934
90.57872
90.56315
90.0094
89.86843
88.99889
89.45864
89.31225
89.93975
89.51451
89.51731
89.74558
89.55375
89.90598
89.51313
89.48168
88.15241
88.63136
88.24848
88.07377
87.83173
87.82673
88.41075
87.77728
87.96537
88.35215
88.2688
87.78824
87.12692
87.3775
87.29656
87.21914
87.23852
87.77839
88.52393
89.43509
89.5327
90.23153
90.14134
90.61234
91.0353
91.51023
91.28913
91.40357
91.05412
90.33936
90.15084
90.67623
90.16041
89.83187
89.40595
89.76161
90.20997
90.07566
90.00658
89.57335
89.7983
89.47745
88.76019
89.87446
89.85884
89.94851
89.83937
89.27238
88.51278
88.41254
88.20806
88.37903
88.16665
87.48907
86.83074
87.01409
87.15465
87.07241
86.11822
86.24296
86.46586
85.7286
84.90884
85.03568
84.13069
83.89649
83.47605
84.11433
83.56208
84.07304
83.23997
83.4663
83.67846
82.21572
82.09148
82.04568
81.99102
81.6408
81.31399
81.37651
81.78494
81.89695
82.39989
82.71266
82.68825
82.69536
83.15925
83.39272
83.00353
82.37426
81.77834
80.94077
81.60292
82.26434
82.13856
81.88966
81.80149
81.39765
81.49057
82.38066
81.5044
81.32067
81.23032
80.68492
80.28165
79.97479
80.42832
79.56608
79.74461
80.28085
80.41109
79.58665
79.5396
79.98971
79.92118
79.96027
80.09489
80.89416
81.11317
81.29921
81.24958
81.73877
81.27671
81.65811
82.02611
81.89253
81.65678
81.50655
80.80624
80.23365
80.67343
80.30348
79.85991
80.20703
79.6972
79.81347
79.43679
80.28557
80.90715
81.25288
81.97552
82.97882
83.40899
83.86402
84.05368
84.73319
85.25502
85.00759
84.85589
84.66816
85.02042
85.79818
86.03468
86.64785
86.53567
87.19576
87.0164
88.09897
89.1024
89.83721
89.16528
89.35686
89.74508
89.26161
88.98811
88.70121
87.8483
88.29027
89.15891
88.96003
90.02082
90.71207
89.74719
90.3886
90.88528
90.79569
90.56271
90.51057
90.23771
88.94989
88.42679
88.07872
88.13411
87.47152
87.17146
86.32364
86.05766
86.23388
86.91887
86.50246
86.64899
86.68265
86.36286
86.95174
86.69274
87.94264
88.18577
87.41941
87.05362
86.68603
86.70786
86.92233
85.94744
85.91843
85.13272
85.03713
85.12861
85.16489
85.6473
85.95749
85.52209
84.97164
85.25944
85.29601
86.14167
86.64959
86.81915
85.98702
85.59384
85.40128
85.62757
85.4366
85.35986
86.31282
85.81981
85.76335
85.92425
86.08792
86.87104
86.84499
86.78909
87.37965
86.60848
85.93968
85.35697
85.324
85.80969
86.1939
86.51181
86.15898
86.01099
86.17393
85.36808
85.01466
85.18396
84.56781
84.67629
84.55907
84.45629
84.89268
84.752
84.29895
84.56578
84.78949
84.49688
84.11098
84.09369
84.9464
84.71624
85.27665
85.98395
85.88325
85.68431
85.74247
85.80105
84.89838
84.0273
84.06262
84.0452
84.36404
83.45205
83.25681
83.15891
83.47395
83.91239
84.19951
84.54444
84.45596
84.25064
84.87518
85.22729
85.42614
85.87915
85.22182
84.67105
84.81589
84.8738
85.85977
85.819
86.44405
86.36284
86.62016
86.35051
86.6787
87.26184
87.03453
87.6435
87.5467
87.30505
87.84234
88.02856
88.40368
89.24295
89.19816
90.15601
89.7863
89.63858
89.78474
89.72802
90.56025
90.55456
89.79543
90.1241
89.59245
90.24545
91.22192
91.63686
91.16806
91.50279
91.91573
92.21546
92.15955
92.56473
92.47817
91.53797
91.37305
90.08713
89.5845
89.38226
89.2968
88.91861
88.08645
87.54058
86.80392
87.15886
87.5985
88.02976
87.70023
88.16187
88.16642
88.46389
88.03886
87.56282
88.02787
87.84593
88.49607
88.28044
88.52445
88.76136
88.83048
88.5226
88.71039
88.48834
87.99941
87.83913
87.07764
86.82595
85.94995
85.38458
85.6374
85.19105
85.38678
85.16986
85.77934
85.9935
86.11236
86.17074
86.49516
85.58932
84.85084
85.1335
84.8965
83.92487
84.06922
84.45439
85.00383
85.05381
85.62562
85.88088
85.70361
86.1742
87.04533
87.14918
87.34623
86.91845
87.384
86.88366
85.65446
85.04928
84.61492
83.68202
83.638
83.00713
83.96976
83.87812
84.39366
84.36519
83.55208
82.76197
83.35131
83.32943
83.55187
83.17959
83.69977
84.5352
85.19591
84.99089
84.01826
84.06693
84.46139
84.41232
84.98487
84.54329
84.1911
85.13734
85.63382
84.37487
85.13002
85.10246
85.7681
85.56861
85.01988
85.79639
86.23558
85.63975
85.17618
84.36804
84.43793
84.61226
84.44544
83.97743
84.17076
84.31446
84.14773
83.89302
83.56009
83.4341
83.58955
83.5916
82.99272
83.21516
82.78124
83.67621
83.68901
83.95592
84.97102
85.39267
85.09989
84.91891
85.53136
86.31594
86.57764
86.81344
86.86176
86.23568
86.07502
85.83018
85.61926
85.27202
85.02513
84.83833
84.9094
84.02533
84.90244
84.92834
84.80095
85.03702
85.34395
85.07189
85.29564
85.74481
84.60821
85.17826
84.87624
84.80992
84.90712
85.37304
84.91363
84.4346
83.62688
83.09244
82.71276
82.18701
82.24585
82.02705
82.17802
82.73418
82.32267
82.16149
81.40765
