8.912098e-05
9.648366e-05
9.811743e-05
9.285341e-05
9.060739e-05
8.595107e-05
8.149419e-05
7.748534e-05
8.214963e-05
8.299203e-05
7.896109e-05
7.426097e-05
7.564326e-05
7.968137e-05
7.434867e-05
6.941532e-05
6.816107e-05
7.049045e-05
6.605025e-05
6.328213e-05
5.58961e-05
6.166943e-05
6.02149e-05
5.934785e-05
5.691023e-05
5.855993e-05
5.226662e-05
5.1419e-05
5.150567e-05
5.240196e-05
6.15643e-05
6.282569e-05
5.644745e-05
5.385702e-05
5.482933e-05
5.725396e-05
5.950709e-05
6.352256e-05
6.335782e-05
5.977239e-05
6.083855e-05
6.42654e-05
6.795525e-05
7.676918e-05
7.751781e-05
7.595972e-05
7.192322e-05
7.779972e-05
7.818489e-05
7.257237e-05
7.078573e-05
7.025222e-05
7.243957e-05
7.233388e-05
7.049842e-05
7.527566e-05
7.328677e-05
7.226594e-05
8.272612e-05
8.905273e-05
8.847014e-05
8.955421e-05
9.580377e-05
8.913319e-05
8.365557e-05
8.969617e-05
8.540803e-05
8.201432e-05
8.159945e-05
8.701369e-05
7.745615e-05
7.28684e-05
7.364889e-05
7.017733e-05
6.608672e-05
6.830417e-05
6.200993e-05
6.161775e-05
6.442037e-05
6.432215e-05
6.105467e-05
5.840519e-05
6.010194e-05
5.739949e-05
5.886966e-05
5.566142e-05
5.358111e-05
5.12956e-05
5.41206e-05
5.471473e-05
5.497384e-05
5.318382e-05
5.377426e-05
5.493096e-05
5.713731e-05
5.488041e-05
5.972531e-05
6.28009e-05
6.229515e-05
5.834275e-05
5.930237e-05
6.080848e-05
6.490422e-05
6.302527e-05
6.078193e-05
7.003489e-05
7.427573e-05
7.900877e-05
7.592431e-05
7.505726e-05
7.517266e-05
8.41765e-05
8.213799e-05
7.479639e-05
7.610913e-05
7.724332e-05
7.552977e-05
7.906003e-05
7.477302e-05
7.837603e-05
8.606684e-05
9.164227e-05
9.468069e-05
9.517485e-05
8.921563e-05
7.980862e-05
7.99269e-05
7.343048e-05
7.620333e-05
8.443938e-05
8.392268e-05
8.638971e-05
8.514089e-05
8.567152e-05
8.143322e-05
8.64637e-05
8.965025e-05
9.275755e-05
9.193574e-05
9.002225e-05
9.005325e-05
9.223999e-05
0.0001027671
9.525216e-05
9.479047e-05
9.611377e-05
0.0001029033
9.716192e-05
0.0001062316
0.0001137702
0.0001203068
0.0001210158
0.0001298658
0.0001310287
0.0001376591
0.0001381352
0.0001390965
0.0001434507
0.0001356938
0.0001332165
0.0001265967
0.0001212017
0.000114486
0.0001142968
0.0001064844
0.0001108519
0.0001088271
0.0001079146
0.0001056946
0.0001113955
0.0001093181
0.000107276
0.0001078705
0.0001103476
0.0001001448
0.0001058594
0.0001087306
0.0001187366
0.0001268252
0.0001157819
0.000109408
0.0001023505
0.0001142596
0.0001079774
0.0001065231
0.0001034329
9.723063e-05
9.753792e-05
0.0001016334
9.957677e-05
9.776779e-05
0.0001003842
0.0001002299
0.000100577
9.094672e-05
8.901713e-05
0.0001006209
0.0001105144
0.0001171688
0.0001184302
0.000121039
0.0001222449
0.0001224005
0.0001230095
0.0001158124
0.0001135278
0.0001211126
0.0001252716
0.0001232532
0.0001249852
0.000118301
0.0001101679
0.0001164475
0.0001253683
0.0001250409
0.0001127622
0.0001111965
0.0001177081
0.0001157363
0.00011177
0.000118931
0.0001108373
0.0001149898
0.0001165105
0.0001262247
0.0001278201
0.0001317989
0.0001214844
0.0001362793
0.0001365604
0.0001274485
0.0001150968
0.0001253524
0.000124557
0.0001380497
0.0001264801
0.0001203717
0.0001176937
0.0001073287
9.575543e-05
9.674261e-05
9.715229e-05
9.394934e-05
9.53187e-05
8.593774e-05
9.390595e-05
9.369799e-05
9.639608e-05
9.70037e-05
9.274484e-05
8.988682e-05
9.606673e-05
9.863098e-05
9.622749e-05
9.543899e-05
9.696512e-05
0.0001052571
9.95016e-05
0.0001054026
0.0001023433
9.938134e-05
9.850557e-05
9.683626e-05
9.001006e-05
9.58083e-05
9.986148e-05
9.930023e-05
0.0001017991
0.0001081384
0.000118078
0.0001167924
0.0001138737
0.0001152957
0.0001172191
0.0001257446
0.0001307695
0.0001284479
0.0001426871
0.000147688
0.0001419904
0.0001354449
0.0001382782
0.0001282897
0.0001251745
0.0001211034
0.0001231969
0.0001217672
0.0001259164
0.0001234439
0.0001147811
0.0001007306
9.879192e-05
0.0001047575
0.0001011192
0.0001043648
0.0001079338
0.0001148742
0.0001111156
0.0001155023
0.0001064252
0.0001103502
0.0001116545
0.0001224117
0.0001205868
0.0001252158
0.0001232181
0.0001232641
0.0001191978
0.0001148915
0.0001091556
0.0001104017
0.0001085374
0.00010939
9.904196e-05
8.890813e-05
8.156653e-05
8.37198e-05
8.856143e-05
8.786586e-05
8.171846e-05
8.753343e-05
7.956413e-05
8.032141e-05
8.014844e-05
8.81228e-05
7.882486e-05
7.282786e-05
6.882596e-05
7.153038e-05
7.079582e-05
6.685166e-05
5.955713e-05
6.113367e-05
5.696205e-05
6.290314e-05
6.141107e-05
6.150114e-05
6.545587e-05
6.160816e-05
6.340808e-05
7.28731e-05
7.477315e-05
8.349091e-05
8.619787e-05
8.60662e-05
8.442897e-05
7.977193e-05
8.631678e-05
9.275864e-05
9.040075e-05
8.72407e-05
8.426152e-05
7.899939e-05
7.490038e-05
7.237891e-05
7.339668e-05
6.956786e-05
7.038033e-05
7.218372e-05
7.125774e-05
7.331084e-05
7.75455e-05
7.541282e-05
7.822226e-05
7.529298e-05
7.410788e-05
7.868162e-05
8.791204e-05
9.11206e-05
8.700872e-05
8.926567e-05
9.059242e-05
9.16068e-05
8.393962e-05
8.610916e-05
8.181015e-05
7.632261e-05
7.627425e-05
7.586114e-05
8.069756e-05
7.780996e-05
8.374743e-05
8.689576e-05
8.323761e-05
8.407671e-05
8.238899e-05
9.207705e-05
9.808732e-05
9.393812e-05
8.587643e-05
9.229071e-05
9.774962e-05
9.655681e-05
9.665737e-05
0.0001003582
9.504368e-05
9.656539e-05
9.056723e-05
8.365597e-05
8.174517e-05
7.642953e-05
7.578486e-05
7.74923e-05
7.251493e-05
7.136696e-05
7.506558e-05
7.206672e-05
7.037353e-05
7.460595e-05
7.409052e-05
8.449877e-05
8.890884e-05
9.306817e-05
9.955446e-05
9.3744e-05
9.633258e-05
9.279324e-05
9.365743e-05
0.0001098279
0.0001108926
0.0001017656
9.254564e-05
9.157637e-05
9.513148e-05
9.608514e-05
9.098253e-05
8.834212e-05
8.515568e-05
8.11651e-05
8.474691e-05
8.758841e-05
9.150545e-05
8.877458e-05
8.017773e-05
8.868607e-05
8.503757e-05
8.35375e-05
8.219771e-05
7.736865e-05
7.847993e-05
8.844022e-05
7.076796e-05
7.733305e-05
7.872245e-05
7.648451e-05
7.30681e-05
6.831702e-05
7.060504e-05
7.065655e-05
6.851304e-05
7.555565e-05
6.768461e-05
6.796616e-05
6.989913e-05
7.065603e-05
6.423784e-05
6.433178e-05
6.963816e-05
7.148352e-05
7.113786e-05
6.880117e-05
7.562862e-05
7.836392e-05
8.047846e-05
8.418123e-05
7.890245e-05
7.994689e-05
7.518318e-05
8.051637e-05
7.985886e-05
8.225006e-05
7.890393e-05
7.822893e-05
7.690804e-05
7.980671e-05
8.150582e-05
8.323983e-05
8.453069e-05
8.125242e-05
7.288963e-05
7.079245e-05
7.087529e-05
7.228717e-05
7.977583e-05
8.025725e-05
7.589674e-05
7.118452e-05
7.098713e-05
7.453036e-05
7.557162e-05
7.370614e-05
7.921007e-05
7.928782e-05
8.198738e-05
8.250084e-05
7.42098e-05
7.181299e-05
6.955466e-05
6.88834e-05
6.693301e-05
6.601238e-05
6.502616e-05
6.572178e-05
5.965522e-05
5.559246e-05
5.532219e-05
5.967145e-05
6.393168e-05
6.486903e-05
6.222488e-05
5.372718e-05
5.543324e-05
6.152404e-05
6.287899e-05
6.221587e-05
6.22922e-05
6.581264e-05
6.0952e-05
6.087586e-05
6.282089e-05
6.442862e-05
6.341345e-05
6.34308e-05
6.302878e-05
5.451613e-05
5.035948e-05
5.267239e-05
6.192915e-05
5.886799e-05
5.598504e-05
5.681874e-05
5.459053e-05
5.158849e-05
4.71977e-05
5.22638e-05
5.218366e-05
5.516982e-05
5.008377e-05
4.555724e-05
4.005815e-05
4.167804e-05
4.245262e-05
4.562331e-05
4.392881e-05
4.444364e-05
4.664732e-05
4.582688e-05
4.708862e-05
4.677139e-05
5.068148e-05
5.571181e-05
5.555071e-05
5.833267e-05
4.92544e-05
4.838129e-05
4.678765e-05
4.583962e-05
4.76093e-05
5.319167e-05
5.210363e-05
5.423236e-05
5.838395e-05
5.423825e-05
5.836085e-05
5.673447e-05
5.698819e-05
5.791573e-05
5.766227e-05
5.333603e-05
5.484356e-05
5.400174e-05
5.450056e-05
5.873045e-05
5.963496e-05
5.972022e-05
6.222303e-05
5.803531e-05
5.246613e-05
5.412596e-05
5.525861e-05
5.573877e-05
5.826037e-05
5.869627e-05
5.281278e-05
5.718168e-05
5.325372e-05
5.777605e-05
5.592623e-05
5.800492e-05
6.555516e-05
7.013972e-05
6.653745e-05
7.044511e-05
7.724177e-05
7.880262e-05
7.749875e-05
8.289659e-05
9.306925e-05
8.525652e-05
8.407838e-05
9.084357e-05
9.590458e-05
8.832723e-05
8.309129e-05
8.277988e-05
8.932241e-05
8.754357e-05
8.721602e-05
9.677473e-05
9.264754e-05
8.662876e-05
8.582369e-05
9.249267e-05
9.01452e-05
8.744474e-05
9.535576e-05
9.240412e-05
9.069842e-05
9.622559e-05
0.0001061326
9.865918e-05
9.374564e-05
9.801681e-05
9.485476e-05
8.244498e-05
8.389521e-05
8.588055e-05
8.572877e-05
8.173728e-05
7.916473e-05
8.597674e-05
7.783778e-05
8.151811e-05
9.314085e-05
0.0001003454
9.789149e-05
0.000102419
9.404285e-05
9.713868e-05
0.0001019488
0.0001048166
9.990116e-05
0.000123365
0.0001286547
0.0001283956
0.0001340309
0.000136358
0.0001323865
0.0001415441
0.000142075
0.0001413606
0.0001352392
0.0001258794
0.0001227603
0.0001225257
0.0001249591
0.0001317762
0.0001305491
0.0001381292
0.0001364046
0.0001200791
0.0001273264
0.0001383582
0.0001451562
0.0001423484
0.000141779
0.0001402043
0.0001500307
0.0001574058
0.0001404918
0.0001262988
0.0001277581
0.0001362214
0.0001324693
0.0001286202
0.0001246526
0.0001247876
0.0001276044
0.0001185834
0.0001159398
0.0001194262
0.0001123755
0.0001031829
0.0001086792
0.0001176768
0.0001243573
0.0001310541
0.0001248437
0.000127513
0.0001306453
0.0001201006
0.0001127618
0.0001134709
0.0001085946
0.0001009486
0.0001018693
0.0001110388
0.0001142363
0.0001153576
0.0001094159
0.0001117647
0.0001131875
0.0001115066
0.0001011881
0.0001076869
0.0001113347
0.0001089134
0.0001089768
9.897188e-05
9.751808e-05
9.970144e-05
0.000107532
0.000107273
0.0001025886
0.0001035382
0.0001022957
9.803996e-05
0.0001116619
0.0001034494
0.0001053419
0.0001057056
0.0001051127
0.0001058051
9.500951e-05
8.533974e-05
9.370738e-05
9.666986e-05
0.0001004416
0.0001008671
0.0001046685
0.0001045178
9.545412e-05
9.261662e-05
9.596836e-05
0.0001058455
9.50571e-05
0.0001070427
0.0001181291
0.0001179882
0.0001103264
0.0001070587
9.81341e-05
0.0001075562
0.0001026923
0.0001068168
0.0001070348
0.0001141
0.0001031882
8.900119e-05
8.396967e-05
7.40703e-05
7.225539e-05
7.821281e-05
7.74895e-05
7.931317e-05
8.639433e-05
8.245131e-05
8.238066e-05
8.987122e-05
9.011546e-05
9.174517e-05
8.471687e-05
8.714366e-05
9.270126e-05
9.866282e-05
9.915681e-05
0.0001047783
0.0001111591
0.0001178183
0.0001176314
0.0001073158
0.0001138456
0.000104638
0.0001105461
9.994071e-05
9.462276e-05
9.370116e-05
9.56518e-05
0.0001080414
0.0001074778
9.734695e-05
9.210149e-05
8.96156e-05
8.893532e-05
7.901497e-05
7.982482e-05
8.081232e-05
9.080284e-05
8.488972e-05
8.921357e-05
8.558907e-05
8.70778e-05
8.170014e-05
8.118317e-05
8.008785e-05
7.873275e-05
7.562352e-05
8.017873e-05
8.17415e-05
8.134325e-05
8.538155e-05
7.860856e-05
8.645109e-05
9.507261e-05
9.932367e-05
0.0001049848
0.0001059153
9.860836e-05
9.721519e-05
0.0001028542
0.0001094646
0.0001070116
0.0001089317
0.0001270622
0.0001231683
0.0001251789
0.0001245509
0.0001344509
0.0001271311
0.0001204517
0.0001243362
0.0001212018
0.0001209338
0.000117405
0.0001260658
0.0001262135
0.0001425654
0.000140477
0.0001472631
0.0001567014
0.0001611334
0.0001566687
0.0001598372
0.0001624941
0.0001599629
0.000169419
0.0001619991
0.0001469762
0.0001656873
0.0001717646
0.000176144
0.0001700838
0.0001615288
0.0001719804
0.0001662416
0.0001655833
0.0001528125
0.0001549577
0.0001527271
0.0001627685
0.0001614285
0.0001634156
0.0001668896
0.0001588941
0.0001569564
0.0001346751
0.0001369771
0.0001408134
0.0001413649
0.0001468775
0.0001517301
0.000147319
0.0001497306
0.0001515325
0.0001534216
0.0001455782
0.000156836
0.0001631768
0.0001529234
0.0001545072
0.0001576223
0.0001624893
0.0001484348
0.0001520938
0.0001548617
0.0001585183
0.0001513804
0.0001538215
0.0001544492
0.0001456871
0.0001524511
0.0001377781
0.0001335302
0.0001161048
0.0001081544
0.0001119338
0.0001151346
0.0001114029
0.0001118001
0.0001099163
0.0001090613
0.0001134431
0.0001152801
0.0001107274
0.0001089989
0.0001022605
9.443437e-05
8.219362e-05
8.07024e-05
8.394539e-05
8.061443e-05
8.147957e-05
8.238897e-05
8.685762e-05
8.262365e-05
8.68322e-05
8.002902e-05
7.924698e-05
7.580711e-05
7.376904e-05
7.391797e-05
7.303977e-05
6.980639e-05
6.63871e-05
6.223604e-05
6.540829e-05
7.454722e-05
7.42528e-05
7.384742e-05
7.251329e-05
7.172828e-05
7.112547e-05
6.970359e-05
6.632091e-05
6.725322e-05
6.640985e-05
6.777233e-05
7.052242e-05
6.650621e-05
7.306803e-05
8.616712e-05
8.115076e-05
8.079058e-05
7.969473e-05
8.09265e-05
7.25745e-05
6.484473e-05
5.854253e-05
5.174634e-05
4.932759e-05
5.145581e-05
4.847744e-05
5.129063e-05
5.296535e-05
5.385434e-05
4.809784e-05
5.295015e-05
4.94917e-05
4.909613e-05
4.734664e-05
4.709715e-05
5.073524e-05
5.10909e-05
5.065316e-05
4.818693e-05
4.940802e-05
5.031422e-05
5.002154e-05
4.987196e-05
4.888421e-05
5.001533e-05
5.265573e-05
4.96319e-05
4.930804e-05
4.688378e-05
4.706027e-05
4.887955e-05
5.128258e-05
5.500838e-05
5.291229e-05
5.54945e-05
5.023082e-05
4.962681e-05
4.863977e-05
4.676802e-05
4.810285e-05
4.581532e-05
4.465501e-05
3.959089e-05
4.166969e-05
4.791147e-05
4.734316e-05
4.277956e-05
4.448773e-05
4.424541e-05
4.498817e-05
5.014717e-05
5.096291e-05
4.799432e-05
4.93183e-05
5.485632e-05
5.338188e-05
5.338876e-05
5.333334e-05
5.870653e-05
5.532468e-05
5.824007e-05
5.843051e-05
5.405453e-05
5.639152e-05
5.536229e-05
5.949459e-05
6.33619e-05
6.413825e-05
6.310511e-05
6.2927e-05
6.704478e-05
7.364709e-05
7.147123e-05
6.919541e-05
7.009383e-05
6.59821e-05
6.851115e-05
6.815376e-05
6.547413e-05
6.00148e-05
5.602889e-05
5.534327e-05
5.648047e-05
5.784354e-05
5.812981e-05
5.536911e-05
5.341804e-05
5.069687e-05
4.94271e-05
5.198916e-05
5.864135e-05
5.591385e-05
5.829645e-05
6.047765e-05
6.318869e-05
6.470042e-05
6.733733e-05
6.446683e-05
7.017507e-05
7.109181e-05
7.20823e-05
8.104869e-05
8.570824e-05
8.966817e-05
9.037672e-05
9.132617e-05
8.971217e-05
9.485303e-05
9.459508e-05
0.0001007535
0.0001045624
0.0001009825
8.929895e-05
8.478111e-05
8.383764e-05
8.274324e-05
8.753548e-05
9.633905e-05
8.974507e-05
9.731417e-05
0.0001051808
0.0001063406
0.0001016335
0.0001059823
9.78582e-05
9.285681e-05
9.276389e-05
9.166233e-05
9.528637e-05
9.918534e-05
0.0001062294
0.0001065978
0.0001069938
9.93794e-05
9.712105e-05
9.352301e-05
9.81721e-05
0.0001097669
0.000117474
0.0001087735
0.0001011013
0.0001062298
0.0001037979
0.0001041269
0.0001087272
0.0001113796
0.000110441
0.0001233042
0.000131324
0.0001324948
0.0001468713
0.0001332562
0.0001407575
0.0001420392
0.0001302179
0.0001306931
0.0001330947
0.0001359999
0.0001220149
0.0001237594
0.0001117224
0.0001108745
0.0001032066
0.0001036056
0.0001094299
0.0001069915
0.0001160828
0.0001126797
0.0001192152
0.0001128761
0.0001151389
0.0001271245
0.0001252141
0.0001230849
0.0001204096
0.0001254003
0.0001322212
0.0001301988
0.0001397065
0.0001436045
0.0001409072
0.0001520761
0.0001645929
0.0001568843
0.0001503428
0.0001605173
0.0001560085
0.0001610348
0.000161605
0.0001537587
0.0001646584
0.0001684805
0.0001811409
0.0001605115
0.0001738175
0.0001811934
0.0001834626
0.000172078
0.0001782272
0.0001811624
0.0001809784
0.0001736548
0.0001803777
0.0001872452
0.0001770406
0.0001865193
0.0001773058
0.0001888048
0.0001973004
0.0001935865
0.0001880612
0.0001919153
0.0001989387
0.0001960977
0.0001986718
0.0001772894
0.0001823267
0.0001931037
0.0001716605
0.0001717241
0.0001646935
0.0001481765
0.0001600086
0.0001454399
0.0001388273
0.0001416682
0.0001401967
0.0001456161
0.0001418745
0.0001538919
0.0001554796
0.0001472429
0.0001447611
0.000155267
0.0001532673
0.0001716746
0.0001636221
0.0001722746
0.000178866
0.0001642056
0.0001612629
0.0001625149
0.0001820054
0.0001847465
0.0001914273
0.0002063602
0.0001969715
0.0001904586
0.0001816435
0.0001861823
0.0001946819
0.0001970973
0.0002029242
0.0001881651
0.0001928481
0.000191137
0.0001883868
0.000167175
0.0001723495
0.0001622399
0.0001616204
0.0001682875
0.0001695319
0.0001687123
0.0001804452
0.0001761204
0.0001791472
0.0001817073
0.000162829
0.0001612014
0.0001543189
0.000157658
0.0001524029
0.0001397181
0.0001450933
0.0001533302
0.0001523608
0.0001570511
0.0001395562
0.0001467073
0.0001494709
0.0001527129
0.0001511187
0.0001554186
0.0001550872
0.0001688967
0.0001653677
0.0001711486
0.0001872062
0.0001967081
0.0001887536
0.0001881605
0.0001875738
0.0001930996
0.0001888641
0.0001825535
0.0001681101
0.0001591306
0.0001477345
0.000157861
0.0001541366
0.0001625995
0.0001484942
0.0001342531
0.0001295031
0.000131637
0.0001344091
0.0001359612
0.0001361322
0.0001386298
0.0001458058
0.0001455988
0.0001412125
0.0001486243
0.0001494374
0.0001505374
0.0001607448
0.0001511542
0.000160832
0.0001568368
0.0001567221
0.000159356
0.0001572869
0.0001637307
0.0001669481
0.0001588162
0.0001570918
0.0001420673
0.0001419514
0.0001367899
0.0001415297
0.000144228
0.000139872
0.0001451796
0.0001482625
0.0001499268
0.0001465608
0.0001461244
0.0001447919
0.0001570016
0.0001655284
0.0001640093
0.0001751008
0.0001842384
0.0001661633
0.0001769873
0.000173478
0.0001667959
0.0001747055
0.0001847775
0.0001748103
0.0001657697
0.0001613026
0.000161416
0.0001574944
0.0001430339
0.0001340564
0.0001310608
0.0001305049
0.0001337197
0.0001394158
0.0001310024
0.000138872
0.0001431744
0.0001287982
0.000130072
0.0001257577
0.0001280195
0.0001310854
0.0001332376
0.0001398022
0.0001271595
0.0001354311
0.0001401988
0.0001324054
0.0001331379
0.0001280523
0.0001263815
0.0001236743
0.000121807
0.0001152212
0.0001148043
0.000118319
0.0001165168
0.0001135608
0.0001049879
0.0001096987
0.0001049002
0.0001073986
9.814152e-05
9.33689e-05
9.251718e-05
9.771875e-05
8.543557e-05
9.253449e-05
9.515893e-05
9.274219e-05
8.654032e-05
8.921356e-05
8.627666e-05
8.483719e-05
8.451243e-05
8.383478e-05
7.609428e-05
7.744704e-05
8.628092e-05
8.192653e-05
8.420557e-05
8.421657e-05
9.123458e-05
9.742358e-05
8.907926e-05
9.725108e-05
0.0001011181
0.0001029569
0.0001092516
0.0001103079
0.0001076237
0.0001081339
0.0001003034
0.0001047153
0.0001068604
0.0001120877
0.000109546
0.0001168357
0.0001195237
0.0001067911
0.000117634
0.0001149228
0.0001125744
0.0001102183
0.0001141023
0.000108456
0.0001005914
0.0001034941
0.0001075977
0.0001034043
0.0001145186
0.0001152401
0.0001156916
0.0001086126
0.0001133853
0.0001115132
0.0001183988
0.0001046518
0.0001135151
0.000110841
0.0001037978
0.0001016245
0.0001053227
0.0001044004
0.0001072533
0.0001006753
0.000103518
9.568114e-05
8.836052e-05
8.309847e-05
8.370977e-05
9.350489e-05
9.30471e-05
9.297147e-05
9.410635e-05
8.863894e-05
8.386115e-05
8.378433e-05
7.912612e-05
7.787797e-05
8.520301e-05
8.890275e-05
8.906161e-05
8.122376e-05
8.339064e-05
8.404675e-05
8.610834e-05
8.410547e-05
9.298114e-05
9.923178e-05
9.719374e-05
9.952771e-05
0.0001055487
0.0001115158
0.0001036925
0.0001053852
0.0001113963
0.0001079452
0.0001003716
9.268276e-05
9.033018e-05
9.060619e-05
9.116119e-05
9.926709e-05
9.706154e-05
8.590238e-05
8.884277e-05
8.861462e-05
8.22284e-05
7.81778e-05
7.634917e-05
7.886935e-05
7.987956e-05
7.235505e-05
6.872125e-05
6.626695e-05
6.028231e-05
6.343271e-05
6.105327e-05
6.156643e-05
6.386565e-05
6.367643e-05
6.631306e-05
6.580971e-05
7.307087e-05
7.277806e-05
7.828528e-05
8.543952e-05
8.272668e-05
8.042121e-05
8.43377e-05
8.564727e-05
9.041934e-05
9.447514e-05
9.237835e-05
9.30788e-05
9.514676e-05
9.468081e-05
8.988416e-05
9.447592e-05
9.882529e-05
9.245824e-05
9.139597e-05
8.684197e-05
9.018614e-05
8.79397e-05
8.846156e-05
8.230299e-05
7.911615e-05
7.989371e-05
8.065755e-05
8.446658e-05
8.104296e-05
7.887573e-05
7.559783e-05
7.835378e-05
7.966406e-05
7.139961e-05
6.775477e-05
6.736532e-05
7.070152e-05
6.58349e-05
6.435919e-05
6.823482e-05
6.991875e-05
6.843471e-05
6.370399e-05
7.364016e-05
7.487607e-05
7.629122e-05
7.382993e-05
7.259737e-05
7.306429e-05
7.273104e-05
7.059938e-05
7.138362e-05
7.845997e-05
8.025827e-05
7.778503e-05
7.554356e-05
7.730777e-05
8.004926e-05
8.220794e-05
7.856148e-05
7.256652e-05
7.060107e-05
7.049062e-05
7.467609e-05
7.594993e-05
8.470939e-05
8.883513e-05
0.0001021404
0.000110781
0.0001126202
0.0001258052
0.0001287555
0.0001258273
0.00011804
0.0001197644
0.0001286495
0.0001184027
0.0001201848
0.0001261337
0.0001146915
0.0001221342
0.0001191176
0.0001258395
0.0001288567
0.000118441
0.0001176158
0.0001123782
0.0001130533
0.0001180333
0.0001299305
0.0001238983
0.0001285683
0.0001313587
0.0001252741
0.0001221535
0.0001123049
0.0001146357
0.0001134151
0.0001030982
0.0001035105
0.0001026742
0.0001074028
0.0001011606
9.978675e-05
0.0001007945
9.220573e-05
9.8635e-05
8.944961e-05
9.247656e-05
9.36673e-05
9.254475e-05
9.205389e-05
8.401039e-05
8.133384e-05
8.168245e-05
8.174854e-05
7.740968e-05
7.764116e-05
8.121253e-05
8.942382e-05
8.87773e-05
8.928263e-05
8.746343e-05
8.780489e-05
8.912988e-05
9.166215e-05
9.538457e-05
9.126932e-05
9.205698e-05
8.292288e-05
8.697213e-05
9.238638e-05
9.505812e-05
0.0001030018
9.519289e-05
9.705077e-05
0.0001083773
0.0001095278
0.0001100216
0.0001159926
0.0001140891
0.0001268659
0.0001372681
0.0001586546
0.0001532429
0.0001526679
0.0001535543
0.0001463113
0.00015388
0.0001537924
0.0001669991
0.0001624059
0.000164621
0.000176306
0.0001669265
0.000165593
0.0001793671
0.0001651932
0.0001699385
0.0001724212
0.0001743713
0.000181892
0.0001899879
0.000169541
0.0001792522
0.0001827413
0.0001739794
0.0001865992
0.0001950658
0.0002050534
0.0002001581
0.0002124876
0.0002048807
0.0002099874
0.0002031375
0.0002180397
0.0002170108
0.0001983506
0.0001811652
0.0001750081
0.0001724113
0.0001668814
0.0001600335
0.0001463229
0.0001455607
0.0001518986
0.0001566385
0.0001524281
0.0001535389
0.0001563194
0.0001465414
0.0001475611
0.0001448025
0.0001450777
0.0001481444
0.0001459336
0.0001451374
0.0001495547
0.0001494789
0.0001500094
0.0001462627
0.0001460902
0.0001374439
0.0001390425
0.0001537547
0.0001535577
0.0001623937
0.0001543111
0.0001564455
0.0001503815
0.0001567508
0.0001507157
0.0001550348
0.0001502607
0.0001564121
0.0001516242
0.0001606665
0.0001542353
0.000150382
0.0001558718
0.0001708723
0.0001646098
0.0001713121
0.0001790824
0.0001882216
0.0001633527
0.0001644272
0.0001541354
0.0001553513
0.0001675914
0.0001641212
0.000153836
0.0001444548
0.0001550508
0.0001469617
0.000153703
0.0001651291
0.00015006
0.0001497924
0.0001487721
0.00016092
0.0001500731
0.0001390359
0.0001362272
0.0001363582
0.0001328073
0.0001271063
0.0001288199
0.0001317352
0.0001499906
0.0001477397
0.0001586694
0.0001495018
0.0001644006
0.0001608257
0.0001535961
0.0001356314
0.0001317512
0.0001363077
0.0001355498
0.000124764
0.0001115364
0.000105918
0.0001058626
9.937337e-05
0.0001045873
0.0001035348
0.0001092891
0.0001031672
0.0001043075
0.0001026057
9.324086e-05
9.390671e-05
0.0001012414
0.0001030603
9.764597e-05
9.637982e-05
8.971817e-05
9.331936e-05
0.0001014805
0.0001002151
0.0001069656
0.0001070244
0.0001053227
0.0001219803
0.0001204886
0.0001253443
0.000125933
0.0001321869
0.0001334831
0.0001361157
0.0001499578
0.0001491236
0.0001583672
0.0001575466
0.0001610146
0.000154864
0.0001547036
0.0001497643
0.0001550627
0.0001448788
0.0001446899
0.0001440463
0.0001320083
0.0001275762
0.0001243865
0.0001192608
0.0001277516
0.0001136773
0.0001109777
0.0001145293
0.0001123879
0.00010658
0.0001022903
0.0001000931
0.0001000959
9.531488e-05
9.301133e-05
9.000195e-05
8.586652e-05
8.97526e-05
9.314741e-05
9.07586e-05
9.716081e-05
0.0001034198
0.0001060514
0.0001106482
0.000105621
0.0001053744
9.661709e-05
9.365716e-05
9.655642e-05
9.56753e-05
9.830654e-05
9.376355e-05
8.9194e-05
8.92607e-05
9.964968e-05
0.0001074858
0.0001090352
0.0001095011
0.0001173463
0.0001151567
0.0001109967
0.0001136715
0.0001134828
0.0001068641
0.0001003387
0.0001001935
0.0001043784
0.0001132513
0.0001118162
9.15463e-05
9.869734e-05
8.968151e-05
9.191598e-05
9.242305e-05
8.663057e-05
8.403067e-05
9.254383e-05
9.738788e-05
9.501341e-05
0.000106094
0.0001044366
9.708643e-05
0.0001129953
0.0001138301
0.0001046653
9.849229e-05
0.0001100732
0.0001161692
0.0001199222
0.0001178339
0.0001069006
0.0001076926
0.0001133234
9.957468e-05
0.0001007414
0.0001052982
0.0001135913
0.000117179
0.0001108389
0.0001089408
0.0001126645
0.0001151135
0.0001170148
0.0001107497
0.0001166045
0.00011087
9.801139e-05
0.0001055227
0.0001060932
0.000109451
0.0001147746
0.0001297561
0.0001271953
0.0001249811
0.0001183457
0.0001260534
0.0001345414
0.0001312293
0.0001249181
0.0001266811
0.0001238849
0.0001178696
0.0001105193
0.0001166699
0.000110548
0.0001011504
0.0001056077
9.484799e-05
8.5116e-05
8.606753e-05
8.407029e-05
8.537169e-05
8.084963e-05
7.625039e-05
7.190981e-05
6.822416e-05
6.090895e-05
6.527756e-05
6.365943e-05
6.824786e-05
7.225533e-05
7.269026e-05
7.663851e-05
7.427713e-05
7.763839e-05
7.233445e-05
7.51859e-05
8.171819e-05
8.247407e-05
8.332024e-05
8.937454e-05
8.646118e-05
7.801863e-05
8.691249e-05
8.573931e-05
8.709151e-05
8.963115e-05
8.793624e-05
9.555117e-05
0.0001038895
0.0001080472
0.0001185472
0.0001180556
0.0001239929
0.000131328
0.0001305188
0.0001324086
0.0001300964
0.0001376826
0.0001357863
0.0001403249
0.0001200495
0.0001116971
0.0001040499
0.0001146694
0.0001134827
0.0001139941
0.0001111334
0.0001074522
0.0001060476
0.0001029571
9.777316e-05
9.508731e-05
0.0001001741
9.916281e-05
9.26811e-05
9.138215e-05
9.365624e-05
9.248005e-05
9.467803e-05
9.760851e-05
0.0001002451
0.0001026224
0.0001032678
9.862782e-05
0.0001038034
0.0001026155
9.614291e-05
9.972797e-05
8.98856e-05
9.181788e-05
9.261279e-05
9.56897e-05
9.917248e-05
9.586403e-05
9.923936e-05
9.192569e-05
8.944016e-05
8.913123e-05
9.106297e-05
9.479014e-05
9.304945e-05
8.90538e-05
9.163776e-05
9.88194e-05
0.0001090626
0.0001167535
0.0001210645
0.0001258335
0.0001082356
0.0001183304
0.0001135047
0.0001118402
0.0001104162
0.0001081825
0.0001140322
0.0001076216
0.000113485
0.0001137077
0.0001132458
0.0001096437
0.0001171666
0.0001164892
0.0001144701
0.0001123307
0.000111783
0.0001016307
9.229933e-05
9.102551e-05
9.044735e-05
8.849076e-05
8.830703e-05
8.671895e-05
9.432785e-05
9.204826e-05
9.373019e-05
9.817479e-05
9.184277e-05
8.782625e-05
8.637016e-05
8.012425e-05
8.283743e-05
8.427965e-05
8.027899e-05
7.481776e-05
7.580658e-05
7.455912e-05
6.93954e-05
6.369159e-05
6.72904e-05
6.368521e-05
6.374972e-05
6.17588e-05
6.057585e-05
6.194259e-05
5.633699e-05
6.042809e-05
6.206602e-05
6.001192e-05
6.443439e-05
6.786287e-05
6.821007e-05
7.189292e-05
7.441893e-05
8.057251e-05
7.467004e-05
8.172344e-05
9.15873e-05
9.258705e-05
9.957006e-05
9.922205e-05
9.653572e-05
8.912743e-05
8.494417e-05
9.104886e-05
9.576612e-05
9.559647e-05
0.0001024053
8.866803e-05
8.202262e-05
7.333015e-05
7.733926e-05
7.071445e-05
7.275123e-05
7.156712e-05
7.370413e-05
6.870772e-05
7.604134e-05
8.04876e-05
7.469375e-05
7.761029e-05
8.349182e-05
8.409675e-05
8.708175e-05
8.171738e-05
8.444657e-05
8.436748e-05
9.034908e-05
8.169433e-05
7.767402e-05
7.399789e-05
7.766736e-05
7.910922e-05
8.049204e-05
7.479513e-05
7.899432e-05
8.056707e-05
8.596115e-05
9.0145e-05
8.964317e-05
8.249432e-05
8.312548e-05
7.584148e-05
7.954394e-05
7.999141e-05
7.929101e-05
7.327697e-05
7.227427e-05
7.812501e-05
7.335583e-05
6.67497e-05
5.645545e-05
6.065684e-05
6.487883e-05
6.651628e-05
7.120717e-05
7.421556e-05
6.990025e-05
7.4151e-05
7.501032e-05
7.635976e-05
7.762683e-05
7.779497e-05
7.582528e-05
8.063712e-05
8.434467e-05
7.989385e-05
7.849309e-05
8.337628e-05
8.468544e-05
9.239803e-05
0.0001009188
9.775619e-05
0.0001082795
0.0001185041
0.0001129281
0.0001168779
0.0001142908
0.0001100536
0.0001036826
0.0001013043
0.0001094403
0.0001074887
0.0001064783
0.0001043486
9.896458e-05
9.150887e-05
9.702564e-05
9.826851e-05
9.550819e-05
9.501448e-05
9.498266e-05
0.0001017912
0.0001061627
0.0001084919
0.0001125862
0.0001122353
0.0001178791
0.0001255059
0.0001303139
0.00013547
0.0001343493
0.0001334381
0.0001279008
0.0001345983
0.0001315484
0.0001251991
0.0001148626
0.0001129442
0.0001032042
0.0001023489
9.127988e-05
8.427007e-05
8.419003e-05
7.96567e-05
8.334499e-05
8.382883e-05
8.568891e-05
8.040981e-05
7.252724e-05
7.273937e-05
7.079111e-05
7.64278e-05
8.022181e-05
8.603863e-05
8.195605e-05
8.572e-05
7.171102e-05
7.598621e-05
8.510976e-05
7.7414e-05
7.358777e-05
7.215426e-05
6.949543e-05
6.809623e-05
7.045443e-05
6.821505e-05
6.222954e-05
6.509306e-05
6.749664e-05
7.233058e-05
7.142176e-05
7.648198e-05
7.732911e-05
7.534334e-05
7.409628e-05
8.334466e-05
8.706319e-05
8.836936e-05
8.147809e-05
7.764233e-05
8.021252e-05
8.003955e-05
8.250201e-05
8.165197e-05
8.505167e-05
7.942541e-05
7.77699e-05
8.676154e-05
8.985801e-05
8.597524e-05
7.861654e-05
8.125219e-05
7.418475e-05
7.586913e-05
7.202306e-05
6.805167e-05
6.657482e-05
6.659388e-05
6.522152e-05
6.46305e-05
6.456386e-05
6.356552e-05
5.847651e-05
6.288863e-05
7.061989e-05
6.721108e-05
6.932012e-05
7.148263e-05
7.195497e-05
7.08369e-05
7.133623e-05
7.645003e-05
8.088668e-05
8.46752e-05
8.738329e-05
8.462759e-05
7.999637e-05
8.856391e-05
8.096983e-05
8.51359e-05
8.396685e-05
7.957187e-05
8.254149e-05
8.246888e-05
8.838223e-05
7.812467e-05
7.618288e-05
8.00706e-05
8.480105e-05
8.447782e-05
9.035684e-05
9.148821e-05
9.219191e-05
9.551749e-05
9.06061e-05
9.398584e-05
9.977775e-05
9.720643e-05
9.891495e-05
0.0001088077
0.0001004785
0.0001051374
0.0001081314
0.0001130651
0.000115126
0.0001178346
0.0001136992
0.0001120981
0.0001207464
0.0001198749
0.0001239708
0.0001173519
0.0001172647
0.0001059224
0.000120305
0.0001185502
0.000124022
0.0001198519
0.0001175303
0.0001267503
0.0001216818
0.000137655
0.0001303131
0.0001337407
0.0001226989
0.0001327437
0.0001367131
0.000126546
0.0001290767
0.0001274051
0.0001199399
0.000123997
0.0001310188
0.0001319498
0.0001300776
0.0001310331
0.0001319593
0.0001368546
0.0001262752
0.0001284962
0.0001188853
0.0001255073
0.0001261973
0.0001215643
0.0001209914
0.0001187715
0.0001223533
0.0001162641
0.0001216245
0.00011859
0.0001162236
0.0001171438
0.0001107182
0.0001091727
0.0001076303
0.0001042126
9.383434e-05
9.136052e-05
8.94473e-05
8.945121e-05
8.542335e-05
9.024144e-05
9.800693e-05
0.0001013055
0.0001121598
0.0001241062
0.0001368129
0.0001265963
0.0001206713
0.0001205421
0.0001151497
0.0001150234
0.0001160983
0.0001061027
0.0001120126
0.0001069329
0.0001084114
0.0001022759
0.0001038073
0.0001028682
0.000114299
0.0001117911
0.0001084562
0.0001064902
0.0001098461
0.000114466
0.0001147894
0.000110694
0.0001098825
0.0001098247
0.0001159445
0.0001157588
0.0001147841
0.0001140778
0.0001153347
0.0001160221
0.0001149363
0.0001134828
0.0001142377
0.000114773
0.0001112929
0.0001117666
0.000110319
0.0001139695
0.0001097828
0.0001121122
0.0001101966
0.0001141709
0.0001223921
0.00011873
0.0001292803
0.0001277071
0.0001231339
0.0001277267
0.000117906
0.0001180305
0.0001168559
0.000109714
0.0001194932
0.0001206525
0.000119107
0.0001248227
0.0001248191
0.0001182792
0.0001278402
0.0001276826
0.0001290421
0.0001245235
0.0001179844
0.0001170441
0.0001238775
0.0001117192
0.0001098366
0.0001011125
0.0001052025
0.000103895
9.80009e-05
0.0001072259
0.0001100931
0.0001128732
0.0001061863
0.0001000068
9.843116e-05
9.922508e-05
9.654985e-05
0.0001013526
0.0001158242
0.0001134974
0.000120505
0.0001190904
0.0001146321
0.000118241
0.0001252606
0.0001161621
0.0001215902
0.0001204387
0.0001092917
0.0001031637
9.807371e-05
9.709293e-05
9.220084e-05
9.99891e-05
9.965127e-05
0.0001040649
0.0001035987
0.0001178185
0.0001192836
0.0001125929
0.0001236448
0.0001281486
0.0001293708
0.0001309975
0.0001307825
0.0001303259
0.0001294083
0.0001125168
0.0001104713
0.0001145607
0.0001111187
0.0001124672
0.0001115297
0.0001074989
0.000107686
0.0001033442
9.79411e-05
0.0001072447
0.0001062106
0.0001032186
9.60479e-05
9.397939e-05
8.984066e-05
9.10388e-05
8.596947e-05
8.420885e-05
8.205274e-05
8.511657e-05
9.399755e-05
9.506999e-05
8.844808e-05
7.618766e-05
8.130269e-05
8.404073e-05
9.015667e-05
9.339948e-05
8.422983e-05
8.228264e-05
8.504252e-05
9.590664e-05
9.083228e-05
9.007028e-05
8.609465e-05
9.649888e-05
0.0001019835
0.0001060928
0.0001101665
0.000106722
9.444164e-05
0.000101002
0.000112176
0.0001039387
0.0001001912
0.0001002463
9.898858e-05
0.0001001579
9.488784e-05
9.565961e-05
0.0001079367
0.0001088406
0.0001108479
0.000116205
0.0001182804
0.0001218775
0.000115919
0.0001105017
9.440932e-05
0.0001016225
0.0001003469
9.467598e-05
9.463563e-05
9.486677e-05
8.403498e-05
8.084251e-05
7.802721e-05
8.35981e-05
8.19834e-05
7.377276e-05
7.838695e-05
7.60336e-05
8.000707e-05
7.802946e-05
8.003663e-05
8.18742e-05
7.842895e-05
7.825804e-05
7.767557e-05
7.411557e-05
7.594577e-05
7.165999e-05
7.268065e-05
7.620889e-05
8.256416e-05
8.322554e-05
8.682056e-05
8.084807e-05
7.329158e-05
7.59558e-05
7.54181e-05
6.891478e-05
6.801878e-05
7.433206e-05
7.282851e-05
7.065129e-05
6.672919e-05
6.506785e-05
6.889415e-05
7.523576e-05
8.170076e-05
8.171718e-05
8.764179e-05
8.808686e-05
8.901407e-05
8.829925e-05
9.167062e-05
9.711883e-05
9.995772e-05
9.783382e-05
9.2768e-05
9.380412e-05
8.828424e-05
8.230372e-05
8.816545e-05
8.102792e-05
7.2687e-05
7.10637e-05
6.988355e-05
7.281707e-05
7.293811e-05
7.822127e-05
7.207785e-05
7.087275e-05
7.408924e-05
6.933946e-05
6.933482e-05
6.382167e-05
6.637871e-05
6.492126e-05
6.813864e-05
6.822947e-05
6.571089e-05
6.536541e-05
7.075419e-05
7.463493e-05
6.812765e-05
7.287383e-05
7.140324e-05
6.591312e-05
6.431251e-05
6.595901e-05
6.263304e-05
6.389658e-05
6.975513e-05
7.411014e-05
7.515157e-05
8.001089e-05
7.574487e-05
8.1691e-05
9.469256e-05
9.325081e-05
9.295162e-05
9.854237e-05
0.0001060861
0.0001083335
0.0001117191
0.0001107969
0.000103939
0.0001130714
0.0001021017
0.0001149928
0.000109405
0.0001027168
9.960927e-05
9.856303e-05
8.810688e-05
8.780317e-05
8.403274e-05
7.256103e-05
6.668455e-05
6.17412e-05
6.7614e-05
6.793128e-05
6.819247e-05
6.533255e-05
6.48998e-05
6.063199e-05
5.656936e-05
6.28583e-05
6.207243e-05
6.333314e-05
6.648343e-05
6.202645e-05
6.928457e-05
7.636186e-05
7.495592e-05
7.170682e-05
6.664258e-05
7.563086e-05
6.995713e-05
6.567927e-05
6.960147e-05
7.777195e-05
8.263392e-05
8.597117e-05
8.486881e-05
9.26564e-05
9.162701e-05
8.721973e-05
9.16147e-05
9.948991e-05
0.0001015216
0.0001025602
0.0001007696
0.0001024517
0.0001075435
0.0001160899
0.0001286487
0.000120667
0.0001077863
0.0001068115
0.0001110647
0.0001045899
0.0001094947
0.0001095611
0.0001145562
0.000117556
0.0001198462
0.0001171159
0.0001169684
0.0001131994
0.0001150888
0.0001106091
0.0001144831
0.0001142276
0.0001077319
0.0001026881
0.0001107585
0.0001043075
9.834814e-05
9.586228e-05
9.621369e-05
9.335649e-05
8.8883e-05
9.208409e-05
9.806083e-05
9.576221e-05
8.656377e-05
9.318738e-05
9.15618e-05
9.113305e-05
0.0001033507
0.0001009348
0.0001174235
0.0001144121
0.0001144027
0.0001224191
0.0001249514
0.0001247996
0.0001161292
0.0001094251
0.000104113
0.0001065807
0.0001166833
0.0001108191
0.0001100991
0.0001159881
0.0001216617
0.0001255278
0.0001259718
0.0001304694
0.0001402084
0.0001321321
0.000128162
0.0001203556
0.00012312
0.0001279181
0.0001267792
0.0001388533
0.0001274267
0.0001318226
0.0001319059
0.0001356705
0.0001300683
0.0001182268
0.0001043745
0.0001020913
9.87711e-05
0.0001011017
0.0001023202
0.0001038288
0.0001060863
0.0001120587
9.897531e-05
0.0001021703
0.0001062813
0.0001126965
0.0001130296
0.0001113083
0.0001051842
0.0001032951
0.0001024387
0.0001082596
0.000110941
0.0001071646
0.0001191752
0.000117222
0.0001135293
0.0001259609
0.0001276579
0.0001193228
0.0001178488
0.0001199731
0.0001293683
0.0001404078
0.0001356112
0.0001287679
0.0001297206
0.0001351577
0.0001330797
0.0001212084
0.0001365693
0.0001514109
0.0001411398
0.0001349634
0.0001322829
0.0001377453
0.0001268875
0.0001215598
0.0001261235
0.0001307208
0.0001241652
0.0001249621
0.000134009
0.0001346606
0.0001157422
0.0001130601
0.0001143687
0.0001102185
0.0001097266
0.0001273073
0.0001202351
0.0001227002
0.0001202465
0.0001056435
0.0001077738
0.0001008513
9.585084e-05
0.0001017654
9.66728e-05
0.0001035774
0.0001074297
0.0001004658
0.0001016006
0.0001099188
0.000118744
0.0001108983
0.0001159136
0.0001260116
0.0001235789
0.0001235729
0.0001214054
0.000125289
0.0001193302
0.0001139874
0.0001117882
0.0001142988
0.0001078895
0.0001167001
0.0001189414
0.0001072973
0.0001080601
0.0001135432
0.0001193145
0.0001119878
0.0001133553
0.0001035173
9.843174e-05
8.990509e-05
0.0001039118
9.691919e-05
9.718542e-05
0.0001045122
0.0001145108
0.0001128888
0.0001090048
0.0001097933
0.0001014401
9.967839e-05
0.0001006173
9.655329e-05
9.578961e-05
9.372353e-05
9.371749e-05
0.0001045638
0.0001069472
0.0001138942
0.0001123973
0.0001105118
0.0001055267
9.736394e-05
0.0001130606
0.0001175828
0.0001224154
0.0001310715
0.0001216651
0.000125129
0.0001193397
0.0001125779
0.0001179115
0.0001160642
0.0001092905
0.0001134929
0.0001143354
0.0001138389
0.0001150278
0.0001088419
0.0001126908
0.0001258789
0.0001367325
0.0001347741
0.0001392355
0.0001438533
0.000126392
0.0001238315
0.0001314695
0.0001276265
0.0001193151
0.0001175979
0.000119481
0.0001236749
0.0001280725
0.0001116568
0.0001075848
0.0001147318
0.0001174809
0.0001171307
0.0001177438
0.0001160384
0.0001233701
0.0001382466
0.000122323
0.0001140941
0.0001221794
0.0001209422
0.000120639
0.0001100374
0.0001108016
0.0001186674
0.0001185923
0.0001247159
0.0001347469
0.0001297432
0.0001424643
0.000140973
0.0001394468
0.0001377347
0.0001467851
0.0001543841
0.0001504691
0.0001556465
0.0001557916
0.0001599674
0.0001523555
0.0001593946
0.0001564311
0.0001621631
0.000156284
0.00014957
0.0001510169
0.0001549253
0.0001461792
0.0001482061
0.0001336221
0.0001299931
0.0001467737
0.0001375247
0.0001579126
0.0001574286
0.0001477499
0.0001492252
0.0001454965
0.0001502336
0.0001601062
0.0001499075
0.0001502
0.0001578116
0.0001737286
0.0001698815
0.0001633602
0.0001690384
0.000163328
0.0001664389
0.0001816393
0.0001841402
0.0001907827
0.0001793853
0.0001668929
0.0001593797
0.000153232
0.000151869
0.0001460501
0.000136949
0.0001441413
0.0001577837
0.0001586782
0.0001466232
0.0001415684
0.0001538754
0.0001459709
0.0001339279
0.000139516
0.0001477548
0.0001389606
0.0001353648
0.0001301552
0.0001262277
0.0001348362
0.0001351693
0.0001346869
0.0001365239
0.0001555046
0.0001522041
0.0001504869
0.0001556505
0.0001622928
0.000171147
0.0001683587
0.0001791758
0.0001574658
0.0001537444
0.0001514378
0.0001490854
0.0001502743
0.000148036
0.0001462247
0.0001427846
0.0001395232
0.0001483023
0.0001418418
0.0001416295
0.0001334712
0.000141129
0.0001605106
0.0001757235
0.0001700578
0.0001509133
0.0001402467
0.0001358999
0.0001253551
0.0001194125
0.0001207896
0.0001281881
0.0001297519
0.0001257886
0.0001223997
0.0001195076
0.0001118167
0.0001026344
0.0001024843
0.000110053
9.704223e-05
8.499758e-05
0.0001001495
0.0001042655
0.0001153986
0.0001061364
0.0001033951
9.832807e-05
0.0001070803
9.910858e-05
0.0001000898
0.0001071516
0.0001047341
0.0001050415
9.849913e-05
8.870442e-05
8.513951e-05
8.323698e-05
8.296523e-05
7.793712e-05
8.61364e-05
9.320904e-05
8.94013e-05
8.72052e-05
8.673204e-05
9.559939e-05
9.864817e-05
0.0001011846
9.627184e-05
9.448377e-05
0.0001018569
0.0001012486
9.611694e-05
9.443661e-05
9.357845e-05
9.859407e-05
8.949529e-05
8.076777e-05
8.279664e-05
8.06611e-05
7.895854e-05
7.658886e-05
7.154464e-05
6.601568e-05
6.679446e-05
6.762253e-05
7.908534e-05
8.36113e-05
9.169033e-05
9.462672e-05
8.891519e-05
8.130676e-05
8.335698e-05
7.761388e-05
7.798159e-05
6.711389e-05
6.743571e-05
6.484696e-05
6.846574e-05
7.10924e-05
6.74775e-05
6.419676e-05
6.568836e-05
6.850962e-05
7.396642e-05
7.312244e-05
7.051825e-05
6.744972e-05
6.950172e-05
6.481018e-05
6.268644e-05
6.420521e-05
6.154649e-05
6.16521e-05
6.604368e-05
6.435962e-05
6.416976e-05
6.743844e-05
6.414886e-05
5.822332e-05
6.480644e-05
6.128195e-05
6.496496e-05
7.075651e-05
6.47308e-05
6.835322e-05
7.184134e-05
7.534828e-05
8.057697e-05
8.442386e-05
7.639295e-05
8.190135e-05
7.835945e-05
7.65046e-05
7.368992e-05
7.842042e-05
8.59848e-05
8.640803e-05
9.455816e-05
9.730118e-05
9.729536e-05
9.611681e-05
0.0001041743
0.0001108751
0.0001078976
0.0001178462
0.0001069751
9.981657e-05
0.0001046794
0.0001108727
0.000108101
0.0001031452
0.0001049464
9.87519e-05
0.0001003323
0.0001094098
0.0001134503
0.0001109807
0.0001137234
0.000108214
0.0001054221
0.0001063782
0.0001011033
9.85301e-05
9.777284e-05
0.000101322
9.94008e-05
9.929579e-05
9.657922e-05
0.0001030952
0.0001007278
9.880083e-05
0.0001023831
9.82523e-05
0.0001029722
0.0001003053
9.489173e-05
9.526886e-05
9.996127e-05
0.0001083618
0.0001162071
0.0001223547
0.0001242231
0.000131657
0.0001264707
0.000129443
0.0001415948
0.0001403704
0.0001380884
0.0001372143
0.0001350611
0.0001222518
0.0001090405
0.0001066929
0.0001071293
0.0001042603
9.745391e-05
8.990948e-05
8.90595e-05
8.558907e-05
8.065148e-05
8.157849e-05
8.999462e-05
8.996462e-05
9.934435e-05
0.000100713
0.0001020365
0.0001134838
0.0001116204
0.0001025228
9.998378e-05
0.0001010291
9.130432e-05
8.71274e-05
8.310512e-05
9.263001e-05
8.680049e-05
8.247285e-05
8.541827e-05
8.224485e-05
8.376713e-05
8.548814e-05
9.516027e-05
8.588447e-05
8.630878e-05
8.715813e-05
0.0001001493
9.814572e-05
9.930226e-05
8.640285e-05
8.483642e-05
8.955002e-05
9.167367e-05
8.131592e-05
8.25149e-05
8.726511e-05
9.506621e-05
9.33927e-05
9.281228e-05
9.34749e-05
9.122774e-05
8.866139e-05
8.690509e-05
8.697308e-05
8.879048e-05
8.353305e-05
8.830829e-05
8.524123e-05
8.108955e-05
9.345248e-05
9.679393e-05
9.037294e-05
9.346979e-05
9.252442e-05
9.209186e-05
9.532397e-05
9.370039e-05
9.288071e-05
9.947952e-05
8.741978e-05
8.972443e-05
9.065779e-05
9.04823e-05
8.975287e-05
8.62234e-05
8.584714e-05
8.296616e-05
8.683054e-05
9.949485e-05
8.890285e-05
8.974026e-05
8.478463e-05
8.887108e-05
9.797134e-05
0.0001021623
0.0001111098
0.0001059852
0.0001063661
0.0001062003
0.0001011294
0.0001022424
9.868451e-05
8.81997e-05
8.928788e-05
8.877806e-05
8.210971e-05
8.502593e-05
7.990931e-05
8.203921e-05
7.942428e-05
7.420434e-05
7.706125e-05
8.071613e-05
7.617499e-05
7.2893e-05
8.313175e-05
8.855475e-05
8.924711e-05
9.56241e-05
9.81613e-05
0.0001013374
0.0001001759
0.0001048025
9.946513e-05
0.0001100451
9.787152e-05
0.0001035007
0.0001001621
8.892252e-05
9.16658e-05
8.57209e-05
8.607738e-05
8.865598e-05
8.79831e-05
7.928651e-05
8.452445e-05
7.533837e-05
6.961327e-05
6.18025e-05
6.826196e-05
6.411716e-05
7.040794e-05
7.102578e-05
7.411493e-05
7.326551e-05
6.922402e-05
7.018418e-05
7.201891e-05
7.096547e-05
7.298985e-05
7.132694e-05
7.237902e-05
7.733686e-05
7.062909e-05
7.44372e-05
7.753635e-05
7.749238e-05
7.988031e-05
8.778757e-05
9.83623e-05
0.0001010779
0.0001075203
0.0001041928
0.0001101311
0.0001091611
0.0001075037
0.0001176848
0.0001269095
0.0001265332
0.0001180569
0.0001281795
0.0001482992
0.000143873
0.0001417548
0.0001287327
0.0001305929
0.0001247271
0.0001183313
0.0001097229
0.00010473
0.0001081515
0.0001125258
0.0001065342
0.0001021923
9.969607e-05
9.816032e-05
9.709302e-05
9.849838e-05
9.505955e-05
8.821061e-05
9.984861e-05
0.0001014944
0.0001039582
9.607774e-05
9.214763e-05
8.768472e-05
8.840085e-05
8.863635e-05
9.963677e-05
9.859115e-05
9.451656e-05
0.0001097312
0.0001080718
0.0001129211
0.0001097168
0.0001232547
0.0001287967
0.0001296818
0.0001393557
0.0001404872
0.0001441857
0.0001331718
0.0001267638
0.0001209627
0.0001196638
0.0001147663
0.0001186104
0.0001144943
0.0001202106
0.0001193229
0.0001284572
0.0001379584
0.000134511
0.0001194573
0.0001145565
0.0001177367
0.0001251145
0.0001297463
0.0001469716
0.0001450756
0.0001441719
0.0001500489
0.0001342196
0.0001335915
0.0001338443
0.0001226142
0.000110122
0.0001014342
0.0001003348
0.0001031552
9.227423e-05
8.651049e-05
9.142999e-05
9.174231e-05
9.121813e-05
9.528177e-05
8.82921e-05
8.712873e-05
9.149583e-05
8.850027e-05
8.088373e-05
8.270175e-05
8.026594e-05
7.59337e-05
7.63336e-05
7.436481e-05
7.503468e-05
7.59441e-05
7.668415e-05
8.167488e-05
8.215055e-05
8.609147e-05
8.65635e-05
8.592553e-05
9.129851e-05
9.058122e-05
9.47833e-05
9.545369e-05
9.505965e-05
9.654291e-05
9.687422e-05
0.0001045909
0.0001062228
0.0001046983
0.0001070775
0.0001128593
0.0001142565
0.000111003
0.000115332
0.0001130618
0.000123504
0.0001172506
0.0001138468
0.0001132477
0.0001164308
0.0001272459
0.0001182746
0.0001083355
0.0001149125
0.0001119766
0.0001112644
0.0001090747
0.0001000359
0.0001166102
0.0001077796
0.0001097858
0.0001018597
0.0001106682
0.000102798
0.0001042136
0.0001085267
0.000111079
0.0001025642
0.0001064296
9.885958e-05
9.663e-05
9.975402e-05
0.0001039438
0.000112959
0.0001103383
0.0001069177
0.0001022962
0.0001122759
0.0001165936
0.000119116
0.0001094536
0.0001119448
0.0001014973
0.0001088931
0.000114643
0.0001263686
0.0001289145
0.0001468439
0.0001462277
0.0001663621
0.0001687887
0.0001758877
0.0001761158
0.0001891146
0.0001902381
0.0001908916
0.0001778817
0.0001924293
0.0001808604
0.0001672941
0.0001563094
0.0001728994
0.0001716905
0.0001734904
0.0001900733
0.0001805389
0.0001873902
0.0001896834
0.0001993701
0.0001835102
0.000179977
0.0001897082
0.0002001209
0.0001882961
0.0001886209
0.0001812899
0.0001902576
0.0001780301
0.0001691344
0.0001695777
0.0001557987
0.0001514913
0.0001453565
0.0001432171
0.0001389612
0.0001319843
0.0001315717
0.0001347291
0.0001260618
0.0001196367
0.000114997
0.0001255885
0.0001195496
0.0001123498
0.0001169448
0.0001111548
0.0001201294
0.0001234225
0.0001367298
0.0001344247
0.0001240706
0.0001258418
0.0001170601
0.0001286096
0.0001276605
0.0001281318
0.0001329149
0.0001382002
0.00012932
0.0001214003
0.0001235787
0.0001261132
0.0001238023
0.0001154248
0.0001173879
0.0001237559
0.000130287
0.0001345542
0.0001262861
0.0001287786
0.0001210399
0.0001320823
0.000131937
0.0001241691
0.0001256008
0.0001334699
0.0001332071
0.0001311004
0.0001210645
0.0001155242
0.0001161438
0.0001069913
0.0001078754
0.0001035373
0.0001061888
0.0001148077
0.0001123991
0.0001186626
0.0001252835
0.000133412
0.0001215534
0.0001240816
0.0001299035
0.0001339413
0.000131898
0.0001344694
0.000137405
0.0001258244
0.0001334131
0.0001393177
0.0001275902
0.0001138334
0.0001153876
0.0001094572
0.0001119439
0.0001014862
0.0001016514
9.8109e-05
9.283963e-05
9.190664e-05
9.365279e-05
9.435973e-05
9.497181e-05
9.059562e-05
9.003898e-05
9.611505e-05
0.0001011936
9.943824e-05
9.90458e-05
0.0001034365
0.0001151564
0.0001145751
9.978796e-05
9.179985e-05
8.281773e-05
7.51862e-05
7.378536e-05
6.484856e-05
6.734039e-05
7.316308e-05
6.607031e-05
6.237251e-05
6.065684e-05
5.793656e-05
5.780828e-05
5.524211e-05
5.632961e-05
5.901699e-05
6.066939e-05
6.442394e-05
6.147736e-05
6.040329e-05
5.964277e-05
5.73316e-05
5.453396e-05
5.031556e-05
5.161932e-05
5.343753e-05
5.360653e-05
5.829808e-05
5.47192e-05
5.337899e-05
5.698241e-05
5.49236e-05
5.751458e-05
5.731103e-05
6.329887e-05
6.12523e-05
6.58348e-05
6.090746e-05
5.848124e-05
5.866345e-05
5.925274e-05
5.779085e-05
6.469259e-05
7.142428e-05
7.161165e-05
7.152151e-05
7.38478e-05
7.53153e-05
7.480302e-05
7.330083e-05
7.454259e-05
7.890491e-05
8.651175e-05
8.858347e-05
9.740291e-05
9.595825e-05
9.926487e-05
0.0001077248
0.0001047892
0.0001056951
0.0001060827
0.0001158404
0.0001114005
0.0001105494
0.0001119616
0.0001044308
9.998664e-05
9.912223e-05
0.0001023766
0.0001055211
0.0001058705
0.000107663
0.0001069792
0.0001027914
0.0001110655
0.0001140466
0.000108286
0.0001091858
0.0001107426
0.0001116901
0.0001166387
0.0001102327
0.0001145537
0.0001173293
0.000119604
0.0001208599
0.0001249442
0.0001195316
0.0001261102
0.0001163433
0.0001164108
0.0001173071
0.0001192095
0.0001226625
0.0001292561
0.0001361863
0.0001375294
0.0001367018
0.0001288905
0.0001384102
0.0001282831
0.000126782
0.0001202961
0.0001187593
0.0001149948
0.0001043872
0.000100597
9.432629e-05
9.904537e-05
0.0001001855
9.612822e-05
9.953272e-05
0.0001045217
0.000113466
0.0001072422
0.0001019665
0.0001028044
9.989754e-05
9.927327e-05
0.000102834
9.93243e-05
9.630676e-05
8.858955e-05
8.679647e-05
9.22412e-05
8.799958e-05
8.610135e-05
8.741134e-05
8.952745e-05
8.525524e-05
8.247132e-05
8.313201e-05
8.748748e-05
8.507591e-05
9.494423e-05
9.007115e-05
9.73537e-05
0.0001101586
0.0001078749
0.0001042667
0.0001151381
0.0001101109
0.0001184459
0.0001187735
9.857585e-05
0.0001116319
0.0001244656
0.0001266505
0.0001278216
0.0001371355
0.0001316939
0.0001225548
0.0001147494
0.0001216884
0.000129612
0.0001246218
0.0001344025
0.000139919
0.0001420872
0.0001529577
0.000139344
0.0001303643
0.0001283406
0.0001298996
0.000129658
0.0001282525
0.0001237019
0.000135215
0.0001281989
0.0001310795
0.0001294571
0.0001333586
0.0001428605
0.0001463956
0.0001504846
0.0001553448
0.0001370261
0.0001303865
0.0001257733
0.0001215654
0.0001250218
0.000117583
0.000121371
0.0001231762
0.0001125482
0.0001206028
0.0001268994
0.0001227798
0.0001244826
0.0001135517
0.0001123987
0.0001214745
0.0001217497
0.0001148784
0.0001181435
0.0001238251
0.0001245582
0.0001350031
0.000129065
0.0001264265
0.0001161264
0.0001219067
0.000112606
0.0001205468
0.0001143597
0.0001181357
0.0001133967
0.0001017115
9.770688e-05
0.0001074218
0.0001165514
0.0001157756
0.0001261373
0.0001365812
0.0001402138
0.0001353482
0.0001397635
0.0001412007
0.000149776
0.000155479
0.0001643583
0.0001638971
0.0001562954
0.0001556824
0.0001531415
0.0001479216
0.0001540197
0.0001389451
0.0001431264
0.0001567322
0.0001691689
0.000170312
0.0001672486
0.0001710504
0.0001594083
0.0001636869
0.000148923
0.00012367
0.0001179955
0.0001324422
0.0001265871
0.0001250731
0.0001214176
0.0001058357
0.0001074467
0.0001016965
0.0001031292
9.961269e-05
0.0001009032
0.000100243
0.0001030726
0.0001094642
0.0001022538
9.827843e-05
9.694915e-05
9.516964e-05
9.467899e-05
0.0001042983
9.536191e-05
9.252714e-05
9.720326e-05
0.0001001512
0.0001043263
0.0001118301
0.000106615
0.0001044801
0.0001049901
9.995658e-05
0.0001027468
0.000107662
0.0001049235
0.0001089911
0.0001016277
0.0001109995
0.0001129254
0.0001115804
0.0001119546
0.0001055606
0.0001052594
0.0001096901
0.0001087823
0.0001057164
0.000108102
0.0001074041
0.0001096261
0.0001063234
0.0001089657
0.0001141927
0.0001162539
0.0001232718
0.0001399702
0.0001498387
0.0001671985
0.0001622287
0.0001526587
0.000142435
0.0001414269
0.0001401541
0.0001417568
0.0001497398
0.0001452164
0.0001426748
0.0001355299
0.000121838
0.0001239302
0.0001252702
0.0001148234
0.000112005
0.0001062435
0.0001073867
9.709529e-05
9.272835e-05
9.019667e-05
8.521331e-05
9.030153e-05
9.388045e-05
8.571152e-05
8.520355e-05
7.859626e-05
7.916603e-05
8.425452e-05
8.296783e-05
9.036198e-05
8.883615e-05
8.902075e-05
8.902789e-05
8.560571e-05
8.966345e-05
8.243859e-05
7.620626e-05
7.282996e-05
7.384422e-05
7.166251e-05
7.245477e-05
7.011618e-05
7.401465e-05
7.107578e-05
7.284928e-05
6.944887e-05
6.379019e-05
6.036085e-05
6.473686e-05
6.847145e-05
6.536309e-05
6.077796e-05
6.230443e-05
6.783058e-05
6.64156e-05
6.474763e-05
6.510747e-05
7.046712e-05
6.455988e-05
6.656501e-05
6.841715e-05
6.950768e-05
7.476527e-05
6.798194e-05
7.148551e-05
6.485905e-05
6.721394e-05
6.176511e-05
5.602601e-05
6.023571e-05
6.032625e-05
6.514967e-05
6.631621e-05
7.184077e-05
7.984838e-05
8.508991e-05
8.15536e-05
7.638814e-05
7.577421e-05
6.805579e-05
7.123264e-05
6.661786e-05
6.40339e-05
5.910932e-05
5.780687e-05
5.393983e-05
5.416886e-05
5.143268e-05
5.273505e-05
5.043431e-05
5.160565e-05
5.206238e-05
5.465845e-05
5.368116e-05
5.189186e-05
5.827785e-05
5.152861e-05
5.359417e-05
5.249359e-05
5.96691e-05
6.314829e-05
6.830676e-05
6.7194e-05
6.914411e-05
5.896844e-05
6.144988e-05
5.834805e-05
5.59056e-05
5.348751e-05
5.28689e-05
5.188409e-05
4.914411e-05
4.747765e-05
5.010409e-05
5.183517e-05
5.908343e-05
5.940661e-05
5.921097e-05
5.943017e-05
5.479937e-05
6.111162e-05
6.079757e-05
7.067438e-05
7.044013e-05
7.136923e-05
6.379681e-05
6.499014e-05
5.901246e-05
5.711947e-05
5.325309e-05
5.032367e-05
4.697839e-05
5.098015e-05
4.938214e-05
4.686845e-05
4.703958e-05
4.400383e-05
4.195944e-05
4.595301e-05
4.44645e-05
5.263831e-05
5.303208e-05
5.440861e-05
5.513052e-05
5.847824e-05
6.216678e-05
6.131706e-05
6.18706e-05
6.12772e-05
6.530212e-05
6.559608e-05
6.862932e-05
7.115172e-05
7.833661e-05
7.395031e-05
7.351856e-05
7.91401e-05
8.964878e-05
8.451118e-05
8.441007e-05
9.120267e-05
9.687933e-05
0.0001082119
0.0001146969
0.0001085798
0.0001033858
0.0001014172
0.0001037777
0.0001078268
0.0001069484
0.0001001438
0.0001021877
0.000111255
0.0001112145
0.0001069698
0.0001051811
0.0001061068
0.0001014867
0.0001029218
0.0001012505
9.776631e-05
0.0001035131
0.0001001767
0.0001025835
0.0001014458
0.0001024013
0.0001060913
9.895356e-05
9.450378e-05
9.172873e-05
8.505294e-05
8.252685e-05
8.472189e-05
8.910561e-05
9.311763e-05
8.797305e-05
8.953444e-05
9.32007e-05
0.0001007148
0.0001016411
9.339631e-05
9.725985e-05
9.39158e-05
8.895015e-05
9.195814e-05
8.673232e-05
8.370218e-05
8.605202e-05
7.841879e-05
8.394683e-05
7.958676e-05
7.810618e-05
7.082073e-05
6.116602e-05
6.607406e-05
7.443594e-05
7.917529e-05
7.92685e-05
8.700986e-05
8.69443e-05
8.571519e-05
8.419982e-05
8.658986e-05
8.514913e-05
8.570595e-05
8.956095e-05
9.555083e-05
9.493122e-05
8.881214e-05
8.883984e-05
9.231271e-05
8.727746e-05
8.737033e-05
8.925199e-05
9.398129e-05
9.513584e-05
0.0001060286
0.0001037035
0.0001003486
9.000242e-05
8.876848e-05
9.562134e-05
9.800023e-05
0.0001036736
0.000103871
0.0001119669
0.0001121029
0.0001139029
0.0001214089
0.0001196197
0.0001124276
0.0001113253
0.0001097283
0.0001059249
0.0001054748
0.0001008683
0.0001065822
0.000109651
0.0001155362
0.0001258086
0.0001234394
0.0001268657
0.0001286501
0.0001381075
0.0001325571
0.000126296
0.0001223454
0.0001121807
0.0001192116
0.0001143114
0.0001161161
0.0001117149
0.0001247968
0.0001127515
0.0001119876
0.0001119482
0.0001104784
0.0001249054
0.0001223714
0.0001237778
0.0001188845
0.0001289578
0.0001221747
0.0001236816
0.0001447738
0.0001427157
0.0001447971
0.0001496512
0.0001664353
0.0001625047
0.0001718092
0.0001539357
0.000163322
0.0001421147
0.0001344204
0.0001487774
0.000147742
0.000147118
0.0001396397
0.0001424019
0.0001398312
0.0001328445
0.0001273343
0.0001244893
0.0001183879
0.0001134902
0.0001174033
0.0001169757
0.0001161018
0.0001216504
0.0001263822
0.0001277086
0.0001262408
0.0001152179
0.0001116625
0.0001172015
0.0001332885
0.0001342963
0.0001399207
0.0001401925
0.0001420173
0.0001477719
0.0001440978
0.0001343365
0.0001378687
0.0001383847
0.0001499139
0.000140762
0.000141227
0.0001469344
0.0001475553
0.000148731
0.0001516987
0.0001488376
0.0001341265
0.0001325394
0.0001349826
0.0001357045
0.0001376798
0.0001324512
0.0001243911
0.0001123635
0.0001135113
0.0001123779
0.0001246142
0.0001243772
0.0001156755
0.0001253651
0.0001324418
0.0001310864
0.0001108346
0.0001071943
0.0001069571
0.0001016012
0.0001030583
0.0001014738
0.0001004184
9.243594e-05
9.058043e-05
9.847712e-05
0.0001039244
0.0001148392
0.0001210323
0.0001138119
0.0001057306
0.0001019229
0.0001021842
9.461745e-05
9.513728e-05
8.752484e-05
9.355858e-05
9.950907e-05
0.000101147
0.0001033544
0.0001066311
0.0001062976
0.0001091127
0.0001031215
0.0001028566
0.0001095018
0.0001148842
0.0001219951
0.0001092406
0.0001003883
0.0001035692
0.0001122716
0.0001078302
0.0001025496
9.563392e-05
0.0001005754
0.0001039122
9.085382e-05
8.718664e-05
8.60564e-05
9.397324e-05
8.719446e-05
8.895761e-05
9.317241e-05
8.594317e-05
8.678603e-05
9.321162e-05
9.354694e-05
9.375889e-05
9.563415e-05
9.042937e-05
9.56077e-05
0.0001006527
0.0001138708
0.0001081361
0.0001249175
0.0001331706
0.0001464665
0.00014202
0.0001372732
0.0001305819
0.0001225647
0.0001246129
0.0001170377
0.000113206
0.0001257308
0.0001238016
0.0001247984
0.0001206982
0.0001233814
0.0001177729
0.0001121136
0.0001156561
0.0001093566
0.0001176603
9.770551e-05
9.213208e-05
8.578781e-05
8.890468e-05
9.293864e-05
9.347076e-05
9.379254e-05
8.534901e-05
8.034849e-05
8.269037e-05
7.385703e-05
7.967382e-05
7.285561e-05
7.831222e-05
7.969973e-05
8.054644e-05
8.050537e-05
8.215441e-05
8.291612e-05
8.379432e-05
8.843752e-05
8.607958e-05
7.537549e-05
7.767522e-05
8.185221e-05
8.670265e-05
8.296583e-05
8.460204e-05
8.599851e-05
8.182448e-05
8.732711e-05
8.280325e-05
8.628657e-05
0.0001030058
0.0001022447
0.0001036909
0.0001010051
9.62349e-05
9.858814e-05
0.0001040634
9.375591e-05
0.0001010687
9.382121e-05
9.380554e-05
9.542261e-05
9.583599e-05
8.951711e-05
0.0001005198
9.449084e-05
9.099049e-05
9.587925e-05
0.0001030811
0.000110503
0.0001043464
0.0001020159
0.0001040368
0.0001089711
0.0001055236
0.000115034
0.0001165295
0.000107182
0.0001073826
0.0001124556
0.0001151413
0.0001139405
0.0001244574
0.0001182168
0.0001233875
0.0001170901
0.0001158066
0.0001141407
0.0001072028
0.000124399
0.0001267725
0.0001175788
0.0001271702
0.000129618
0.0001369342
0.0001524185
0.0001493887
0.0001517841
0.0001613463
0.000153407
0.00014942
0.0001459334
0.0001483926
0.0001524822
0.0001585133
0.0001629342
0.0001521872
0.0001649617
0.0001769269
0.0001640681
0.0001691811
0.0001588688
0.000165794
0.0001742519
0.000157469
0.0001539194
0.0001533848
0.0001648411
0.000167696
0.0001695399
0.0001603212
0.0001488232
0.0001382788
0.0001275329
0.0001372478
0.0001451271
0.0001537307
0.0001460095
0.0001518524
0.0001577104
0.000152003
0.0001519709
0.0001570196
0.0001497228
0.0001396068
0.0001559624
0.0001527358
0.0001470039
0.0001521112
0.0001408734
0.0001369969
0.0001469704
0.0001645574
0.0001688763
0.0001703717
0.0001664414
0.0001649708
0.0001645614
0.0001693688
0.000172452
0.0001630718
0.0001516996
0.000159802
0.000160434
0.0001720212
0.0001683336
0.0001727698
0.0001836657
0.0001925756
0.0002049568
0.0001997426
0.0001923648
0.0002040868
0.0002140808
0.0002100815
0.0001880195
0.000188547
0.0001964583
0.0002092419
0.0001982053
0.0001848814
0.0001968434
0.0001978458
0.0001899475
0.000198729
0.0001870101
0.0001658989
0.0001661512
0.000178441
0.0001700083
0.0001678034
0.0001736355
0.0001702315
0.0001550021
0.0001497592
0.0001466415
0.0001419595
0.0001469312
0.0001434449
0.0001410801
0.0001310692
0.0001287607
0.0001358094
0.0001302067
0.0001252567
0.0001185804
0.0001287189
0.0001355961
0.0001394208
0.0001358096
0.0001369342
0.0001316258
0.0001302553
0.0001424845
0.0001289525
0.0001259624
0.0001170271
0.0001240284
0.0001240622
0.0001189842
0.0001268053
0.0001292119
0.0001291129
0.0001308515
0.0001314547
0.0001287844
0.0001390946
0.0001340585
0.000142541
0.0001515565
0.0001438057
0.0001305274
0.0001296663
0.0001304539
0.0001220463
0.0001231028
0.0001292705
0.0001269715
0.0001294623
0.0001388444
0.0001522665
0.0001584257
0.0001669207
0.0001650864
0.0001698026
0.0001523639
0.0001483455
0.0001490909
0.0001493763
0.0001584728
0.0001543316
0.0001470401
0.0001430822
0.000138013
0.0001424331
0.0001396413
0.0001476813
0.0001571001
0.0001670688
0.0001705687
0.0001733522
0.0001767773
0.0001877369
0.0002026804
0.0002142943
0.0002075269
0.0001814169
0.00017352
0.0001794045
0.0001804308
0.0001736899
0.0001613991
0.0001650089
0.0001622817
0.0001503856
0.0001597659
0.0001461239
0.0001396511
0.000126991
0.0001241397
0.0001237497
0.0001324963
0.0001223582
0.0001043109
9.458673e-05
9.774095e-05
0.0001000307
9.426402e-05
0.0001091534
0.0001088455
0.0001068824
0.0001074937
0.0001067767
0.0001058092
0.0001044019
9.928688e-05
9.420526e-05
9.533786e-05
9.433893e-05
9.257656e-05
8.87377e-05
9.736331e-05
9.067262e-05
9.34792e-05
9.783351e-05
9.500741e-05
9.454684e-05
8.776513e-05
9.288903e-05
8.849771e-05
8.761534e-05
8.929077e-05
8.852411e-05
9.460812e-05
9.631954e-05
9.563375e-05
9.902669e-05
9.485088e-05
9.551845e-05
9.339368e-05
9.301999e-05
8.890444e-05
8.133156e-05
9.062445e-05
9.543551e-05
9.800493e-05
9.239942e-05
8.969689e-05
8.44003e-05
8.30992e-05
8.447414e-05
8.358807e-05
8.592188e-05
9.939087e-05
0.0001019036
0.0001136621
0.000113393
0.0001211942
0.0001209403
0.0001234517
0.0001322179
0.0001339203
0.0001338085
0.0001377357
0.0001318152
0.0001278834
0.0001330722
0.0001381382
0.0001562987
0.0001450859
0.0001436642
0.0001343403
0.0001386975
0.0001489048
0.0001527338
0.0001586363
0.0001567798
0.0001578149
0.0001669543
0.0001821116
0.0001805055
0.0001693432
0.0001732029
0.0001764968
0.0001771455
0.0001953505
0.0002200371
0.0002150049
0.0002009652
0.0002022215
0.0002100377
0.0002086716
0.0002018733
0.0001966947
0.0001996278
0.0002179337
0.0002424321
0.0002419641
0.0002576403
0.0002561334
0.0002747936
0.0002672063
0.0002518307
0.0002149667
0.000214227
0.000223204
0.0002366729
0.0002477138
0.0002567024
0.0002300914
0.0002184928
0.0002303806
0.0002303499
0.0002380379
0.0002306742
0.0002304896
0.0002271137
0.0002504687
0.0002468389
0.0002450828
0.0002519431
0.0002524254
0.0002742308
0.0002860375
0.0002705903
0.0002561897
0.0002620331
0.0002379838
0.0002527982
0.0002251788
0.0002440621
0.0002347855
0.000235491
0.0002271074
0.0002302998
0.000220223
0.0002065875
0.0002073292
0.0002118431
0.0002156664
0.0002040511
0.000182925
0.0001918975
0.0001834667
0.000177651
0.0001754351
0.0001611353
0.0001584494
0.000164632
0.0001646523
0.0001459309
0.000139691
0.0001407491
0.0001564798
0.0001577532
0.0001714413
0.0001662189
0.0001623153
0.0001619039
0.0001466522
0.0001520535
0.0001448865
0.0001455554
0.0001544315
0.0001499554
0.0001525471
0.0001383737
0.0001253622
0.0001127379
0.0001173855
0.0001139628
0.000116681
0.0001199355
0.0001224383
0.0001150395
0.0001151936
0.0001019786
0.0001020984
9.539454e-05
9.49202e-05
9.806451e-05
9.525405e-05
9.650694e-05
9.19732e-05
9.541198e-05
0.0001040931
9.556486e-05
8.800497e-05
9.260662e-05
9.619962e-05
9.79806e-05
9.639838e-05
0.0001036485
0.0001133904
0.0001166832
0.0001055763
0.0001013286
0.0001078505
0.0001135047
0.0001217526
0.0001259198
0.0001205351
0.0001089964
0.000117055
0.0001208567
0.0001182525
0.000124488
0.0001247494
0.0001191815
0.0001123688
0.0001049095
0.0001026604
0.000106508
0.0001170443
0.0001211554
0.0001171626
0.000112454
0.0001078305
0.0001131597
0.0001188956
0.0001336066
0.000139498
0.000134173
0.0001311183
0.0001193362
0.0001163492
0.0001178276
0.0001175442
0.0001216447
0.000128952
0.000114462
0.0001141085
0.0001242058
0.000123808
0.0001189104
0.0001232373
0.0001154664
0.0001090762
0.0001029649
9.452601e-05
9.992418e-05
0.0001036871
0.000102814
0.0001011438
0.0001026688
9.247171e-05
9.477214e-05
0.0001003108
9.535628e-05
9.337026e-05
8.615061e-05
9.331872e-05
8.658027e-05
8.404965e-05
8.495143e-05
8.108296e-05
8.156097e-05
7.935566e-05
8.121681e-05
7.621443e-05
7.208931e-05
7.302063e-05
7.007502e-05
7.28237e-05
6.854074e-05
6.964344e-05
6.880176e-05
7.572537e-05
7.790496e-05
8.019075e-05
7.483244e-05
6.89493e-05
6.924296e-05
6.818193e-05
7.775397e-05
8.008506e-05
8.819452e-05
8.333139e-05
8.939765e-05
9.003203e-05
8.598583e-05
9.268325e-05
9.407976e-05
9.043019e-05
8.914362e-05
8.15227e-05
8.249739e-05
8.074327e-05
7.490095e-05
7.677989e-05
8.063061e-05
7.546463e-05
7.393753e-05
7.240316e-05
6.895237e-05
6.795719e-05
7.112705e-05
6.877821e-05
6.401088e-05
5.85879e-05
5.90678e-05
5.530473e-05
4.840288e-05
4.751872e-05
4.289137e-05
4.592387e-05
4.579649e-05
5.080538e-05
4.922313e-05
4.913005e-05
5.381214e-05
4.99776e-05
5.183479e-05
4.912322e-05
4.744716e-05
4.679615e-05
4.636286e-05
4.805278e-05
4.673699e-05
4.611645e-05
4.156417e-05
4.437066e-05
4.917267e-05
5.314907e-05
5.113767e-05
4.912324e-05
4.400174e-05
4.499766e-05
4.521552e-05
4.646805e-05
4.807668e-05
4.819507e-05
5.207922e-05
5.049126e-05
5.128666e-05
5.11967e-05
5.071658e-05
4.99265e-05
5.060418e-05
4.834839e-05
4.796858e-05
4.961595e-05
4.974414e-05
5.12827e-05
4.993003e-05
4.544587e-05
4.514176e-05
4.40579e-05
4.527212e-05
4.327328e-05
4.362019e-05
4.52394e-05
4.150945e-05
4.105796e-05
3.846928e-05
3.95475e-05
4.298074e-05
4.31065e-05
4.430653e-05
4.194594e-05
4.311128e-05
4.379658e-05
4.379699e-05
4.469884e-05
4.780713e-05
4.989508e-05
4.56897e-05
4.360435e-05
4.608612e-05
4.620805e-05
4.744987e-05
4.61236e-05
4.228027e-05
4.465913e-05
4.584286e-05
4.763444e-05
5.218417e-05
5.209286e-05
5.909657e-05
5.831529e-05
5.794229e-05
6.210961e-05
6.484219e-05
5.572545e-05
5.887622e-05
6.29105e-05
6.662545e-05
6.60835e-05
6.76037e-05
6.759874e-05
7.287846e-05
7.286775e-05
7.458291e-05
7.42048e-05
8.131429e-05
8.31445e-05
8.411413e-05
8.089465e-05
7.89319e-05
7.644923e-05
8.531143e-05
8.704892e-05
9.162455e-05
9.127891e-05
8.635766e-05
8.213451e-05
8.29559e-05
8.108707e-05
8.419298e-05
8.067866e-05
7.785611e-05
7.517185e-05
7.492801e-05
7.91505e-05
7.781823e-05
7.733504e-05
8.099226e-05
7.764562e-05
7.766521e-05
8.111736e-05
8.308197e-05
8.785473e-05
8.048267e-05
8.302594e-05
8.656546e-05
8.37777e-05
8.267318e-05
8.278036e-05
8.10666e-05
8.303839e-05
8.462721e-05
8.199244e-05
8.020885e-05
8.437829e-05
8.124091e-05
7.222192e-05
7.274104e-05
7.501475e-05
7.836141e-05
8.126793e-05
8.410206e-05
8.059847e-05
7.924971e-05
7.673719e-05
7.248811e-05
7.756708e-05
7.217522e-05
7.269736e-05
7.389651e-05
7.623742e-05
8.03189e-05
7.691003e-05
7.778889e-05
7.769183e-05
8.380386e-05
8.497507e-05
7.819845e-05
7.804492e-05
7.356561e-05
7.20396e-05
7.384419e-05
7.19119e-05
7.188843e-05
7.336016e-05
7.411726e-05
7.107064e-05
6.574942e-05
6.139023e-05
6.697157e-05
6.873256e-05
6.62683e-05
6.513074e-05
7.480913e-05
7.196567e-05
7.458486e-05
7.736945e-05
8.198452e-05
8.112462e-05
8.123825e-05
8.455166e-05
8.794633e-05
9.414674e-05
9.480577e-05
8.688069e-05
7.877312e-05
8.308227e-05
8.989269e-05
9.435564e-05
9.120986e-05
