7.603101e-07
7.214032e-07
6.686334e-07
5.771785e-07
5.449967e-07
5.27402e-07
4.838587e-07
4.95056e-07
4.872123e-07
4.871692e-07
4.446752e-07
4.555811e-07
4.580927e-07
4.481037e-07
4.572355e-07
4.523562e-07
4.330713e-07
4.43498e-07
4.09391e-07
3.811913e-07
3.792207e-07
3.936067e-07
3.840788e-07
3.738811e-07
3.733619e-07
3.840018e-07
3.748989e-07
3.54971e-07
3.457933e-07
3.470637e-07
3.671619e-07
3.713571e-07
3.4489e-07
3.784066e-07
3.784378e-07
3.805325e-07
3.608892e-07
3.525655e-07
3.676519e-07
3.940357e-07
3.986585e-07
4.116806e-07
4.125211e-07
4.114205e-07
4.217898e-07
4.134326e-07
4.143837e-07
4.103376e-07
4.12425e-07
4.215366e-07
4.08706e-07
3.78917e-07
3.581987e-07
3.619934e-07
3.660723e-07
3.349421e-07
3.693559e-07
3.772554e-07
3.940927e-07
3.618579e-07
3.638937e-07
3.375621e-07
3.232473e-07
3.296891e-07
3.322239e-07
3.201163e-07
3.119669e-07
3.06048e-07
3.081172e-07
2.953797e-07
3.06322e-07
3.205505e-07
3.231571e-07
3.108314e-07
3.033593e-07
3.214656e-07
3.235832e-07
3.188923e-07
3.453089e-07
3.191745e-07
3.109445e-07
3.042646e-07
2.834407e-07
2.731349e-07
2.936284e-07
3.00404e-07
3.002531e-07
3.16269e-07
3.165051e-07
3.37944e-07
3.631281e-07
4.190558e-07
4.287008e-07
4.11739e-07
4.624671e-07
4.79203e-07
4.6456e-07
4.35723e-07
4.488694e-07
4.446342e-07
4.487533e-07
4.392015e-07
4.507488e-07
4.148752e-07
4.156386e-07
4.021114e-07
4.1709e-07
4.608484e-07
4.828618e-07
4.697088e-07
4.530771e-07
4.329625e-07
4.694506e-07
4.227069e-07
3.959089e-07
4.048534e-07
3.980424e-07
3.636092e-07
3.515429e-07
3.80955e-07
4.055084e-07
3.868509e-07
3.978915e-07
4.009976e-07
3.91864e-07
3.683904e-07
4.113628e-07
4.290814e-07
4.351881e-07
4.633285e-07
4.421093e-07
4.382637e-07
4.424362e-07
4.786415e-07
4.674712e-07
4.478945e-07
4.561638e-07
4.303253e-07
4.294606e-07
4.171715e-07
4.071032e-07
4.104173e-07
3.560072e-07
3.843905e-07
4.083273e-07
3.947211e-07
4.067438e-07
3.933636e-07
4.020216e-07
4.070105e-07
3.668727e-07
3.730496e-07
3.785457e-07
3.890393e-07
3.897628e-07
3.665353e-07
4.245882e-07
4.142442e-07
4.089315e-07
4.123601e-07
4.409708e-07
4.388831e-07
4.405101e-07
4.399562e-07
4.55858e-07
5.127156e-07
5.319167e-07
5.199729e-07
5.651481e-07
5.430847e-07
4.967946e-07
4.905348e-07
4.813813e-07
4.769237e-07
5.628697e-07
5.808344e-07
6.40209e-07
6.388609e-07
5.679639e-07
5.469864e-07
5.566497e-07
5.445821e-07
5.775649e-07
5.530058e-07
5.494914e-07
5.501312e-07
5.366251e-07
5.6721e-07
6.316406e-07
6.553082e-07
6.526645e-07
6.98394e-07
6.428907e-07
6.229522e-07
6.556498e-07
6.625964e-07
6.644185e-07
6.66782e-07
6.237812e-07
6.325884e-07
6.258052e-07
6.476842e-07
6.879672e-07
7.117861e-07
7.258062e-07
7.084861e-07
7.34583e-07
7.686404e-07
8.285139e-07
8.386008e-07
8.583403e-07
8.123093e-07
7.433726e-07
7.648623e-07
7.954342e-07
8.108681e-07
7.88114e-07
8.270625e-07
7.985079e-07
8.152745e-07
8.256041e-07
8.172339e-07
8.211952e-07
7.869592e-07
7.902985e-07
8.079332e-07
8.675319e-07
8.595971e-07
8.669566e-07
8.323308e-07
8.760855e-07
8.544035e-07
8.289608e-07
9.040748e-07
8.972271e-07
8.869617e-07
8.746089e-07
8.155909e-07
7.874626e-07
7.541412e-07
7.278689e-07
6.991304e-07
6.63306e-07
6.442038e-07
6.36005e-07
5.731761e-07
5.833378e-07
6.171753e-07
6.180254e-07
6.672552e-07
6.228977e-07
6.13899e-07
5.537761e-07
5.377834e-07
6.156504e-07
6.233528e-07
6.040871e-07
6.264818e-07
5.661939e-07
5.080444e-07
5.459225e-07
5.396147e-07
5.424139e-07
5.817905e-07
6.049969e-07
6.071387e-07
5.425036e-07
4.610331e-07
4.254876e-07
3.876991e-07
3.724316e-07
3.46209e-07
3.442292e-07
3.498489e-07
3.663446e-07
3.826821e-07
3.722241e-07
4.150073e-07
3.810354e-07
3.988742e-07
3.963416e-07
3.939649e-07
4.068464e-07
4.344083e-07
4.667681e-07
4.574009e-07
4.52374e-07
4.438012e-07
4.846953e-07
4.921825e-07
4.846944e-07
5.214042e-07
5.222095e-07
5.824074e-07
6.168261e-07
5.817529e-07
5.563674e-07
5.485466e-07
5.708281e-07
5.960802e-07
5.467361e-07
4.919756e-07
5.223741e-07
4.776922e-07
4.6973e-07
5.03149e-07
5.184973e-07
4.784158e-07
4.643021e-07
4.261619e-07
4.193681e-07
4.124844e-07
4.143773e-07
4.181585e-07
4.575677e-07
4.472678e-07
4.481922e-07
4.116977e-07
3.943792e-07
4.132146e-07
4.108709e-07
4.043523e-07
4.098689e-07
3.724533e-07
3.653816e-07
3.719678e-07
3.698769e-07
3.675291e-07
4.09907e-07
4.3621e-07
4.535463e-07
4.749785e-07
4.895143e-07
4.841763e-07
4.367661e-07
4.190184e-07
4.157114e-07
4.334562e-07
4.373679e-07
4.259045e-07
3.966424e-07
3.888395e-07
3.733006e-07
3.368518e-07
3.274721e-07
3.441768e-07
3.826081e-07
3.527028e-07
3.770961e-07
3.760129e-07
3.517299e-07
3.667332e-07
3.753869e-07
3.458334e-07
3.773149e-07
4.031209e-07
3.536493e-07
3.747485e-07
3.658645e-07
3.951323e-07
4.204484e-07
4.341282e-07
4.207249e-07
3.897709e-07
4.091165e-07
3.966571e-07
3.903264e-07
3.899328e-07
3.533986e-07
3.659773e-07
3.496064e-07
3.205052e-07
3.287768e-07
3.066966e-07
3.297277e-07
3.280781e-07
3.175581e-07
3.35072e-07
3.538887e-07
3.487862e-07
3.383971e-07
3.329836e-07
3.110576e-07
2.950368e-07
2.892656e-07
2.771865e-07
2.849294e-07
2.74501e-07
2.819594e-07
2.964163e-07
2.857147e-07
2.922425e-07
2.987883e-07
3.032947e-07
3.429043e-07
3.643445e-07
3.767326e-07
3.659481e-07
3.576726e-07
3.529084e-07
3.772074e-07
3.806302e-07
3.60076e-07
3.947707e-07
3.983868e-07
4.354575e-07
4.366598e-07
4.350133e-07
4.574801e-07
4.18223e-07
3.8755e-07
3.498381e-07
3.749612e-07
3.562324e-07
3.404007e-07
3.409003e-07
3.343447e-07
3.376607e-07
3.383041e-07
3.041952e-07
3.389428e-07
3.2845e-07
3.44815e-07
3.534882e-07
3.458339e-07
3.478599e-07
3.567903e-07
3.912998e-07
3.73119e-07
3.704354e-07
3.719583e-07
3.767775e-07
3.756739e-07
4.004902e-07
4.122899e-07
4.10841e-07
4.043828e-07
4.027262e-07
3.856507e-07
4.056329e-07
4.046557e-07
4.025502e-07
4.269256e-07
4.35948e-07
4.431241e-07
4.214274e-07
3.994123e-07
3.815592e-07
3.798322e-07
3.754766e-07
3.696905e-07
3.743377e-07
3.494437e-07
3.543841e-07
3.575271e-07
3.278092e-07
3.319452e-07
3.452909e-07
3.828607e-07
3.792382e-07
3.643879e-07
3.641254e-07
3.29867e-07
3.472393e-07
3.405542e-07
3.401818e-07
3.192695e-07
3.260774e-07
3.112864e-07
3.032375e-07
3.009635e-07
3.100921e-07
2.99941e-07
3.195715e-07
3.72312e-07
3.679666e-07
4.154676e-07
4.013413e-07
3.853417e-07
3.611907e-07
3.704564e-07
4.072503e-07
4.326379e-07
3.963619e-07
4.50568e-07
4.309303e-07
4.243049e-07
4.154595e-07
4.051469e-07
3.64223e-07
3.528632e-07
3.56381e-07
3.137279e-07
2.898379e-07
3.059042e-07
3.215937e-07
3.368164e-07
3.4936e-07
3.354346e-07
3.391006e-07
3.371766e-07
3.547592e-07
3.572644e-07
3.493619e-07
3.488356e-07
3.673965e-07
3.700039e-07
3.926926e-07
3.843186e-07
3.816569e-07
3.673084e-07
3.953768e-07
4.354304e-07
4.600434e-07
4.930411e-07
4.801672e-07
5.152898e-07
5.046041e-07
5.054582e-07
4.932551e-07
4.843927e-07
5.160497e-07
5.037863e-07
5.423397e-07
5.384525e-07
5.245985e-07
5.123672e-07
4.965536e-07
5.013846e-07
5.263822e-07
5.330335e-07
5.184332e-07
5.148321e-07
4.818833e-07
4.833159e-07
4.982715e-07
5.145965e-07
5.317604e-07
5.317598e-07
5.501009e-07
5.425114e-07
4.895108e-07
5.125412e-07
4.503587e-07
4.205143e-07
4.295381e-07
4.882772e-07
4.271111e-07
4.14824e-07
4.457923e-07
4.520035e-07
4.423033e-07
4.130299e-07
3.963907e-07
3.952693e-07
3.532756e-07
3.183032e-07
3.139524e-07
3.240439e-07
3.463495e-07
3.436954e-07
3.647712e-07
3.699742e-07
3.763635e-07
3.639416e-07
3.502574e-07
3.379392e-07
3.663991e-07
3.79057e-07
4.17029e-07
4.365623e-07
4.146731e-07
4.200104e-07
4.153178e-07
4.325621e-07
4.233515e-07
4.618855e-07
4.364713e-07
4.504421e-07
4.452187e-07
4.733957e-07
4.388469e-07
4.325206e-07
4.076204e-07
4.213175e-07
4.151935e-07
3.977918e-07
3.535391e-07
3.686987e-07
3.607297e-07
3.667622e-07
3.473746e-07
3.577812e-07
3.631043e-07
3.508432e-07
3.225717e-07
3.323198e-07
3.06451e-07
3.019282e-07
3.086649e-07
2.891529e-07
2.826291e-07
2.762781e-07
2.634826e-07
2.492147e-07
2.536734e-07
2.724665e-07
2.912679e-07
3.108713e-07
3.548834e-07
4.041879e-07
4.066434e-07
4.513393e-07
4.554184e-07
4.404251e-07
4.632286e-07
4.950935e-07
4.560862e-07
4.487647e-07
4.735876e-07
4.54503e-07
4.638495e-07
4.798862e-07
4.565659e-07
4.54325e-07
4.286607e-07
4.367004e-07
4.191487e-07
3.869752e-07
3.920583e-07
3.86741e-07
4.425229e-07
4.180312e-07
4.350783e-07
4.729795e-07
4.852704e-07
4.790544e-07
4.697594e-07
4.908029e-07
4.749238e-07
4.778293e-07
4.638135e-07
5.017833e-07
5.017234e-07
5.114274e-07
4.668269e-07
4.218042e-07
4.450237e-07
4.721433e-07
5.453723e-07
5.299924e-07
5.204723e-07
4.872085e-07
4.759183e-07
4.74667e-07
5.014736e-07
4.682433e-07
4.534693e-07
4.460874e-07
4.22023e-07
4.468153e-07
4.746912e-07
4.669212e-07
4.369874e-07
4.246777e-07
3.974539e-07
4.044977e-07
3.853372e-07
4.044131e-07
4.1998e-07
3.971746e-07
3.987892e-07
4.070846e-07
4.3819e-07
4.466392e-07
4.492986e-07
4.450993e-07
4.207537e-07
4.090456e-07
4.621491e-07
4.108323e-07
3.885039e-07
3.986677e-07
4.295566e-07
4.844138e-07
4.987286e-07
4.657115e-07
4.296612e-07
4.260148e-07
4.38524e-07
4.571732e-07
4.864924e-07
5.11678e-07
4.865597e-07
4.876992e-07
4.757347e-07
4.868961e-07
4.701873e-07
4.664046e-07
4.627602e-07
4.378158e-07
4.462305e-07
4.548109e-07
4.687433e-07
4.4334e-07
4.517295e-07
4.503273e-07
4.421861e-07
4.19784e-07
4.508035e-07
4.671532e-07
5.085972e-07
4.591147e-07
4.787135e-07
4.637079e-07
4.686562e-07
4.704149e-07
4.403825e-07
4.255698e-07
4.47022e-07
4.608234e-07
4.545365e-07
4.250325e-07
3.916913e-07
3.957387e-07
4.037074e-07
4.09435e-07
3.988374e-07
3.69087e-07
3.247964e-07
3.300731e-07
3.138884e-07
3.144158e-07
2.97938e-07
3.208644e-07
3.305218e-07
3.491151e-07
3.408901e-07
3.220295e-07
3.175693e-07
3.321879e-07
3.674101e-07
3.434878e-07
3.38166e-07
3.512423e-07
3.309363e-07
3.557372e-07
3.237548e-07
3.056379e-07
3.207997e-07
3.147416e-07
3.008056e-07
3.12686e-07
3.434587e-07
3.55518e-07
3.235883e-07
3.415486e-07
3.203072e-07
3.666783e-07
3.723888e-07
3.87288e-07
3.772537e-07
4.017868e-07
3.523062e-07
3.290351e-07
3.441404e-07
3.245179e-07
3.303359e-07
3.26133e-07
3.368915e-07
3.274342e-07
3.040728e-07
3.006387e-07
3.023455e-07
3.110986e-07
3.152857e-07
3.332366e-07
3.346165e-07
3.369164e-07
3.078904e-07
2.754422e-07
3.078347e-07
3.244072e-07
3.217397e-07
3.324366e-07
3.230169e-07
3.569776e-07
3.813304e-07
3.71384e-07
3.278542e-07
3.141936e-07
3.390514e-07
3.426468e-07
3.207515e-07
2.945916e-07
3.122719e-07
2.92198e-07
2.656881e-07
2.947202e-07
3.12716e-07
3.068759e-07
3.354939e-07
3.495644e-07
3.315498e-07
3.144821e-07
3.358156e-07
3.184627e-07
3.214136e-07
3.139142e-07
3.170693e-07
3.154713e-07
3.35047e-07
3.1559e-07
3.052612e-07
2.934186e-07
3.090381e-07
3.012915e-07
2.716737e-07
2.781881e-07
2.667259e-07
2.776138e-07
2.595409e-07
2.714477e-07
2.559196e-07
2.492395e-07
2.340894e-07
2.613762e-07
2.827724e-07
2.915769e-07
3.223981e-07
3.218976e-07
2.996525e-07
2.956187e-07
2.806664e-07
2.85698e-07
2.711916e-07
2.787002e-07
2.678328e-07
2.557418e-07
2.46258e-07
2.7736e-07
3.27934e-07
3.165869e-07
3.087076e-07
3.020931e-07
3.148055e-07
3.154142e-07
3.241098e-07
3.352255e-07
3.747451e-07
3.572646e-07
3.693064e-07
3.855909e-07
3.783005e-07
3.688737e-07
3.719441e-07
3.619073e-07
3.858234e-07
3.734107e-07
3.648713e-07
3.767245e-07
4.114035e-07
4.147657e-07
4.392304e-07
4.128975e-07
3.843201e-07
3.595444e-07
3.85617e-07
3.647648e-07
3.963348e-07
3.873046e-07
3.569466e-07
3.390195e-07
3.212006e-07
3.077757e-07
2.993972e-07
2.654933e-07
2.737475e-07
2.674763e-07
3.096317e-07
3.182364e-07
3.433191e-07
3.820994e-07
4.147818e-07
3.975226e-07
3.790017e-07
3.529544e-07
3.528028e-07
3.837864e-07
3.970154e-07
3.824012e-07
3.673176e-07
3.634631e-07
3.697974e-07
3.754141e-07
3.421837e-07
3.353227e-07
3.402324e-07
3.334761e-07
3.199874e-07
3.337414e-07
3.210063e-07
2.927093e-07
3.004992e-07
3.069088e-07
2.883129e-07
2.741689e-07
2.765252e-07
2.97603e-07
2.805075e-07
2.749187e-07
2.632129e-07
2.777519e-07
2.786183e-07
2.627833e-07
2.984435e-07
3.049703e-07
3.313953e-07
3.175426e-07
3.540661e-07
3.954144e-07
4.074175e-07
3.82272e-07
3.631569e-07
3.468991e-07
3.639943e-07
3.514971e-07
3.611346e-07
3.190259e-07
3.276722e-07
3.275936e-07
3.292951e-07
3.252924e-07
3.166838e-07
3.067498e-07
3.178238e-07
3.061311e-07
2.844535e-07
2.79164e-07
2.712049e-07
2.957914e-07
3.209695e-07
2.952298e-07
2.940479e-07
2.947552e-07
2.904209e-07
3.006337e-07
2.871469e-07
2.720141e-07
2.73604e-07
2.864212e-07
2.986132e-07
2.996921e-07
3.245783e-07
3.19921e-07
3.342923e-07
3.611564e-07
3.573079e-07
3.597341e-07
3.280004e-07
3.351289e-07
3.203407e-07
3.407322e-07
3.692405e-07
3.776911e-07
3.988244e-07
3.985172e-07
4.180178e-07
4.554904e-07
4.510032e-07
4.325094e-07
4.599781e-07
4.500504e-07
4.410597e-07
4.424528e-07
4.631368e-07
5.111449e-07
5.468849e-07
5.546882e-07
5.434366e-07
5.210854e-07
5.59463e-07
5.534296e-07
5.204478e-07
5.406547e-07
5.527586e-07
5.669061e-07
5.650662e-07
5.392922e-07
4.959367e-07
4.699463e-07
4.858163e-07
4.662141e-07
4.793482e-07
4.779453e-07
4.919191e-07
4.910145e-07
4.558785e-07
4.50228e-07
4.422801e-07
4.146611e-07
3.953349e-07
3.839348e-07
3.898321e-07
4.131308e-07
4.352427e-07
4.738053e-07
4.874208e-07
4.830305e-07
4.539403e-07
4.400371e-07
4.457482e-07
3.876112e-07
3.519421e-07
3.370774e-07
3.239523e-07
3.056249e-07
2.997467e-07
2.999812e-07
2.976943e-07
3.07757e-07
2.815616e-07
2.71212e-07
2.646987e-07
2.59328e-07
2.32887e-07
2.488284e-07
2.672838e-07
2.828631e-07
3.033085e-07
3.174098e-07
3.050555e-07
3.075821e-07
3.140508e-07
2.918107e-07
2.919827e-07
2.848667e-07
2.604488e-07
2.758712e-07
2.971723e-07
2.989934e-07
3.057105e-07
2.751179e-07
2.45591e-07
2.491401e-07
2.556958e-07
2.746433e-07
2.765982e-07
3.149512e-07
3.084352e-07
3.276824e-07
3.301047e-07
3.41367e-07
3.180424e-07
3.269967e-07
3.156168e-07
2.922692e-07
2.72248e-07
2.817542e-07
3.078908e-07
3.108809e-07
2.817872e-07
2.754243e-07
2.704715e-07
2.633028e-07
2.888577e-07
2.970389e-07
3.009035e-07
3.083722e-07
3.404342e-07
3.3868e-07
3.423783e-07
3.310668e-07
3.35455e-07
3.10865e-07
3.128875e-07
3.152287e-07
3.467125e-07
3.125975e-07
3.181434e-07
3.277874e-07
3.19213e-07
3.210097e-07
3.092842e-07
3.088715e-07
3.234174e-07
3.408464e-07
3.436744e-07
3.147497e-07
2.878937e-07
2.960315e-07
3.022582e-07
2.996479e-07
2.841738e-07
2.738247e-07
3.007026e-07
3.097609e-07
3.328091e-07
3.195676e-07
2.836083e-07
2.918529e-07
3.102067e-07
3.233991e-07
3.239415e-07
3.150863e-07
3.013553e-07
2.891526e-07
3.057957e-07
3.100955e-07
3.117679e-07
3.214176e-07
3.031888e-07
3.24604e-07
3.208055e-07
3.375776e-07
3.332517e-07
3.345827e-07
3.039765e-07
2.80165e-07
3.009182e-07
3.216334e-07
3.004122e-07
3.22331e-07
2.859943e-07
2.692303e-07
2.564431e-07
2.539568e-07
2.47981e-07
2.691312e-07
2.581635e-07
2.781152e-07
2.907212e-07
2.865125e-07
2.788792e-07
2.936962e-07
3.004787e-07
3.050668e-07
3.405342e-07
3.078808e-07
2.702174e-07
2.70279e-07
2.570879e-07
2.751103e-07
2.822797e-07
2.921042e-07
2.986249e-07
2.869629e-07
3.118422e-07
3.012176e-07
2.951498e-07
3.287379e-07
3.246003e-07
3.217137e-07
3.436393e-07
3.175222e-07
3.269952e-07
3.279142e-07
3.21725e-07
3.326724e-07
3.3548e-07
3.303424e-07
3.392959e-07
3.634798e-07
4.015951e-07
4.109263e-07
3.650555e-07
3.284246e-07
3.561231e-07
3.716377e-07
3.68067e-07
3.803501e-07
3.49334e-07
4.010173e-07
3.847043e-07
4.110818e-07
3.770425e-07
3.892848e-07
3.572247e-07
3.647043e-07
3.550097e-07
3.756781e-07
3.913841e-07
3.759904e-07
3.587063e-07
3.328743e-07
3.097684e-07
2.975981e-07
2.77387e-07
2.863116e-07
2.917569e-07
3.019006e-07
2.762058e-07
2.750132e-07
2.734175e-07
2.877899e-07
2.803172e-07
3.034742e-07
2.846528e-07
2.596747e-07
2.524175e-07
2.370126e-07
2.309817e-07
2.394234e-07
2.290852e-07
2.414905e-07
2.222134e-07
2.488156e-07
2.514364e-07
2.60523e-07
2.570927e-07
2.674336e-07
2.973609e-07
3.065042e-07
2.928935e-07
2.893363e-07
3.153044e-07
3.163725e-07
3.02267e-07
2.966966e-07
2.818958e-07
2.910718e-07
2.705494e-07
2.685272e-07
2.737437e-07
2.825161e-07
2.741317e-07
2.998609e-07
2.961773e-07
3.029517e-07
2.847846e-07
2.616816e-07
2.805117e-07
3.107641e-07
3.019069e-07
3.082209e-07
3.210936e-07
2.987496e-07
3.199913e-07
3.250874e-07
3.74073e-07
3.945529e-07
3.88759e-07
3.757677e-07
3.859589e-07
3.889722e-07
3.639622e-07
3.57048e-07
3.744881e-07
3.49293e-07
3.049542e-07
3.198044e-07
3.285493e-07
3.545068e-07
3.68898e-07
3.897214e-07
3.936317e-07
3.798275e-07
4.205046e-07
4.580419e-07
4.48283e-07
4.38067e-07
3.684202e-07
3.498962e-07
3.764665e-07
3.937143e-07
3.709701e-07
3.551569e-07
3.728129e-07
3.578201e-07
3.526956e-07
3.284968e-07
2.948585e-07
2.749827e-07
2.598321e-07
2.612447e-07
2.630624e-07
2.5486e-07
2.803008e-07
2.721055e-07
2.763905e-07
2.726848e-07
2.996148e-07
3.025243e-07
3.103334e-07
3.456491e-07
3.655608e-07
3.575876e-07
3.614513e-07
3.781392e-07
3.563576e-07
3.557002e-07
2.995045e-07
2.945842e-07
2.966364e-07
2.57424e-07
2.663513e-07
2.763846e-07
2.886556e-07
2.929235e-07
3.287101e-07
3.543594e-07
3.653348e-07
3.8808e-07
4.209964e-07
4.008195e-07
3.869177e-07
3.877182e-07
4.170089e-07
4.314201e-07
4.488712e-07
4.264622e-07
3.894158e-07
4.328083e-07
4.584433e-07
4.456373e-07
4.492016e-07
4.760852e-07
4.526669e-07
4.403682e-07
4.798712e-07
4.626707e-07
4.347554e-07
4.71451e-07
4.748072e-07
4.506002e-07
4.71571e-07
4.571418e-07
4.781524e-07
4.848167e-07
4.660928e-07
4.415069e-07
4.138468e-07
3.792928e-07
3.759108e-07
3.792311e-07
4.073104e-07
4.423389e-07
4.432042e-07
4.38709e-07
4.660693e-07
4.362975e-07
4.179245e-07
4.408671e-07
3.93417e-07
4.069112e-07
4.141509e-07
4.231312e-07
4.261911e-07
4.316809e-07
4.211547e-07
4.044903e-07
3.516715e-07
3.662601e-07
4.029028e-07
3.819059e-07
3.620486e-07
3.544943e-07
3.023188e-07
3.106609e-07
3.453613e-07
3.416743e-07
3.483468e-07
3.540893e-07
3.448613e-07
3.542371e-07
3.379202e-07
3.454157e-07
3.307923e-07
3.352018e-07
3.287812e-07
3.348722e-07
3.292734e-07
3.283141e-07
3.413314e-07
3.50852e-07
4.04349e-07
4.18907e-07
3.819333e-07
3.530635e-07
4.189611e-07
3.891975e-07
3.875054e-07
3.367636e-07
3.25116e-07
3.231992e-07
3.400571e-07
3.192652e-07
3.151787e-07
2.919528e-07
3.184062e-07
3.358042e-07
3.593119e-07
3.488096e-07
3.734597e-07
3.600054e-07
3.727165e-07
3.678751e-07
3.602998e-07
3.601793e-07
3.65981e-07
4.137051e-07
3.620778e-07
3.739552e-07
3.756712e-07
3.884046e-07
3.776233e-07
3.60162e-07
3.377996e-07
3.114914e-07
3.025152e-07
3.146662e-07
2.905224e-07
3.289441e-07
3.337546e-07
3.185063e-07
3.311914e-07
3.36058e-07
3.188403e-07
3.261458e-07
3.405059e-07
3.630357e-07
3.808232e-07
4.015619e-07
3.743245e-07
3.901941e-07
3.617209e-07
3.808552e-07
3.778379e-07
3.680291e-07
3.535633e-07
3.692328e-07
3.680968e-07
3.396668e-07
3.57838e-07
3.415342e-07
3.437603e-07
3.604015e-07
3.694348e-07
3.85089e-07
4.055904e-07
4.352424e-07
4.481666e-07
4.343761e-07
4.139517e-07
4.192674e-07
4.338311e-07
4.048747e-07
3.847025e-07
3.835537e-07
3.819906e-07
4.036589e-07
3.686046e-07
3.475053e-07
3.339905e-07
3.201642e-07
3.004327e-07
3.156744e-07
3.45531e-07
3.637051e-07
4.270915e-07
4.695654e-07
4.727697e-07
4.564771e-07
4.816319e-07
4.430741e-07
4.484532e-07
4.645891e-07
4.318656e-07
4.219947e-07
4.434929e-07
4.412141e-07
4.3247e-07
4.398148e-07
4.198479e-07
4.158729e-07
4.405057e-07
4.013685e-07
3.990637e-07
3.93926e-07
3.661814e-07
4.169888e-07
4.450585e-07
4.295884e-07
4.020332e-07
4.079247e-07
3.952527e-07
3.747669e-07
3.951287e-07
3.917452e-07
3.87638e-07
3.958279e-07
4.159875e-07
4.279089e-07
4.266017e-07
4.108198e-07
3.97481e-07
3.885199e-07
3.434856e-07
3.303431e-07
3.417487e-07
3.626626e-07
4.064167e-07
4.648351e-07
4.51139e-07
4.4451e-07
4.768678e-07
5.093522e-07
5.025232e-07
5.291642e-07
4.671546e-07
4.626103e-07
4.75648e-07
4.681397e-07
4.374326e-07
4.503374e-07
4.384127e-07
4.336582e-07
4.098701e-07
4.05957e-07
4.384256e-07
4.173446e-07
4.375567e-07
4.187652e-07
4.145639e-07
3.877705e-07
3.967841e-07
4.187573e-07
4.621044e-07
4.809696e-07
4.702332e-07
4.357586e-07
4.391219e-07
3.897628e-07
3.603447e-07
3.682354e-07
3.885462e-07
3.728804e-07
3.74401e-07
4.024493e-07
4.001765e-07
3.679096e-07
3.852089e-07
3.815474e-07
3.901689e-07
3.71916e-07
3.971098e-07
3.976157e-07
4.284952e-07
4.516361e-07
4.925046e-07
4.629846e-07
4.834711e-07
5.019729e-07
5.20749e-07
4.937587e-07
4.72821e-07
4.146318e-07
4.098886e-07
3.906654e-07
4.012597e-07
3.746403e-07
3.548727e-07
3.722173e-07
4.11839e-07
4.184244e-07
4.171086e-07
4.00521e-07
4.065777e-07
3.649027e-07
3.780547e-07
3.785575e-07
3.690533e-07
3.799515e-07
3.652782e-07
3.746835e-07
3.764269e-07
3.61775e-07
3.462253e-07
3.701131e-07
3.487573e-07
3.772555e-07
4.038497e-07
4.255493e-07
4.147767e-07
4.111788e-07
4.298945e-07
4.195052e-07
4.474692e-07
4.189598e-07
4.410588e-07
4.558195e-07
4.242832e-07
4.745093e-07
4.904412e-07
4.751859e-07
4.808138e-07
4.696488e-07
4.652764e-07
4.723571e-07
4.57894e-07
4.346181e-07
4.356186e-07
4.659988e-07
3.971849e-07
4.168091e-07
4.319466e-07
4.176149e-07
4.456513e-07
4.115963e-07
4.070625e-07
3.835871e-07
3.668643e-07
3.718368e-07
4.068354e-07
4.044252e-07
3.858793e-07
3.560088e-07
3.56483e-07
3.799389e-07
3.743758e-07
3.514162e-07
3.383137e-07
3.322117e-07
3.550873e-07
3.183239e-07
3.246845e-07
3.31393e-07
3.086522e-07
3.027783e-07
3.21498e-07
3.08498e-07
2.919642e-07
2.799553e-07
2.7489e-07
2.935184e-07
2.797667e-07
2.820593e-07
2.575144e-07
2.472844e-07
2.125996e-07
2.172331e-07
2.399586e-07
2.527121e-07
2.454975e-07
2.390517e-07
2.613528e-07
2.743708e-07
2.865381e-07
2.503566e-07
2.423437e-07
2.53655e-07
2.596424e-07
2.532636e-07
2.265827e-07
2.145663e-07
2.254104e-07
2.39984e-07
2.543336e-07
2.883148e-07
2.789447e-07
2.477824e-07
2.371557e-07
2.26705e-07
2.344392e-07
2.497766e-07
2.409211e-07
2.378594e-07
2.272973e-07
2.409749e-07
2.641967e-07
2.52593e-07
2.602334e-07
2.530085e-07
2.369839e-07
2.021431e-07
2.189842e-07
2.189282e-07
2.081692e-07
1.883403e-07
1.789941e-07
2.017231e-07
2.055206e-07
1.827763e-07
1.766275e-07
1.765825e-07
1.889778e-07
1.911684e-07
2.043096e-07
1.992322e-07
2.04459e-07
2.138087e-07
2.419217e-07
2.740183e-07
2.97069e-07
3.110555e-07
3.428093e-07
3.59634e-07
3.61033e-07
3.908319e-07
3.885499e-07
3.811246e-07
3.74255e-07
3.594575e-07
3.453771e-07
3.516753e-07
3.573931e-07
3.502124e-07
3.853798e-07
3.783852e-07
3.586294e-07
3.17405e-07
3.135051e-07
3.306431e-07
3.224696e-07
3.129645e-07
3.429825e-07
3.735065e-07
3.988471e-07
4.138464e-07
3.950412e-07
3.931588e-07
3.614503e-07
3.446104e-07
3.359339e-07
3.549949e-07
3.464046e-07
3.613593e-07
3.688885e-07
3.810386e-07
3.685764e-07
3.298053e-07
3.38811e-07
3.43307e-07
3.638333e-07
3.848972e-07
3.84858e-07
3.78311e-07
3.992421e-07
4.144069e-07
4.38907e-07
3.909708e-07
4.366515e-07
4.289556e-07
4.423467e-07
4.223275e-07
4.389334e-07
4.363393e-07
4.360906e-07
4.377934e-07
4.328763e-07
4.15632e-07
4.050843e-07
4.286797e-07
4.324236e-07
4.276954e-07
4.531045e-07
4.37411e-07
4.265543e-07
4.003041e-07
3.771264e-07
3.962094e-07
3.851533e-07
3.882942e-07
3.779762e-07
3.988124e-07
4.264585e-07
4.178336e-07
3.95435e-07
4.359468e-07
4.420266e-07
4.612474e-07
4.659091e-07
4.70476e-07
4.781039e-07
4.984021e-07
5.356979e-07
5.405611e-07
5.869753e-07
5.651516e-07
5.395138e-07
6.00758e-07
6.118136e-07
5.840252e-07
5.735602e-07
5.281271e-07
5.41042e-07
5.460777e-07
5.532217e-07
5.03362e-07
4.791421e-07
4.782279e-07
4.868834e-07
4.825299e-07
4.686091e-07
4.604361e-07
4.488081e-07
4.765018e-07
4.698397e-07
4.873927e-07
4.432087e-07
4.801472e-07
4.980233e-07
4.605568e-07
4.686656e-07
5.169509e-07
5.060726e-07
4.685235e-07
3.967267e-07
4.203211e-07
4.40017e-07
4.290014e-07
3.961509e-07
3.738247e-07
3.5841e-07
3.540073e-07
3.574961e-07
3.555202e-07
3.611656e-07
3.63657e-07
3.760476e-07
3.646252e-07
3.451027e-07
3.755641e-07
3.504609e-07
3.617038e-07
3.689127e-07
3.751562e-07
3.8115e-07
4.10622e-07
4.192861e-07
4.014099e-07
4.30107e-07
4.649292e-07
5.278134e-07
5.345015e-07
5.182877e-07
5.150778e-07
5.245257e-07
4.860281e-07
5.177511e-07
4.884717e-07
4.716923e-07
4.846327e-07
4.375176e-07
5.022381e-07
5.190801e-07
4.893425e-07
4.866284e-07
5.037292e-07
4.392188e-07
4.480727e-07
4.561691e-07
4.610599e-07
4.61852e-07
4.323769e-07
4.14411e-07
3.959546e-07
3.881619e-07
4.072937e-07
4.275625e-07
4.482238e-07
4.491187e-07
4.650952e-07
4.682815e-07
4.430731e-07
4.452633e-07
4.092096e-07
3.723373e-07
3.772008e-07
3.751727e-07
3.728786e-07
3.569331e-07
3.68327e-07
4.138693e-07
3.951691e-07
4.038776e-07
4.245602e-07
4.531354e-07
4.999832e-07
4.224171e-07
4.236066e-07
3.988426e-07
4.0339e-07
4.216053e-07
4.598977e-07
4.506086e-07
4.11159e-07
3.976093e-07
4.326569e-07
4.303011e-07
3.902213e-07
3.9457e-07
4.057209e-07
4.308984e-07
3.942907e-07
3.98518e-07
3.973817e-07
3.784938e-07
4.151729e-07
4.112983e-07
4.201426e-07
4.102999e-07
4.094881e-07
4.291308e-07
4.260996e-07
4.165327e-07
4.163299e-07
3.897317e-07
3.838699e-07
4.096742e-07
4.263708e-07
4.089784e-07
3.769265e-07
3.728117e-07
3.837764e-07
3.826481e-07
3.847798e-07
3.713222e-07
3.308693e-07
3.103869e-07
3.234414e-07
3.277511e-07
3.027434e-07
3.047751e-07
2.954819e-07
3.003929e-07
3.166515e-07
3.260939e-07
3.160712e-07
3.095017e-07
3.034429e-07
3.246774e-07
3.334463e-07
3.377101e-07
3.241937e-07
3.128115e-07
3.449583e-07
3.593744e-07
3.607306e-07
3.521526e-07
3.792468e-07
3.703911e-07
3.668564e-07
3.88879e-07
4.198533e-07
4.37894e-07
4.607598e-07
4.744141e-07
4.922166e-07
5.082789e-07
5.418971e-07
5.274992e-07
5.058654e-07
4.948571e-07
5.439831e-07
5.437183e-07
5.313293e-07
5.483353e-07
5.478261e-07
5.453224e-07
5.554387e-07
5.332196e-07
5.418047e-07
5.595057e-07
5.991052e-07
6.82401e-07
6.59602e-07
6.842453e-07
6.525981e-07
6.281903e-07
6.372433e-07
7.094042e-07
7.489513e-07
7.774897e-07
7.934609e-07
8.275024e-07
8.503845e-07
8.614981e-07
9.686176e-07
9.287688e-07
9.419758e-07
8.907828e-07
8.959172e-07
9.769788e-07
9.506484e-07
9.571318e-07
1.005471e-06
9.571448e-07
8.241839e-07
8.087117e-07
8.324925e-07
7.381765e-07
6.548615e-07
6.108622e-07
5.358996e-07
5.19486e-07
5.154368e-07
5.052976e-07
4.860882e-07
4.980081e-07
5.282525e-07
5.436874e-07
5.243176e-07
5.485442e-07
5.78953e-07
5.760669e-07
5.581101e-07
5.606559e-07
5.560858e-07
4.962175e-07
4.889719e-07
5.153539e-07
4.997374e-07
5.487083e-07
5.44128e-07
5.11166e-07
5.015248e-07
5.141265e-07
4.981077e-07
4.925121e-07
4.667906e-07
4.948952e-07
4.446769e-07
4.203347e-07
4.725142e-07
4.537533e-07
4.489451e-07
4.352948e-07
4.070737e-07
3.92363e-07
3.689639e-07
3.299369e-07
3.058135e-07
3.212594e-07
3.083931e-07
3.271037e-07
3.45747e-07
3.486074e-07
3.245723e-07
3.201177e-07
3.323803e-07
3.26377e-07
3.579434e-07
3.733513e-07
3.509103e-07
3.590023e-07
3.567371e-07
3.643677e-07
3.664587e-07
3.695666e-07
3.807468e-07
4.128021e-07
4.445104e-07
4.549073e-07
4.154067e-07
4.656204e-07
4.632121e-07
4.107886e-07
3.634011e-07
3.892314e-07
3.930071e-07
4.133873e-07
4.253397e-07
3.96792e-07
3.898492e-07
3.899339e-07
3.748083e-07
3.378935e-07
3.069905e-07
2.856351e-07
3.09072e-07
3.079436e-07
2.82102e-07
3.149648e-07
3.3281e-07
3.240089e-07
3.311391e-07
3.572158e-07
3.976749e-07
3.742442e-07
4.424674e-07
4.437205e-07
3.993486e-07
3.98224e-07
3.951348e-07
3.692523e-07
3.704905e-07
3.650374e-07
3.64709e-07
3.591023e-07
3.193589e-07
3.451208e-07
3.728281e-07
3.737624e-07
3.906307e-07
3.870619e-07
4.215628e-07
4.281771e-07
4.196902e-07
4.403431e-07
4.190354e-07
4.253329e-07
4.094681e-07
4.082747e-07
3.945364e-07
4.146648e-07
4.13923e-07
4.175535e-07
3.87083e-07
3.865927e-07
3.921622e-07
3.915502e-07
3.646215e-07
3.539699e-07
3.657434e-07
3.397907e-07
3.531222e-07
4.168002e-07
4.106815e-07
4.242361e-07
4.221458e-07
4.213804e-07
4.057806e-07
3.674907e-07
3.53167e-07
3.46673e-07
3.2517e-07
3.267667e-07
3.079554e-07
3.41748e-07
3.54747e-07
3.436534e-07
3.447563e-07
3.684266e-07
3.580696e-07
3.354223e-07
3.297735e-07
3.314711e-07
2.883657e-07
2.90602e-07
2.811114e-07
2.766375e-07
2.997461e-07
2.80479e-07
2.828098e-07
2.770193e-07
2.610156e-07
2.827597e-07
3.108388e-07
2.954734e-07
2.96943e-07
3.099779e-07
2.671232e-07
2.737742e-07
2.796645e-07
2.872927e-07
2.8707e-07
2.942158e-07
2.984174e-07
3.045334e-07
3.066155e-07
2.929411e-07
3.149638e-07
2.936992e-07
2.959669e-07
3.131334e-07
3.122039e-07
2.768641e-07
2.857807e-07
2.979486e-07
2.99252e-07
2.966687e-07
3.127595e-07
3.147394e-07
3.178289e-07
3.22725e-07
3.019796e-07
3.009518e-07
3.010811e-07
3.113869e-07
2.85436e-07
2.94854e-07
2.867337e-07
2.838542e-07
2.815076e-07
2.99302e-07
2.977712e-07
3.07613e-07
3.478275e-07
3.786634e-07
4.016041e-07
3.821897e-07
3.452256e-07
3.70199e-07
3.928408e-07
3.698109e-07
3.412922e-07
3.474688e-07
3.555647e-07
3.358563e-07
3.499798e-07
3.842599e-07
3.98821e-07
4.058854e-07
3.950855e-07
4.113116e-07
4.218497e-07
4.353284e-07
4.512976e-07
4.560427e-07
5.018665e-07
4.916397e-07
4.593903e-07
4.647116e-07
4.274423e-07
4.10633e-07
3.740905e-07
3.856504e-07
4.185342e-07
4.249828e-07
4.485739e-07
4.251932e-07
4.100516e-07
3.997431e-07
3.770297e-07
4.138633e-07
4.054551e-07
3.681382e-07
4.137832e-07
4.121614e-07
3.897542e-07
4.206727e-07
4.444231e-07
4.759793e-07
4.56829e-07
4.787091e-07
4.975158e-07
5.204781e-07
5.393229e-07
5.605718e-07
5.820044e-07
6.070505e-07
5.903039e-07
6.070604e-07
6.713616e-07
6.816214e-07
7.034347e-07
7.038916e-07
6.996608e-07
6.591325e-07
7.157142e-07
7.110661e-07
7.019451e-07
6.813314e-07
6.513992e-07
5.939145e-07
5.531571e-07
5.38799e-07
4.854971e-07
4.586908e-07
5.02133e-07
5.515624e-07
5.77973e-07
5.806456e-07
5.834798e-07
6.528933e-07
7.042445e-07
7.274816e-07
6.815287e-07
6.810558e-07
7.429846e-07
6.687146e-07
6.480669e-07
6.569854e-07
6.596362e-07
6.693138e-07
6.634479e-07
7.011679e-07
7.126879e-07
7.388122e-07
6.728559e-07
6.792654e-07
6.808568e-07
7.029856e-07
6.543175e-07
6.972038e-07
7.421907e-07
7.392357e-07
7.467263e-07
8.123388e-07
8.690666e-07
8.650016e-07
8.552143e-07
8.104175e-07
7.962257e-07
8.766775e-07
8.084751e-07
7.699857e-07
7.254034e-07
6.970888e-07
7.677535e-07
8.33113e-07
7.926024e-07
7.906365e-07
8.097587e-07
8.549875e-07
8.003504e-07
7.329493e-07
7.576575e-07
7.970962e-07
8.215245e-07
8.248609e-07
8.593097e-07
7.994826e-07
8.032535e-07
7.516262e-07
8.058465e-07
7.948197e-07
8.107936e-07
8.772413e-07
8.20677e-07
8.335228e-07
7.902286e-07
7.63904e-07
7.059692e-07
7.234519e-07
7.008086e-07
6.520757e-07
6.339966e-07
5.735301e-07
5.78972e-07
5.401594e-07
5.051771e-07
4.963166e-07
4.73337e-07
4.760731e-07
4.544646e-07
4.659228e-07
4.660223e-07
4.368132e-07
4.29501e-07
4.230154e-07
4.319379e-07
4.48091e-07
4.619142e-07
5.188955e-07
5.48256e-07
5.383594e-07
5.027099e-07
5.07917e-07
5.111328e-07
5.195607e-07
5.004313e-07
4.791266e-07
4.817643e-07
5.125179e-07
4.627674e-07
4.614082e-07
4.718316e-07
4.824034e-07
4.596879e-07
5.129114e-07
5.021479e-07
5.241522e-07
5.957063e-07
5.297229e-07
5.657347e-07
5.015089e-07
4.924092e-07
4.567698e-07
4.489172e-07
4.650393e-07
4.631562e-07
4.660181e-07
4.78093e-07
4.617665e-07
4.82855e-07
4.674642e-07
4.943397e-07
4.65305e-07
4.292158e-07
4.213756e-07
4.00726e-07
3.745276e-07
3.908314e-07
4.197063e-07
4.232324e-07
4.359556e-07
4.199629e-07
4.396982e-07
4.059168e-07
3.719207e-07
3.923134e-07
3.970581e-07
3.842361e-07
3.952774e-07
3.923839e-07
3.991183e-07
3.58001e-07
3.951085e-07
4.393404e-07
4.569585e-07
4.949445e-07
4.992609e-07
5.183047e-07
4.919853e-07
5.49745e-07
5.434538e-07
5.380798e-07
4.946815e-07
4.883945e-07
5.104559e-07
5.36989e-07
5.419658e-07
5.386231e-07
5.519593e-07
5.74043e-07
5.463896e-07
4.997747e-07
4.701964e-07
5.045526e-07
5.605562e-07
5.335764e-07
4.939426e-07
4.760969e-07
5.008885e-07
4.918777e-07
4.476186e-07
4.567968e-07
5.121386e-07
5.816054e-07
5.570904e-07
5.929876e-07
5.545118e-07
5.497799e-07
5.816091e-07
5.476394e-07
6.013796e-07
5.88693e-07
5.690021e-07
5.998012e-07
6.25926e-07
6.381071e-07
6.446468e-07
6.250585e-07
5.993773e-07
5.90638e-07
6.012436e-07
6.042613e-07
6.109628e-07
6.335431e-07
6.411192e-07
5.725726e-07
6.238435e-07
6.625429e-07
6.480879e-07
6.444749e-07
7.10798e-07
7.235052e-07
6.921446e-07
6.812349e-07
7.007193e-07
7.548458e-07
7.67394e-07
7.499719e-07
7.519249e-07
7.522478e-07
8.127274e-07
7.291304e-07
7.009858e-07
7.735409e-07
8.42945e-07
7.922084e-07
8.234725e-07
8.629444e-07
8.77375e-07
7.932104e-07
7.936939e-07
7.990947e-07
7.670539e-07
7.111081e-07
7.428749e-07
7.362035e-07
6.925004e-07
6.554721e-07
7.313746e-07
7.196787e-07
7.408803e-07
7.70841e-07
7.640905e-07
7.848157e-07
7.211042e-07
6.964548e-07
6.625334e-07
6.312481e-07
6.52969e-07
5.725818e-07
6.745696e-07
5.960099e-07
5.483437e-07
5.171714e-07
4.875175e-07
5.048478e-07
5.12641e-07
5.531621e-07
5.58741e-07
5.945604e-07
5.540084e-07
5.464548e-07
4.871423e-07
5.391089e-07
5.019742e-07
4.955656e-07
5.387058e-07
5.442431e-07
5.263014e-07
4.971244e-07
5.07177e-07
4.997795e-07
5.311658e-07
5.762006e-07
5.544296e-07
5.493231e-07
5.311785e-07
5.392969e-07
6.194558e-07
6.261474e-07
7.079859e-07
7.381006e-07
7.51819e-07
7.344792e-07
7.882648e-07
7.646166e-07
7.607098e-07
7.441271e-07
7.249238e-07
6.938221e-07
6.751529e-07
6.125695e-07
6.514164e-07
6.326812e-07
5.688744e-07
5.778e-07
6.20306e-07
6.470696e-07
6.577783e-07
6.27269e-07
6.052187e-07
6.09783e-07
5.882405e-07
6.024648e-07
6.689401e-07
6.841238e-07
6.600643e-07
6.779639e-07
6.143965e-07
6.261332e-07
6.004317e-07
5.657587e-07
5.421085e-07
5.362455e-07
5.396163e-07
5.111643e-07
4.910972e-07
4.820897e-07
4.810282e-07
4.671849e-07
4.742832e-07
4.342487e-07
4.417181e-07
4.324955e-07
4.137841e-07
4.213479e-07
4.56562e-07
4.516379e-07
4.363581e-07
4.254882e-07
4.417766e-07
4.891355e-07
4.837311e-07
5.17354e-07
4.876476e-07
4.417302e-07
4.596595e-07
4.457692e-07
4.983008e-07
4.694264e-07
4.179946e-07
3.828215e-07
4.14493e-07
4.087015e-07
4.006288e-07
4.163968e-07
4.232201e-07
4.21485e-07
4.254576e-07
4.571154e-07
4.51807e-07
4.179625e-07
4.407249e-07
4.334214e-07
4.257062e-07
4.414269e-07
4.914039e-07
4.846829e-07
4.7813e-07
4.704577e-07
4.363295e-07
4.111114e-07
4.09468e-07
4.004375e-07
4.144649e-07
4.598778e-07
4.742201e-07
4.388436e-07
4.539982e-07
4.35816e-07
4.002946e-07
3.999246e-07
4.29936e-07
4.378265e-07
4.31338e-07
4.227101e-07
4.137708e-07
4.118385e-07
4.02627e-07
3.964426e-07
4.084201e-07
4.176442e-07
3.969197e-07
3.912483e-07
3.860225e-07
4.174373e-07
4.178308e-07
4.108062e-07
4.169639e-07
4.015788e-07
4.093823e-07
3.951243e-07
3.808375e-07
3.704717e-07
3.593762e-07
3.432432e-07
3.362138e-07
3.289293e-07
3.139735e-07
3.242699e-07
2.964332e-07
3.200201e-07
3.372992e-07
3.66563e-07
3.615809e-07
3.543771e-07
3.706915e-07
3.744945e-07
3.45761e-07
3.61191e-07
3.485417e-07
3.817729e-07
3.7637e-07
3.850131e-07
3.87165e-07
4.080334e-07
4.129265e-07
4.311292e-07
4.056339e-07
3.825087e-07
3.720331e-07
3.942521e-07
4.345937e-07
4.355641e-07
4.548189e-07
4.91918e-07
5.614814e-07
6.275505e-07
5.673262e-07
6.340274e-07
5.72016e-07
5.980958e-07
5.452528e-07
4.918833e-07
4.856052e-07
5.109942e-07
4.837424e-07
4.941494e-07
5.237231e-07
4.970805e-07
5.499251e-07
6.190688e-07
6.131132e-07
6.087271e-07
6.247493e-07
6.12127e-07
5.980724e-07
5.581164e-07
5.860691e-07
6.143782e-07
6.617595e-07
6.193897e-07
6.29528e-07
6.609126e-07
6.786762e-07
7.202761e-07
6.453904e-07
6.611087e-07
7.151389e-07
6.907646e-07
6.194159e-07
5.939029e-07
6.56216e-07
6.183041e-07
6.118369e-07
5.984399e-07
5.592959e-07
5.072897e-07
4.856131e-07
5.285049e-07
5.651895e-07
5.922777e-07
6.235987e-07
6.183429e-07
6.752882e-07
7.661996e-07
7.088878e-07
6.978609e-07
7.113823e-07
7.431999e-07
7.618806e-07
7.214789e-07
6.983952e-07
6.788308e-07
6.747222e-07
6.512438e-07
6.798831e-07
6.940606e-07
6.822262e-07
6.98332e-07
6.81068e-07
6.36825e-07
5.863477e-07
5.974615e-07
6.027675e-07
5.747604e-07
6.092238e-07
5.74571e-07
6.151941e-07
6.087405e-07
5.915214e-07
6.056718e-07
5.784568e-07
6.022851e-07
6.32216e-07
6.042471e-07
6.244022e-07
6.030783e-07
6.227721e-07
6.578213e-07
6.740581e-07
6.519606e-07
6.392577e-07
6.240575e-07
6.265109e-07
6.422761e-07
6.993751e-07
7.308862e-07
7.106412e-07
6.542728e-07
6.751221e-07
6.55617e-07
6.996745e-07
6.101305e-07
6.056932e-07
6.169179e-07
5.866235e-07
6.272229e-07
6.160444e-07
6.178218e-07
5.699016e-07
5.260766e-07
5.082705e-07
4.802345e-07
4.840426e-07
5.070582e-07
5.111181e-07
5.299261e-07
4.714423e-07
4.619268e-07
4.723467e-07
4.574824e-07
4.5779e-07
4.529275e-07
4.533827e-07
4.084313e-07
4.059387e-07
4.333522e-07
4.167082e-07
3.801961e-07
3.898425e-07
3.929418e-07
4.008519e-07
4.101449e-07
4.126377e-07
4.104022e-07
3.948904e-07
3.792372e-07
3.684856e-07
3.168197e-07
3.122483e-07
3.015828e-07
2.751333e-07
3.016059e-07
3.100144e-07
3.126961e-07
3.084721e-07
2.99046e-07
3.064664e-07
3.315256e-07
3.72427e-07
3.712021e-07
4.033389e-07
3.725924e-07
3.485192e-07
3.406515e-07
3.277835e-07
3.319494e-07
3.399204e-07
3.417535e-07
3.324e-07
3.483908e-07
3.461778e-07
3.296805e-07
3.136485e-07
3.652859e-07
3.786767e-07
3.600819e-07
3.762991e-07
3.523411e-07
3.843869e-07
3.606445e-07
3.22504e-07
3.127188e-07
3.090604e-07
3.291361e-07
3.24258e-07
3.710438e-07
3.874551e-07
3.95319e-07
4.173678e-07
4.494336e-07
4.185309e-07
4.284641e-07
4.211571e-07
4.929162e-07
4.73365e-07
4.715609e-07
4.474798e-07
4.478665e-07
4.94558e-07
4.849239e-07
4.753983e-07
4.516384e-07
4.738911e-07
4.478956e-07
4.546024e-07
5.176737e-07
5.402873e-07
5.292567e-07
4.904424e-07
4.681821e-07
4.69823e-07
4.473934e-07
4.753442e-07
4.598443e-07
4.33273e-07
4.355114e-07
4.619242e-07
4.791021e-07
4.742829e-07
4.729852e-07
4.968102e-07
5.029386e-07
5.554433e-07
5.718951e-07
6.201368e-07
6.755744e-07
7.117334e-07
6.925777e-07
7.15372e-07
7.031863e-07
7.309706e-07
7.598227e-07
7.752734e-07
7.282698e-07
7.645675e-07
7.798931e-07
7.315759e-07
7.49001e-07
7.419941e-07
7.234727e-07
7.53787e-07
7.519995e-07
7.498292e-07
7.082543e-07
6.437279e-07
6.018092e-07
5.799553e-07
5.391269e-07
5.441041e-07
6.339102e-07
5.783125e-07
5.760301e-07
5.583457e-07
5.28187e-07
5.734184e-07
5.62006e-07
5.87779e-07
5.502479e-07
5.351785e-07
5.246916e-07
5.077503e-07
4.958564e-07
4.823464e-07
5.277931e-07
5.494287e-07
6.205014e-07
6.504981e-07
6.824899e-07
6.593172e-07
6.933597e-07
6.809527e-07
6.892012e-07
6.193128e-07
6.098304e-07
6.043631e-07
5.950505e-07
5.920717e-07
5.90313e-07
5.856045e-07
5.284286e-07
5.183724e-07
5.221631e-07
5.243663e-07
5.293877e-07
4.935996e-07
4.904821e-07
4.767156e-07
4.721872e-07
4.965601e-07
4.983414e-07
4.40981e-07
4.374102e-07
4.322718e-07
4.638057e-07
4.85068e-07
5.156937e-07
5.732229e-07
6.315288e-07
6.387532e-07
6.8429e-07
7.030858e-07
7.498112e-07
6.40266e-07
6.546055e-07
7.019731e-07
7.416363e-07
6.695027e-07
5.858838e-07
5.891958e-07
5.622263e-07
5.390107e-07
5.885661e-07
5.662148e-07
5.317827e-07
5.315631e-07
4.933096e-07
4.631398e-07
5.166187e-07
5.222357e-07
5.172542e-07
4.962434e-07
5.417485e-07
5.765586e-07
5.77992e-07
6.249291e-07
6.476339e-07
6.350868e-07
6.299104e-07
6.285206e-07
5.810499e-07
5.144645e-07
5.179885e-07
5.182243e-07
5.264137e-07
5.489692e-07
4.98894e-07
5.291835e-07
5.256538e-07
5.487417e-07
5.299137e-07
5.205555e-07
5.087949e-07
5.099078e-07
5.257129e-07
5.479261e-07
5.522327e-07
5.922019e-07
6.129369e-07
5.526183e-07
5.483321e-07
5.894771e-07
6.40053e-07
6.039354e-07
6.084269e-07
6.110492e-07
6.165127e-07
6.057427e-07
6.655957e-07
6.399513e-07
6.503571e-07
6.316545e-07
6.040633e-07
5.795398e-07
5.623631e-07
5.665471e-07
5.428336e-07
5.645398e-07
5.654608e-07
5.52769e-07
4.966748e-07
4.820714e-07
4.961297e-07
4.774559e-07
4.579831e-07
5.2198e-07
4.95099e-07
4.84004e-07
4.528054e-07
4.659811e-07
4.646444e-07
4.495341e-07
4.571857e-07
4.404039e-07
4.178306e-07
4.277554e-07
4.30149e-07
4.144809e-07
4.614083e-07
4.977575e-07
4.603142e-07
4.170176e-07
3.998447e-07
3.682619e-07
3.980292e-07
3.823249e-07
3.970025e-07
3.751408e-07
3.950975e-07
4.198662e-07
4.19193e-07
4.401257e-07
4.23293e-07
4.209601e-07
4.030688e-07
3.773455e-07
3.648029e-07
3.867544e-07
3.454727e-07
3.574968e-07
3.8739e-07
3.96947e-07
4.086938e-07
3.897642e-07
4.524821e-07
4.298477e-07
4.536243e-07
5.266426e-07
5.264849e-07
5.210645e-07
5.018143e-07
4.574312e-07
4.403287e-07
4.284421e-07
4.371622e-07
4.478528e-07
4.308972e-07
4.486289e-07
4.495962e-07
4.165457e-07
4.599951e-07
4.234865e-07
4.435811e-07
4.364141e-07
4.659815e-07
4.414236e-07
4.078079e-07
4.038508e-07
4.426761e-07
4.516531e-07
4.2054e-07
3.91138e-07
3.970242e-07
4.120552e-07
3.84826e-07
3.93283e-07
3.969488e-07
4.143844e-07
4.377687e-07
4.602897e-07
5.104134e-07
4.958484e-07
5.109395e-07
5.038175e-07
4.330164e-07
4.228379e-07
4.513739e-07
4.735512e-07
4.710628e-07
4.756678e-07
4.653199e-07
4.547967e-07
4.718248e-07
4.686979e-07
4.689285e-07
4.716292e-07
5.119151e-07
5.144128e-07
5.128392e-07
5.150531e-07
5.453549e-07
5.728419e-07
5.878532e-07
5.523709e-07
5.38096e-07
5.182352e-07
5.298702e-07
5.027666e-07
4.903939e-07
5.082085e-07
5.011624e-07
5.202277e-07
5.028194e-07
4.727394e-07
4.918736e-07
5.30428e-07
5.349305e-07
5.405579e-07
5.577211e-07
5.906265e-07
5.973781e-07
5.958667e-07
5.872055e-07
5.681803e-07
5.722009e-07
6.205532e-07
5.947206e-07
5.936246e-07
6.569787e-07
6.127435e-07
5.979286e-07
5.336409e-07
4.873767e-07
4.749752e-07
4.685085e-07
4.900795e-07
4.464778e-07
4.924309e-07
4.768436e-07
5.22954e-07
5.177479e-07
4.979369e-07
5.063108e-07
5.125824e-07
5.0843e-07
5.120004e-07
4.975402e-07
5.188603e-07
5.26267e-07
5.406775e-07
5.047395e-07
5.423478e-07
5.435217e-07
5.726496e-07
5.326592e-07
5.055035e-07
5.299759e-07
5.377711e-07
5.337682e-07
5.661898e-07
5.296564e-07
5.124858e-07
4.651292e-07
4.789544e-07
4.713782e-07
4.479777e-07
4.38764e-07
4.209338e-07
4.263797e-07
4.192082e-07
4.277001e-07
4.134906e-07
4.05819e-07
3.920166e-07
3.534374e-07
3.261449e-07
3.184811e-07
3.06867e-07
2.95085e-07
2.863497e-07
2.887358e-07
3.175929e-07
3.673003e-07
3.312588e-07
3.187596e-07
3.331671e-07
3.729861e-07
3.684035e-07
3.838059e-07
4.347518e-07
4.517536e-07
4.657542e-07
4.784475e-07
4.75514e-07
4.359028e-07
4.363026e-07
4.536032e-07
4.685474e-07
4.400097e-07
4.450759e-07
4.798991e-07
4.641726e-07
4.775751e-07
4.772715e-07
4.648337e-07
4.680552e-07
4.521994e-07
4.47877e-07
4.344247e-07
4.477448e-07
4.347754e-07
4.628412e-07
4.404964e-07
4.32948e-07
4.170721e-07
3.878485e-07
3.978418e-07
4.038232e-07
4.496063e-07
5.002483e-07
5.109332e-07
5.404181e-07
5.420858e-07
5.583814e-07
5.653075e-07
5.573456e-07
5.141793e-07
5.374501e-07
5.440957e-07
5.607208e-07
5.188777e-07
5.660089e-07
5.741869e-07
5.771588e-07
5.16368e-07
5.301793e-07
5.02129e-07
5.125403e-07
5.051344e-07
5.447154e-07
5.370937e-07
4.848385e-07
4.8782e-07
4.918768e-07
4.874335e-07
4.607882e-07
4.752479e-07
4.493676e-07
4.520315e-07
4.596796e-07
4.902381e-07
5.148462e-07
4.818799e-07
4.696653e-07
4.823866e-07
4.988744e-07
5.051708e-07
5.127563e-07
4.904363e-07
5.077604e-07
4.214376e-07
4.19302e-07
4.610827e-07
5.119692e-07
5.021682e-07
5.249274e-07
5.156444e-07
5.195204e-07
5.581499e-07
5.347872e-07
4.665709e-07
5.54055e-07
5.550779e-07
5.479867e-07
5.633034e-07
5.322685e-07
5.33274e-07
5.564721e-07
5.599658e-07
5.632548e-07
5.539285e-07
4.907793e-07
4.600292e-07
4.491105e-07
4.701585e-07
4.731588e-07
4.815239e-07
4.580354e-07
4.24792e-07
4.128052e-07
4.344393e-07
4.394866e-07
4.507025e-07
4.470868e-07
4.695291e-07
4.615657e-07
4.764768e-07
4.397729e-07
4.29142e-07
4.485837e-07
4.646117e-07
4.569174e-07
4.224431e-07
4.67021e-07
4.815453e-07
4.541404e-07
5.054652e-07
4.92816e-07
4.289096e-07
4.140926e-07
4.220518e-07
4.243023e-07
4.101467e-07
4.197945e-07
3.748103e-07
3.813886e-07
3.810367e-07
3.694374e-07
3.983865e-07
4.105866e-07
3.945394e-07
3.814697e-07
3.842059e-07
3.841081e-07
4.152071e-07
4.554474e-07
4.575221e-07
4.637422e-07
4.355075e-07
4.370387e-07
4.630099e-07
5.066643e-07
5.401223e-07
5.54457e-07
5.736981e-07
5.924776e-07
5.675679e-07
5.783117e-07
5.510284e-07
5.398933e-07
5.8159e-07
5.520901e-07
5.094375e-07
4.764179e-07
4.474503e-07
4.078598e-07
3.570612e-07
3.476398e-07
3.742359e-07
3.917907e-07
3.924583e-07
3.993614e-07
3.989686e-07
3.661799e-07
3.707494e-07
3.729543e-07
4.039959e-07
4.339489e-07
4.281128e-07
4.309532e-07
4.621894e-07
4.659054e-07
4.461467e-07
4.646636e-07
4.973787e-07
5.030039e-07
5.269952e-07
5.542628e-07
5.202371e-07
5.239859e-07
5.053783e-07
5.069978e-07
5.10022e-07
5.088611e-07
5.209389e-07
5.356102e-07
5.442785e-07
4.877875e-07
4.61479e-07
4.399942e-07
4.577155e-07
4.879234e-07
5.4338e-07
5.661784e-07
6.204782e-07
6.571481e-07
7.431541e-07
7.105021e-07
6.760655e-07
6.665472e-07
6.816225e-07
6.595006e-07
6.229851e-07
6.344245e-07
6.259559e-07
6.556119e-07
6.117328e-07
5.397174e-07
5.624828e-07
5.954602e-07
6.09374e-07
6.210752e-07
6.669675e-07
6.76978e-07
7.176026e-07
7.489673e-07
8.07423e-07
7.632892e-07
7.045821e-07
6.309571e-07
6.777218e-07
6.910085e-07
6.646569e-07
6.260274e-07
6.144219e-07
5.879869e-07
5.641501e-07
6.137919e-07
6.806894e-07
7.619097e-07
7.136125e-07
7.519061e-07
7.345455e-07
7.17169e-07
6.719967e-07
7.282466e-07
7.260294e-07
7.387618e-07
6.913333e-07
7.337026e-07
7.449334e-07
8.029845e-07
7.340928e-07
7.195584e-07
7.183753e-07
6.751652e-07
6.410528e-07
6.596147e-07
7.010702e-07
7.317212e-07
7.520749e-07
6.989524e-07
6.787915e-07
6.538223e-07
6.353624e-07
6.168764e-07
5.976866e-07
6.214147e-07
6.674593e-07
6.725037e-07
6.691242e-07
6.216103e-07
5.983284e-07
5.721235e-07
5.370294e-07
4.891719e-07
4.985401e-07
4.959213e-07
4.991989e-07
5.267992e-07
5.229949e-07
4.952632e-07
5.250687e-07
5.045835e-07
5.067812e-07
5.191891e-07
4.727454e-07
4.480521e-07
4.353918e-07
4.2336e-07
3.886342e-07
3.814344e-07
3.667414e-07
3.838116e-07
3.665487e-07
3.57502e-07
3.631232e-07
3.52047e-07
3.544197e-07
3.650472e-07
3.604597e-07
3.931931e-07
3.734932e-07
3.683892e-07
3.972451e-07
3.931787e-07
3.963068e-07
4.434764e-07
4.789582e-07
4.776987e-07
4.551633e-07
4.560639e-07
4.222427e-07
4.653472e-07
4.45277e-07
4.416034e-07
4.448961e-07
4.622977e-07
4.529818e-07
4.450676e-07
4.700086e-07
4.909207e-07
4.996514e-07
5.006038e-07
4.834628e-07
5.541629e-07
6.14453e-07
5.952321e-07
5.73577e-07
5.719539e-07
5.557508e-07
5.472992e-07
5.515218e-07
6.067497e-07
6.134364e-07
5.754966e-07
5.458948e-07
5.741732e-07
5.359857e-07
5.445321e-07
5.768702e-07
5.862816e-07
5.464175e-07
5.299714e-07
5.503005e-07
5.558717e-07
5.122235e-07
4.945249e-07
5.445732e-07
5.677636e-07
6.147578e-07
6.003323e-07
5.892071e-07
5.502477e-07
5.368541e-07
5.573012e-07
5.244939e-07
5.23424e-07
4.686002e-07
5.111317e-07
4.728131e-07
4.742076e-07
4.888803e-07
4.823554e-07
5.176986e-07
5.269423e-07
5.468993e-07
5.700221e-07
5.762099e-07
5.478378e-07
5.442212e-07
5.103048e-07
5.148928e-07
5.722153e-07
5.578345e-07
5.305772e-07
5.153109e-07
4.529701e-07
4.723129e-07
4.519173e-07
4.462925e-07
4.841579e-07
5.241167e-07
5.559018e-07
6.200531e-07
6.339339e-07
6.56359e-07
6.258146e-07
6.381368e-07
7.008371e-07
6.243569e-07
5.928306e-07
5.656954e-07
5.270008e-07
5.243207e-07
5.086259e-07
4.700873e-07
4.746801e-07
4.393091e-07
4.39387e-07
4.313964e-07
4.272431e-07
3.746276e-07
3.606442e-07
3.635251e-07
3.661689e-07
3.515835e-07
3.487507e-07
3.357823e-07
3.835508e-07
3.774481e-07
3.963311e-07
4.261798e-07
4.274112e-07
4.175577e-07
4.415584e-07
4.946102e-07
4.85422e-07
5.070538e-07
5.043947e-07
4.843161e-07
4.869785e-07
4.784995e-07
4.744412e-07
5.054313e-07
5.314414e-07
5.570917e-07
5.475804e-07
5.917863e-07
6.672744e-07
6.61194e-07
6.470425e-07
6.427295e-07
7.046154e-07
6.660956e-07
7.003834e-07
7.184427e-07
6.540292e-07
7.174664e-07
7.426985e-07
7.367384e-07
7.165681e-07
7.534113e-07
7.430911e-07
7.947217e-07
8.134562e-07
8.325956e-07
8.549332e-07
8.36782e-07
8.723949e-07
8.527699e-07
8.925533e-07
8.611603e-07
8.880245e-07
8.718964e-07
9.307308e-07
8.72588e-07
8.415939e-07
9.298214e-07
8.800057e-07
7.898497e-07
7.588446e-07
8.425514e-07
8.732113e-07
9.028014e-07
7.969403e-07
7.798833e-07
7.331696e-07
7.397824e-07
6.807974e-07
6.69727e-07
6.795516e-07
6.618594e-07
6.676291e-07
6.339412e-07
6.265501e-07
6.064753e-07
5.508709e-07
5.695009e-07
5.313045e-07
4.92051e-07
4.481338e-07
4.297139e-07
4.200573e-07
4.480771e-07
4.306279e-07
4.380514e-07
3.838722e-07
4.125887e-07
3.954274e-07
3.757646e-07
3.397186e-07
3.344951e-07
3.592338e-07
3.5893e-07
3.73205e-07
3.499673e-07
3.853136e-07
3.866012e-07
4.077436e-07
4.308325e-07
4.365358e-07
4.32357e-07
4.468539e-07
4.952178e-07
5.725527e-07
5.494347e-07
5.065738e-07
5.129791e-07
5.434657e-07
4.96072e-07
4.90936e-07
4.890599e-07
4.869546e-07
4.831901e-07
5.458787e-07
5.320128e-07
5.210146e-07
4.843721e-07
4.186859e-07
4.496754e-07
4.228295e-07
3.726394e-07
3.636982e-07
3.422345e-07
3.568192e-07
3.826362e-07
3.77636e-07
3.78978e-07
3.917225e-07
4.231858e-07
4.122654e-07
3.975555e-07
3.906887e-07
3.577216e-07
3.511872e-07
3.599819e-07
3.50987e-07
3.972039e-07
3.989269e-07
3.945697e-07
3.464501e-07
3.616842e-07
3.65945e-07
3.747622e-07
3.392816e-07
3.432332e-07
3.218255e-07
3.127398e-07
2.931014e-07
3.079736e-07
2.951348e-07
3.040783e-07
3.041939e-07
2.701312e-07
2.765252e-07
2.979082e-07
3.257934e-07
3.193422e-07
2.999371e-07
3.503131e-07
3.211991e-07
3.041538e-07
3.079979e-07
3.031357e-07
2.941014e-07
3.012117e-07
3.393786e-07
3.375545e-07
3.740384e-07
3.766856e-07
4.047954e-07
3.782927e-07
3.547018e-07
3.660234e-07
3.244024e-07
3.240429e-07
3.70387e-07
3.6076e-07
3.514167e-07
3.528674e-07
3.267944e-07
3.436556e-07
3.486011e-07
3.233192e-07
3.226606e-07
3.427347e-07
3.428891e-07
3.538018e-07
3.108097e-07
2.996699e-07
2.859184e-07
2.809827e-07
2.988173e-07
2.956804e-07
2.833026e-07
2.887961e-07
2.728997e-07
3.123581e-07
3.036317e-07
3.155668e-07
3.196803e-07
3.12371e-07
3.017229e-07
3.058603e-07
3.04828e-07
3.293708e-07
3.417436e-07
3.336363e-07
3.116994e-07
3.263661e-07
3.049325e-07
2.795975e-07
2.555415e-07
2.716484e-07
2.612023e-07
2.768952e-07
2.888764e-07
2.907297e-07
2.891252e-07
3.035053e-07
3.205716e-07
3.446249e-07
3.134641e-07
3.544088e-07
3.456057e-07
3.567634e-07
3.592342e-07
3.474205e-07
3.283692e-07
3.418508e-07
3.43979e-07
3.203603e-07
3.168033e-07
3.265763e-07
3.318017e-07
3.458839e-07
3.505154e-07
3.656367e-07
3.768344e-07
3.701491e-07
3.547983e-07
3.433774e-07
3.279058e-07
3.086941e-07
3.426027e-07
3.622792e-07
3.737051e-07
3.61044e-07
3.947034e-07
4.159986e-07
4.327005e-07
4.381119e-07
4.747873e-07
4.572447e-07
4.649564e-07
4.531425e-07
4.942664e-07
4.735154e-07
4.867492e-07
5.025385e-07
4.940323e-07
5.086547e-07
5.494154e-07
5.727677e-07
5.34653e-07
5.145661e-07
5.281826e-07
5.205987e-07
4.978128e-07
5.311453e-07
4.883131e-07
4.414796e-07
4.3905e-07
4.534729e-07
4.341648e-07
4.243221e-07
4.297631e-07
4.051543e-07
3.880962e-07
4.516557e-07
4.261964e-07
3.854313e-07
4.038839e-07
3.976854e-07
4.106677e-07
4.54706e-07
4.616096e-07
4.385087e-07
3.839807e-07
3.820282e-07
3.702988e-07
3.212088e-07
3.051064e-07
3.044075e-07
3.266026e-07
3.322088e-07
3.409842e-07
3.528144e-07
3.471919e-07
3.561567e-07
3.51409e-07
3.41958e-07
3.357619e-07
3.54663e-07
3.260419e-07
3.293963e-07
3.405342e-07
3.169638e-07
3.184994e-07
3.206249e-07
3.38152e-07
3.396209e-07
3.542825e-07
3.620821e-07
3.521349e-07
3.22242e-07
3.110444e-07
3.25447e-07
2.895174e-07
2.931967e-07
2.889509e-07
2.925132e-07
2.716602e-07
2.653327e-07
2.753734e-07
2.879312e-07
3.058857e-07
2.989262e-07
2.928665e-07
2.953082e-07
3.049801e-07
2.981234e-07
3.243875e-07
3.258759e-07
2.99947e-07
2.902062e-07
2.604374e-07
2.443122e-07
2.426192e-07
2.440265e-07
2.497871e-07
2.419982e-07
2.32808e-07
2.311521e-07
2.012718e-07
2.449762e-07
2.536116e-07
2.643249e-07
2.477578e-07
2.871781e-07
2.985295e-07
2.884203e-07
2.929071e-07
2.950896e-07
2.912255e-07
2.765913e-07
2.453295e-07
2.707949e-07
2.369625e-07
2.306445e-07
2.134217e-07
2.120305e-07
2.075397e-07
2.141451e-07
2.076849e-07
1.982284e-07
2.097977e-07
2.343244e-07
2.352563e-07
2.440887e-07
2.610373e-07
2.88489e-07
3.095872e-07
3.050802e-07
3.014649e-07
3.009391e-07
2.927519e-07
2.809135e-07
2.663041e-07
2.782568e-07
2.709519e-07
2.809028e-07
2.880112e-07
2.9282e-07
2.775237e-07
2.769942e-07
3.115293e-07
3.1302e-07
3.148884e-07
2.889633e-07
2.915723e-07
2.916636e-07
2.984567e-07
2.96877e-07
2.814018e-07
2.980267e-07
2.964948e-07
2.755158e-07
2.459309e-07
2.456592e-07
2.578215e-07
2.772734e-07
2.945805e-07
2.786169e-07
2.878875e-07
3.240915e-07
3.155312e-07
3.141896e-07
3.006292e-07
3.011626e-07
3.436373e-07
3.373263e-07
3.036594e-07
3.173205e-07
3.392317e-07
3.571229e-07
3.281123e-07
3.341443e-07
3.375956e-07
3.259168e-07
3.333127e-07
3.217306e-07
3.143665e-07
3.100439e-07
3.198712e-07
3.156073e-07
3.142647e-07
2.860294e-07
3.005771e-07
3.118685e-07
3.304309e-07
3.469962e-07
3.39032e-07
3.222304e-07
3.539267e-07
3.716901e-07
3.594571e-07
3.709391e-07
3.567677e-07
3.488261e-07
3.120598e-07
3.142316e-07
3.130225e-07
3.33125e-07
3.090066e-07
3.164761e-07
3.422753e-07
3.637396e-07
3.50156e-07
3.311163e-07
3.305972e-07
3.398022e-07
3.136878e-07
3.33461e-07
3.177701e-07
3.269449e-07
3.447292e-07
3.595176e-07
3.647521e-07
3.715631e-07
3.694841e-07
4.019543e-07
3.904669e-07
3.677161e-07
3.656911e-07
3.890543e-07
3.853033e-07
3.94498e-07
4.518173e-07
4.710328e-07
5.064855e-07
4.671672e-07
4.793347e-07
5.168919e-07
4.911106e-07
5.544378e-07
5.47888e-07
5.918056e-07
5.669369e-07
5.471258e-07
5.768677e-07
5.708739e-07
5.913541e-07
6.090567e-07
6.266166e-07
6.60168e-07
7.031826e-07
7.309337e-07
7.159519e-07
6.742168e-07
6.928322e-07
7.09408e-07
6.890638e-07
6.647192e-07
6.996145e-07
6.708342e-07
6.56254e-07
6.560556e-07
6.162282e-07
6.153306e-07
6.120243e-07
5.857892e-07
5.324662e-07
5.209235e-07
5.542356e-07
4.942497e-07
4.497504e-07
4.973381e-07
4.999438e-07
5.197816e-07
5.099409e-07
4.822651e-07
4.744198e-07
4.55909e-07
4.66916e-07
4.844562e-07
4.569603e-07
4.792603e-07
4.663211e-07
4.524113e-07
4.241523e-07
4.268378e-07
4.447118e-07
4.234559e-07
3.842731e-07
3.883355e-07
4.231933e-07
4.105393e-07
4.364324e-07
4.852217e-07
5.215362e-07
4.846769e-07
5.493133e-07
5.180355e-07
5.782397e-07
5.614372e-07
5.806574e-07
5.992735e-07
6.131638e-07
6.633181e-07
6.94869e-07
7.20503e-07
7.319323e-07
7.245002e-07
7.385948e-07
7.536361e-07
7.013695e-07
6.53328e-07
6.44643e-07
6.25295e-07
6.126962e-07
6.166824e-07
6.547112e-07
6.994561e-07
7.174076e-07
7.419412e-07
6.952299e-07
6.682441e-07
6.800191e-07
6.664654e-07
6.627506e-07
6.616683e-07
6.789648e-07
6.386167e-07
6.549463e-07
6.730994e-07
6.30598e-07
6.303212e-07
6.403096e-07
6.138331e-07
6.078435e-07
6.130081e-07
5.87846e-07
5.613961e-07
6.117851e-07
6.866393e-07
6.540939e-07
7.001926e-07
6.582407e-07
6.597874e-07
6.504265e-07
6.309429e-07
6.612735e-07
6.559113e-07
6.23576e-07
5.897058e-07
6.112822e-07
5.977235e-07
5.107806e-07
5.692339e-07
5.731942e-07
6.082425e-07
6.266486e-07
5.865158e-07
6.021353e-07
6.428831e-07
7.018242e-07
6.492872e-07
7.146785e-07
6.937106e-07
6.923475e-07
6.97421e-07
6.893337e-07
6.872479e-07
6.582256e-07
6.893229e-07
6.644201e-07
6.730263e-07
7.187941e-07
7.063051e-07
7.733596e-07
7.46604e-07
7.598919e-07
7.268345e-07
6.826578e-07
6.906663e-07
7.116695e-07
6.900275e-07
6.428205e-07
7.091839e-07
7.589226e-07
7.484324e-07
7.598208e-07
7.677636e-07
7.32667e-07
7.474657e-07
7.093302e-07
7.189046e-07
7.374414e-07
7.149484e-07
6.689822e-07
7.975225e-07
6.83072e-07
6.767159e-07
7.855719e-07
7.597989e-07
7.659458e-07
7.664366e-07
7.726311e-07
7.068717e-07
7.149826e-07
6.464639e-07
6.960876e-07
5.916821e-07
5.916124e-07
6.787834e-07
6.261907e-07
5.660966e-07
5.154844e-07
5.426933e-07
5.233923e-07
4.520821e-07
4.32471e-07
4.261125e-07
4.217797e-07
4.21959e-07
4.116217e-07
3.935185e-07
4.052479e-07
4.400969e-07
4.328044e-07
4.472639e-07
4.147385e-07
4.436359e-07
4.37681e-07
4.548049e-07
4.639201e-07
4.991384e-07
5.515401e-07
5.225945e-07
5.715948e-07
5.242297e-07
4.776897e-07
4.710391e-07
4.568705e-07
4.322507e-07
3.81761e-07
3.519148e-07
3.728655e-07
3.478824e-07
3.209673e-07
3.415473e-07
3.103611e-07
3.255823e-07
2.951919e-07
3.084784e-07
3.279767e-07
3.405599e-07
3.522172e-07
3.585548e-07
3.721905e-07
3.533908e-07
3.850914e-07
3.561622e-07
3.619879e-07
3.819287e-07
3.921503e-07
4.317287e-07
4.018045e-07
3.976607e-07
4.476042e-07
4.124734e-07
4.216112e-07
4.196266e-07
4.244204e-07
3.921979e-07
4.031638e-07
3.668468e-07
3.879091e-07
3.867445e-07
3.984301e-07
4.181394e-07
3.83148e-07
3.653499e-07
3.554667e-07
3.433754e-07
3.439548e-07
3.309346e-07
3.439378e-07
3.233079e-07
3.362482e-07
3.346366e-07
3.243318e-07
3.292197e-07
3.330472e-07
3.483781e-07
3.728355e-07
3.902187e-07
4.034758e-07
3.441013e-07
3.429751e-07
3.999906e-07
4.00185e-07
4.038198e-07
4.076602e-07
4.597869e-07
4.671379e-07
4.512917e-07
4.569758e-07
4.549963e-07
4.690528e-07
4.369807e-07
3.956976e-07
4.147837e-07
4.240881e-07
4.126279e-07
4.031227e-07
4.124597e-07
3.886573e-07
3.88935e-07
4.224292e-07
4.353724e-07
4.452643e-07
4.636523e-07
4.701499e-07
5.645687e-07
6.277002e-07
6.522382e-07
6.675915e-07
7.580975e-07
7.843068e-07
8.242544e-07
7.54885e-07
7.348573e-07
7.314524e-07
7.206988e-07
7.115937e-07
6.525154e-07
7.12648e-07
7.467607e-07
7.370263e-07
7.754066e-07
7.380173e-07
7.240492e-07
7.430958e-07
6.326967e-07
6.227549e-07
5.957304e-07
5.878405e-07
6.056429e-07
6.39305e-07
6.384711e-07
6.173514e-07
6.117662e-07
5.608499e-07
5.657401e-07
5.273511e-07
5.462009e-07
4.852377e-07
4.889433e-07
5.053173e-07
4.691798e-07
4.955785e-07
4.985288e-07
4.954576e-07
4.920626e-07
5.79991e-07
6.279492e-07
5.734124e-07
5.111185e-07
5.301314e-07
5.195473e-07
5.111743e-07
5.131854e-07
5.054569e-07
5.041436e-07
5.446478e-07
5.276798e-07
5.187981e-07
4.869333e-07
5.408524e-07
5.568408e-07
5.440025e-07
5.666541e-07
6.067398e-07
5.609894e-07
5.466866e-07
5.518364e-07
5.919832e-07
6.168923e-07
5.985062e-07
5.549383e-07
4.947165e-07
4.887651e-07
5.131457e-07
4.769538e-07
4.90196e-07
4.337166e-07
4.379624e-07
4.428478e-07
4.319421e-07
4.448172e-07
4.655582e-07
4.626462e-07
4.517594e-07
5.105755e-07
4.937937e-07
4.939835e-07
4.683482e-07
5.221596e-07
5.189916e-07
5.326354e-07
5.247913e-07
5.468278e-07
5.020089e-07
5.80905e-07
5.651053e-07
5.745307e-07
5.935001e-07
6.137303e-07
6.605549e-07
6.976053e-07
7.924439e-07
7.643334e-07
6.90866e-07
7.003756e-07
7.092229e-07
7.222058e-07
7.280745e-07
8.039116e-07
8.004134e-07
8.093747e-07
7.639495e-07
6.652082e-07
6.74586e-07
6.796012e-07
7.14361e-07
6.87622e-07
7.217453e-07
7.080773e-07
6.893801e-07
6.081211e-07
6.418802e-07
5.922414e-07
6.091155e-07
5.378634e-07
5.30356e-07
5.450411e-07
5.100062e-07
5.201566e-07
4.852675e-07
5.099587e-07
4.694914e-07
5.144659e-07
4.709667e-07
4.871201e-07
5.101382e-07
4.935573e-07
5.097195e-07
4.653928e-07
4.671248e-07
4.692279e-07
4.591482e-07
4.582155e-07
4.873524e-07
5.281542e-07
5.480989e-07
5.445517e-07
5.030355e-07
4.867937e-07
4.693927e-07
4.47965e-07
4.464964e-07
4.521487e-07
4.088313e-07
3.922147e-07
3.684699e-07
3.588422e-07
3.416638e-07
3.238646e-07
3.234168e-07
3.067593e-07
2.99256e-07
2.954123e-07
3.151634e-07
2.878669e-07
2.717115e-07
2.996854e-07
2.929925e-07
2.728955e-07
2.841093e-07
2.666032e-07
2.924219e-07
2.814166e-07
2.649775e-07
2.976084e-07
2.871248e-07
2.856834e-07
2.838916e-07
2.933279e-07
3.250385e-07
3.181507e-07
3.038059e-07
3.167698e-07
3.450475e-07
3.127048e-07
3.104864e-07
2.947779e-07
2.764318e-07
3.115416e-07
3.103232e-07
3.15043e-07
3.048762e-07
2.958079e-07
3.145555e-07
2.961168e-07
2.737109e-07
2.522162e-07
2.864639e-07
2.950727e-07
2.478652e-07
2.482878e-07
2.600411e-07
2.663094e-07
2.617608e-07
2.663511e-07
2.50619e-07
2.392725e-07
2.620185e-07
2.806242e-07
3.08129e-07
2.927891e-07
2.926737e-07
3.158476e-07
3.181934e-07
3.343203e-07
3.851353e-07
4.33082e-07
3.98469e-07
4.038568e-07
4.110547e-07
4.355889e-07
4.655601e-07
4.499323e-07
4.452272e-07
5.134126e-07
4.634708e-07
4.380665e-07
4.680287e-07
5.004926e-07
4.877366e-07
5.258075e-07
5.486836e-07
5.686429e-07
5.292431e-07
4.765223e-07
5.045063e-07
4.66153e-07
4.869771e-07
4.877776e-07
5.172433e-07
4.992454e-07
5.62995e-07
5.848379e-07
5.461936e-07
5.351424e-07
5.385916e-07
5.394311e-07
5.504203e-07
5.588373e-07
5.524886e-07
5.447319e-07
5.320409e-07
5.331707e-07
5.490246e-07
5.226183e-07
5.190348e-07
5.153595e-07
4.926806e-07
5.009168e-07
5.450648e-07
5.346485e-07
5.407681e-07
5.425519e-07
5.339003e-07
4.78572e-07
5.296378e-07
5.263889e-07
5.254771e-07
5.566268e-07
4.986234e-07
4.8731e-07
4.754177e-07
4.74008e-07
4.740126e-07
4.685011e-07
5.105145e-07
4.888274e-07
4.85582e-07
4.784993e-07
4.798195e-07
4.822278e-07
4.94232e-07
5.181347e-07
4.730297e-07
4.616207e-07
4.288006e-07
4.374917e-07
4.594939e-07
4.412525e-07
4.381937e-07
4.061976e-07
3.936746e-07
3.755711e-07
3.876608e-07
4.018946e-07
3.905989e-07
3.729289e-07
3.785474e-07
3.878462e-07
4.47007e-07
4.251391e-07
4.15588e-07
3.941034e-07
4.195271e-07
3.902666e-07
3.935697e-07
3.771052e-07
3.477425e-07
3.457889e-07
3.468401e-07
3.35048e-07
3.160435e-07
2.869287e-07
2.791041e-07
2.673306e-07
2.92444e-07
2.980486e-07
3.242009e-07
3.3006e-07
3.575198e-07
3.550251e-07
3.807619e-07
4.129215e-07
4.21621e-07
4.062149e-07
4.276311e-07
4.349637e-07
4.270421e-07
4.253093e-07
4.231715e-07
4.025132e-07
3.898178e-07
3.795617e-07
4.220427e-07
4.190762e-07
4.159517e-07
3.904716e-07
3.755932e-07
4.062594e-07
4.220815e-07
3.98648e-07
4.239658e-07
3.773756e-07
3.805171e-07
3.818441e-07
3.927097e-07
3.893585e-07
3.861526e-07
3.957872e-07
4.000218e-07
3.829275e-07
4.114867e-07
3.852375e-07
3.84075e-07
3.791647e-07
3.805379e-07
3.922977e-07
3.845487e-07
3.77413e-07
3.614635e-07
3.615252e-07
3.563209e-07
3.237575e-07
2.889029e-07
3.034258e-07
3.076999e-07
3.125049e-07
3.356427e-07
3.251969e-07
3.060623e-07
3.187635e-07
3.305046e-07
3.199984e-07
3.216106e-07
2.802061e-07
2.710516e-07
2.857545e-07
2.79994e-07
2.803164e-07
3.087167e-07
2.940255e-07
3.186591e-07
3.029192e-07
3.053198e-07
3.113052e-07
3.063169e-07
3.256662e-07
3.260446e-07
3.291103e-07
3.215529e-07
3.109809e-07
3.115524e-07
2.738265e-07
2.714986e-07
2.652676e-07
2.433239e-07
2.761912e-07
3.069103e-07
3.161838e-07
3.142794e-07
3.130362e-07
3.225575e-07
3.37124e-07
3.260242e-07
3.188789e-07
2.959378e-07
2.851321e-07
2.790289e-07
2.589393e-07
2.661374e-07
2.544875e-07
2.626241e-07
2.7229e-07
3.051253e-07
3.205482e-07
2.993661e-07
3.154373e-07
3.342844e-07
3.370911e-07
3.331499e-07
3.225667e-07
3.238834e-07
3.525251e-07
3.452919e-07
3.435284e-07
3.628255e-07
3.92155e-07
4.081797e-07
3.716892e-07
3.786716e-07
3.821028e-07
3.660921e-07
4.032165e-07
3.958732e-07
3.657416e-07
3.608983e-07
3.724655e-07
3.66358e-07
3.696937e-07
3.956369e-07
3.953321e-07
3.715285e-07
4.142192e-07
4.372637e-07
4.418856e-07
4.280213e-07
4.454791e-07
4.579396e-07
4.676654e-07
4.20712e-07
4.0385e-07
3.99423e-07
3.957402e-07
4.27188e-07
4.294703e-07
4.706324e-07
4.298834e-07
4.388242e-07
4.591741e-07
4.280845e-07
4.262699e-07
4.753436e-07
4.799991e-07
4.739481e-07
4.824791e-07
5.336732e-07
5.415123e-07
4.760097e-07
4.619103e-07
4.374061e-07
4.454312e-07
3.98305e-07
4.236633e-07
4.106439e-07
3.445468e-07
3.601379e-07
3.714851e-07
3.868087e-07
4.031901e-07
4.278542e-07
4.198984e-07
4.203826e-07
3.879389e-07
4.092407e-07
4.279038e-07
3.694772e-07
3.718639e-07
3.72554e-07
3.507117e-07
3.439331e-07
3.416598e-07
3.360056e-07
3.638078e-07
3.858314e-07
3.76783e-07
4.180778e-07
3.592692e-07
3.598004e-07
3.460297e-07
3.504546e-07
4.038996e-07
4.027752e-07
3.993092e-07
3.474098e-07
3.873075e-07
3.936974e-07
4.007772e-07
4.203973e-07
4.02128e-07
4.094026e-07
3.956548e-07
3.974604e-07
3.605422e-07
3.522648e-07
3.849143e-07
3.770769e-07
3.734051e-07
3.76568e-07
3.609443e-07
3.675328e-07
3.635521e-07
3.084021e-07
3.055051e-07
2.882389e-07
3.052535e-07
2.93235e-07
2.670061e-07
2.679554e-07
2.500616e-07
2.445305e-07
2.593289e-07
2.561383e-07
2.613784e-07
2.869357e-07
2.992321e-07
3.073216e-07
3.523482e-07
3.689023e-07
3.584655e-07
3.346631e-07
3.324079e-07
3.117305e-07
3.103053e-07
3.255623e-07
3.408841e-07
3.292162e-07
3.304605e-07
3.277486e-07
3.250434e-07
3.251689e-07
3.34628e-07
3.354972e-07
3.132332e-07
3.094948e-07
3.026202e-07
3.089071e-07
3.149861e-07
3.525957e-07
3.453518e-07
3.448913e-07
3.625811e-07
3.524361e-07
3.463526e-07
3.197135e-07
3.414067e-07
3.797024e-07
3.722115e-07
3.663224e-07
3.664604e-07
3.47319e-07
3.585419e-07
3.835333e-07
3.861559e-07
4.161289e-07
4.589216e-07
4.740962e-07
4.775487e-07
5.200634e-07
5.28839e-07
4.595729e-07
4.08551e-07
4.384342e-07
4.024799e-07
4.498882e-07
4.558174e-07
4.700664e-07
4.71906e-07
4.786178e-07
4.52995e-07
4.674297e-07
4.129897e-07
3.7876e-07
3.642723e-07
3.616877e-07
3.507384e-07
3.385348e-07
3.683836e-07
3.667995e-07
4.038764e-07
3.892371e-07
4.000146e-07
3.883398e-07
3.815098e-07
3.567983e-07
3.671977e-07
3.910438e-07
3.833277e-07
3.598265e-07
3.39341e-07
3.505177e-07
3.43103e-07
3.190239e-07
3.378922e-07
3.433692e-07
3.632009e-07
3.734472e-07
4.141138e-07
4.015407e-07
4.053064e-07
3.567822e-07
3.794055e-07
3.829231e-07
3.82409e-07
3.792566e-07
3.711887e-07
3.703726e-07
3.251301e-07
3.307409e-07
3.53109e-07
3.414896e-07
3.372501e-07
3.237703e-07
3.292059e-07
3.373432e-07
3.173733e-07
3.681933e-07
3.810017e-07
3.757186e-07
3.825901e-07
3.6681e-07
