3.172648
4.421626
3.490858
3.659358
3.87009
3.444176
3.606935
3.82508
3.96587
4.116426
3.381482
3.354461
2.850737
3.337072
4.656483
3.721263
2.924615
3.84994
3.648875
3.147843
3.753978
3.046026
3.288452
3.418137
3.899285
3.384308
4.159492
4.589529
4.471108
3.645843
4.252974
3.645715
3.862075
4.328328
3.658573
3.092843
3.689618
4.002584
3.869114
4.261402
3.543246
3.898585
3.954289
3.633354
4.072633
3.759721
2.998941
3.848833
3.538774
3.812439
4.544322
3.471275
4.252326
4.372114
3.659107
2.541912
3.741586
3.673556
3.086843
3.528807
3.857235
3.296601
4.256407
2.919914
3.414954
3.40689
3.906712
3.702932
3.290174
3.405901
3.693845
3.803107
3.913581
3.606143
4.03275
3.648039
4.150764
3.641276
3.827006
3.060638
3.321659
3.657991
4.642359
4.071337
3.647784
4.066397
4.144412
3.631096
4.038992
4.856382
4.05958
4.286167
4.297553
4.175032
4.280772
3.63411
4.094391
4.116602
4.135722
3.740864
3.428276
4.1684
2.903907
3.970466
2.93903
3.667
3.1614
3.565105
3.68248
3.932567
3.66568
3.687204
3.357078
3.542985
3.836557
3.950277
3.654439
3.101411
3.616059
2.853807
3.318356
3.812897
3.914339
3.510335
3.994891
3.008089
3.60072
3.371523
4.393617
4.07285
3.863449
4.30023
3.766087
3.42412
3.537608
3.383902
3.126668
2.990911
3.268963
3.396113
3.354878
3.427798
3.988641
3.658773
3.60041
3.859358
2.43776
3.171549
3.173946
3.714476
3.293634
2.804203
3.341357
3.163796
3.058225
2.908293
2.621395
2.685838
2.083728
3.148084
3.267022
3.069544
3.666484
3.558819
3.591371
3.335901
3.218519
3.83079
3.120832
3.190882
3.278038
3.163072
3.212171
2.801706
3.353181
2.658442
3.428915
3.075473
2.876641
3.167193
4.252004
3.84961
2.720046
3.371181
3.470774
3.406215
3.454909
3.184456
2.778122
4.217151
3.411591
3.004654
3.694068
3.12814
2.958393
3.674159
3.012378
4.003213
3.08564
3.31095
3.147125
3.352615
3.282013
3.664399
3.58604
3.399145
3.517725
3.115399
3.715585
3.578165
2.488921
3.31115
3.714345
3.031489
3.029474
4.040293
3.685291
3.498882
3.396993
3.450474
3.421976
3.260648
3.845362
3.183192
3.344521
3.358972
3.160905
3.19568
2.678175
2.97092
3.352944
3.361484
3.611046
3.218712
3.207886
2.322571
3.279946
3.285038
3.193405
3.278943
3.446656
3.906737
3.535827
2.986814
3.971289
3.267025
3.756789
4.422826
4.153162
3.824264
3.979474
3.103591
3.439684
3.034007
3.08781
2.890497
3.777216
3.006152
3.381096
3.794854
2.986468
2.946261
3.303946
3.905362
4.154256
3.060021
3.091175
3.356827
3.602082
3.957016
3.559869
3.300038
2.796789
2.632126
2.911382
3.059464
2.424988
3.775051
3.429869
2.788667
2.675675
2.677573
3.218101
3.455053
3.172693
3.084632
3.12378
3.07448
3.176138
2.930403
3.333284
3.296256
3.182232
3.454705
3.326697
3.722893
3.16155
3.751551
4.190003
3.408598
3.485274
2.613149
3.174706
3.147494
3.494497
3.390987
2.989918
3.848344
3.114214
3.831148
3.001263
3.611765
3.156519
3.234524
3.035123
3.761786
3.835197
3.654131
3.566036
3.593433
3.264585
3.558626
3.232609
4.322344
3.127475
3.25783
3.255263
3.78567
3.966802
3.816169
3.328869
3.317929
4.008195
4.213112
4.347518
4.509104
4.664395
3.622423
4.24619
3.985397
3.067188
3.4685
3.509243
3.686422
3.402807
3.868996
3.565184
3.845552
4.45206
3.801582
3.319063
3.501135
3.191023
3.96118
3.402915
3.793845
3.659797
3.638245
3.321752
3.316655
3.89449
3.577221
3.307019
3.175989
3.913907
3.991708
3.24129
3.585904
2.820105
3.988578
3.831729
4.109636
3.220156
3.050825
3.451116
3.868239
3.418311
4.008401
3.052278
3.334527
3.643231
3.955673
3.927336
3.806209
3.400709
3.600339
3.386215
4.279136
3.338985
3.400488
2.828036
3.526731
3.030722
3.632452
3.407309
3.324655
3.574507
3.393733
3.110919
3.262695
3.395105
3.386894
3.293991
3.34745
4.145996
3.587292
3.597574
3.102564
3.73019
3.195428
3.074863
4.14999
3.096428
3.81204
3.044386
3.133179
3.13591
3.140961
3.173995
2.818977
3.081959
4.067973
3.689028
3.267463
3.430969
3.520996
3.236508
3.616718
4.232172
3.422501
3.897195
3.65783
3.143676
3.758795
3.766644
3.500252
3.706597
3.175318
3.738465
3.442828
3.563458
3.690959
4.449849
4.315397
2.872821
3.228493
3.699871
3.900124
2.976193
4.34544
4.254511
4.051696
3.588567
3.615104
3.914445
4.34445
3.952503
3.508166
3.565058
4.38313
3.477837
3.384539
3.134584
3.772922
3.885583
4.014963
3.940029
3.79727
3.240403
3.344137
3.523638
3.716235
3.165975
3.441552
3.757319
3.833672
3.244947
3.408983
3.440179
4.030765
4.107174
3.635666
3.731644
3.264135
3.042462
3.457705
3.716121
3.734071
3.314085
3.08864
3.587868
3.555413
3.739229
3.226853
3.039389
3.758052
4.205226
3.411474
3.712665
3.996581
3.508547
3.438591
4.064996
4.466432
3.915253
4.074441
3.517189
3.87626
3.819253
3.922405
3.384186
3.86328
4.007328
3.826607
3.796743
3.449441
3.911866
3.921802
4.24223
3.739595
3.77739
4.301222
3.864083
3.862564
3.215424
3.917567
3.622855
4.119048
4.091301
3.468433
4.894032
3.874339
4.254905
3.994098
3.713142
3.975918
4.131425
3.631328
3.39701
3.939365
4.031229
4.263339
4.313085
4.552918
4.83331
4.055398
4.599236
3.696583
3.408739
3.498706
3.934622
3.671186
3.729878
4.757696
4.423153
4.929589
3.771408
4.260331
4.106256
4.102183
3.625877
3.100179
4.26197
3.183161
3.53141
3.825727
3.905745
3.340276
4.547578
3.32329
4.022772
3.710674
3.751443
4.059651
3.361516
3.865231
4.829851
3.604626
4.373885
4.516963
4.152196
4.280665
3.533598
3.579978
4.062358
4.175986
3.928046
3.560614
3.883041
3.922689
3.734471
4.38454
3.746112
3.978344
3.273638
4.81799
4.278794
3.461535
3.12138
3.580529
4.162674
3.310955
3.186338
3.119559
3.447476
3.326276
4.171318
3.788316
4.078666
3.557545
3.564298
3.349729
4.892661
3.563707
3.707091
3.753866
3.184661
3.913371
3.835113
3.71999
3.036118
3.212954
3.265743
3.162294
3.445
3.750551
3.812552
3.885709
4.172286
3.965815
4.128005
3.878735
3.711375
2.863711
3.486629
3.734206
3.126654
4.192652
2.918033
2.784528
3.541695
3.390416
3.117259
2.880037
3.479855
3.029896
2.949861
3.333797
3.372792
2.082938
2.361995
3.471066
3.151002
2.782067
2.972009
3.258162
2.689562
3.258048
3.16191
3.362443
3.966408
2.585094
2.46215
3.643929
3.327485
3.178454
3.165238
3.441822
2.477554
3.270408
3.031511
3.355759
3.724783
3.977334
3.468503
3.271914
3.637837
3.133137
3.453487
3.634839
3.731434
3.858731
3.442073
2.907726
3.188227
3.320875
3.610154
2.631971
3.319404
3.080466
3.281344
2.976222
3.451598
3.47503
3.960289
4.047524
2.836469
3.294904
3.530712
3.363019
2.837932
3.398122
2.952978
3.017863
3.512932
3.549005
3.12172
3.541734
3.03939
3.170055
2.916917
3.095671
2.978475
2.859944
2.94866
3.009523
3.26373
2.793426
3.93177
3.741336
2.518181
4.61644
3.181658
3.398887
3.16442
3.821509
2.978274
3.399578
4.614741
2.794313
2.878157
3.533165
3.591301
3.930107
3.130699
4.016661
3.092068
3.46319
3.123988
3.0838
3.472591
3.039887
3.018037
3.029851
2.917839
3.630393
2.948004
4.006321
3.32982
3.458539
3.848901
3.436702
4.065246
4.123035
3.820784
3.315134
3.341816
2.978505
3.502434
3.844544
4.28126
3.717507
3.38468
3.024843
3.432493
3.454217
3.426548
3.705562
3.629376
3.210374
3.334521
2.214577
3.119849
3.727259
2.887736
2.332825
4.3168
4.123856
3.328231
3.093457
3.262264
3.970344
3.690876
3.590104
4.188792
3.374457
3.582329
3.134334
4.048578
3.580203
3.834945
2.853848
3.13191
3.33155
3.858449
3.531973
3.573125
4.089706
3.526047
4.146265
3.3856
4.38386
4.176903
3.517675
3.203318
3.074103
3.447549
4.018051
3.349862
3.167562
3.279618
2.948198
3.49922
3.404251
3.007608
3.215036
3.088453
3.513949
2.971672
3.50895
2.946051
3.378055
3.508486
3.611111
3.571774
2.836572
2.976921
3.250075
3.543042
2.55678
2.610571
3.063349
2.876514
3.114138
2.594381
2.713387
3.045104
3.261631
2.708943
3.56659
3.485346
3.023535
2.930543
3.307967
2.409054
2.789712
2.922826
2.817055
2.769516
2.488959
2.605116
2.814631
2.431189
2.339047
2.255233
3.140231
3.624588
2.63296
2.777273
3.834413
3.24066
3.23922
3.85811
3.314073
3.518038
2.51539
2.535972
1.990813
2.824465
3.321329
2.884029
3.57946
2.839365
3.140239
3.220066
2.576835
2.871655
2.730302
2.808318
2.577804
2.783935
3.220496
2.661905
3.105636
3.37581
2.928631
3.316901
3.702714
2.900084
3.466386
3.764638
2.800415
3.35947
3.228042
3.594809
3.053448
3.341028
3.542373
3.637498
3.246009
3.177782
3.49793
3.263823
3.852467
4.364677
3.493574
3.678304
3.48168
4.20227
3.082251
3.443118
3.971165
3.712833
3.433133
3.947837
4.090688
4.707091
4.060315
3.776142
3.80887
3.293492
3.296896
3.676704
3.571491
3.480383
4.125642
3.69733
4.13675
3.821554
3.237633
3.434681
3.640547
3.663442
3.249058
4.53067
3.453887
3.842646
3.364634
3.808651
3.470973
3.978306
3.874248
3.827338
4.138506
4.592543
3.426369
4.110714
3.575683
3.619601
4.885275
4.442145
3.974363
4.388547
4.017543
4.008776
4.114936
4.51221
4.282535
3.364665
4.633658
4.693622
4.151399
4.132002
3.885593
4.147537
4.277171
3.690916
3.898744
3.825917
3.79162
3.782419
4.500765
4.403947
3.65232
4.008581
4.834279
4.162503
4.479028
3.737596
4.313961
4.11855
3.621872
4.082072
4.131369
3.948119
4.770909
4.310443
3.682744
5.405454
4.744635
3.819069
4.047347
4.104441
3.834649
4.081687
4.311268
4.08599
3.811688
4.049033
3.751991
4.663264
4.138666
4.276363
3.169199
3.932187
4.113181
3.966843
4.354427
3.762279
4.060599
5.518125
4.277197
4.124357
3.655274
3.538416
3.359009
3.874255
3.702512
4.090437
3.902085
4.044688
3.848445
3.404201
3.587768
4.185351
4.189971
4.707934
3.736145
3.546681
4.812191
3.511133
3.307114
3.849302
3.284319
3.961168
4.136517
3.841206
4.15106
4.726649
3.427624
4.019524
3.915981
3.077732
3.72065
3.380055
3.795083
3.653103
2.892041
3.5951
3.424368
4.090266
3.744012
4.02129
3.029982
3.170878
3.131593
3.47474
3.141457
3.526266
3.460228
4.451647
4.228315
3.934151
3.099835
3.040261
3.558788
3.184993
3.582432
3.912455
3.196996
3.254987
3.15901
2.906615
2.840486
3.24513
3.394503
3.604317
2.9921
2.6767
2.894834
4.067889
2.896853
2.734663
3.312895
3.920339
3.090042
2.89874
3.354832
3.08588
3.368583
3.455031
2.670738
3.694447
2.567206
2.657947
3.397948
2.945331
3.269415
3.600219
3.193939
2.744274
3.54284
3.242978
3.268239
3.315813
3.839669
3.481389
2.935065
3.237349
3.789
3.315141
2.713017
3.213006
3.520298
2.944261
2.781664
2.321317
3.918357
2.651196
3.78409
2.60525
3.343401
3.352853
2.639976
3.330891
2.459862
2.851873
2.618821
2.056891
2.469454
3.443757
3.275008
2.824247
2.594607
2.436808
2.697644
3.01382
2.659478
3.102517
2.484267
2.542435
2.427918
2.378004
2.533641
2.314452
3.071486
2.130447
3.135392
3.157689
2.944958
2.873012
2.712943
2.599936
2.410225
2.795479
2.381404
2.155881
3.005626
2.5935
2.996066
3.143789
2.428037
3.015939
2.217387
2.914182
3.540812
2.7417
3.023766
2.793838
2.520038
3.166447
2.915712
2.27628
2.207756
2.308455
2.696671
2.837617
3.413136
4.078992
2.737455
2.508748
2.375819
2.790116
2.473708
3.432034
2.220675
2.433966
2.945042
2.460996
2.643455
2.590711
3.030938
2.833303
2.864939
2.832427
2.846932
3.075934
2.670687
3.266855
3.520377
2.701924
2.988106
3.034218
2.465839
3.157989
2.951845
2.855276
2.87087
3.280731
3.418388
2.239465
2.905832
4.384089
2.676171
3.046542
3.395105
2.918591
3.743316
2.586625
3.813098
3.273566
3.513363
2.497176
2.600131
2.257793
1.956284
2.628619
3.07629
3.549221
2.877923
3.103516
2.34608
3.360135
3.21439
3.369227
3.814136
3.08243
3.18008
2.771515
3.420879
3.593226
3.539815
2.982924
3.168145
3.183747
3.665891
2.464484
3.106563
2.964137
3.238211
2.771335
3.07585
2.893003
2.677824
2.546195
3.035902
3.047997
3.592361
2.532761
2.352668
1.96933
2.628755
3.523452
3.441236
2.479053
2.55489
2.683315
3.20553
3.194246
2.862213
2.77094
2.849634
3.237991
2.972028
2.814564
2.455149
2.698771
3.025623
2.968002
2.401087
3.361372
2.552231
2.989692
3.473987
2.728988
2.745194
3.342937
2.926379
2.956127
2.530473
3.051406
2.662943
2.960793
3.645346
3.382825
3.013409
3.491512
2.662621
2.580916
3.259898
2.866687
3.02597
3.056676
3.941572
2.867172
3.118112
2.90614
2.507039
2.593481
2.640552
3.091269
2.735315
2.486574
3.627809
3.465289
2.911102
3.330828
3.232305
3.098635
3.526743
4.185156
3.543953
3.657565
2.92046
2.682835
3.308273
3.850836
3.397504
3.259864
3.541917
3.04629
3.712129
3.361968
3.574887
3.249637
3.259331
3.343354
4.108137
3.37328
3.367696
3.557693
3.462752
3.654743
3.603273
4.258047
3.67285
3.155257
4.006232
3.046192
3.675459
3.264824
3.264318
3.80414
3.15052
3.726111
3.349173
3.841579
3.327003
3.02838
3.55049
3.178791
2.966829
3.334835
2.444193
3.102936
2.909703
3.309969
3.065451
3.578859
2.944418
3.460239
2.881476
3.026927
3.52284
3.24501
2.823929
3.176406
3.249971
2.60281
3.731123
3.726923
2.863503
3.387867
3.498404
4.233123
3.456165
2.823635
3.516862
4.22843
3.352962
3.693902
2.989618
3.626652
3.745582
2.954075
3.247359
3.639645
3.231687
3.300372
4.126487
3.510609
3.218907
3.833557
3.199966
3.312397
3.952597
4.127188
3.585651
3.680439
3.82819
3.037084
3.178151
3.026033
3.501382
3.137657
3.504169
3.091833
3.657831
3.423016
3.169416
3.262085
3.265455
3.42841
2.974618
4.678033
3.040107
3.454255
3.011535
3.400593
3.368363
3.405158
3.225908
2.997586
3.631097
3.246404
3.532416
2.867081
4.335566
3.577169
3.961173
4.063082
4.361055
4.152176
4.221878
4.583837
4.403012
3.183133
3.871398
3.689154
3.267803
3.613466
3.42831
3.463842
3.288657
3.775772
3.07179
3.741037
2.98108
3.861537
3.645431
3.387604
3.614818
2.71764
3.807639
3.531448
3.137087
4.628863
4.067421
3.99038
3.22831
3.248162
3.754563
3.438952
3.422478
3.520899
2.905223
3.299845
4.00552
3.717217
3.628945
3.781697
3.601004
3.008835
3.422441
4.359909
3.807168
3.431108
3.539602
3.641496
3.899792
3.001796
3.547275
3.254221
3.677827
3.880776
3.88467
4.120295
4.763427
4.150822
3.788773
3.632134
4.429857
3.363086
3.604511
3.49148
3.540667
3.41097
4.321671
3.118993
4.368984
3.369168
3.283538
2.985634
3.382523
3.105946
3.862317
2.958802
4.343097
2.928104
2.902835
3.583998
3.004866
3.492535
3.544703
3.259852
3.975055
3.844955
3.086282
3.505187
3.586661
3.021291
3.361982
3.475296
2.491488
3.35903
3.566999
3.531641
3.114785
2.974158
3.377589
2.85348
3.55555
3.408424
3.040798
2.603293
2.932719
2.894722
3.293431
3.085069
4.325392
3.363392
3.211281
3.527529
3.494917
3.004651
3.680651
4.32107
3.16309
4.486232
3.401508
3.844985
3.565721
3.679026
3.868512
3.081517
3.382061
3.861103
4.000609
2.682958
3.248241
3.720301
4.902681
2.933299
3.168359
3.573661
3.018051
3.4687
3.294727
3.908736
3.47708
3.677515
3.539687
3.729742
3.350522
2.983221
3.410773
2.906873
3.751479
3.508215
3.042314
3.116745
3.187784
2.819579
3.367315
2.648194
2.497412
3.27819
2.586348
2.413172
3.604877
3.099033
2.830949
3.420954
2.726444
2.867086
2.46523
3.150003
4.140972
3.55232
2.532096
3.273372
2.639139
2.216375
3.194112
2.799066
2.087469
3.016334
2.886311
2.258801
2.519893
1.964969
2.229735
2.064816
2.703659
2.353639
2.961202
3.01899
2.439525
3.310848
2.458858
2.957883
3.252742
2.776891
2.835779
2.528501
2.670247
3.062253
2.681011
3.727926
2.683863
2.296144
3.271387
3.411725
3.415281
2.953418
2.899716
3.168239
3.800653
3.446067
2.905902
3.097799
3.052966
3.450508
3.840241
2.887857
2.973428
3.618473
2.922629
3.437736
2.89567
2.842986
2.748504
2.533151
2.617134
3.404851
2.502547
2.492675
2.847333
3.386165
2.646115
3.279229
2.977609
3.059089
2.83432
3.488446
2.979532
2.343014
2.374658
3.025498
3.502176
2.573862
3.410182
3.496693
3.184049
2.761759
3.12741
2.726656
2.495603
2.933887
3.056672
2.464799
3.279622
3.536263
3.182517
2.904031
3.557342
3.19276
2.281696
2.968922
2.622341
3.769268
3.413476
3.234051
3.102082
2.646169
3.13853
4.132541
3.484596
3.251761
3.446697
3.735979
2.890464
4.301603
3.117292
3.251886
3.202264
3.373564
3.048081
3.493101
3.238268
4.08457
3.971754
3.269549
3.416343
3.489499
3.472742
3.006264
3.611162
3.04183
3.140189
2.89254
3.845973
3.325939
3.309062
4.008784
2.859191
3.850075
2.625411
3.194941
2.451331
2.427713
3.037432
3.149363
3.305805
2.65052
2.583847
2.865851
3.507627
3.082506
2.860813
3.377718
2.858942
3.697405
3.174834
3.049772
2.682537
3.627502
3.812514
2.872928
3.391032
2.800474
3.780714
2.970153
3.593196
4.049353
3.547005
3.514413
3.512415
3.139098
3.167417
3.698992
3.592354
2.823917
3.692893
3.139803
3.33711
4.354297
2.698029
3.5155
3.687904
3.389291
3.31152
4.244708
3.777173
3.573678
2.882816
3.322733
2.881826
3.391318
2.768319
3.32005
2.970297
2.950713
3.214665
3.389318
3.665272
3.190614
3.836369
3.297866
3.079609
3.372127
3.487304
3.81864
3.385773
3.404086
3.083345
3.715627
3.347921
2.918593
2.820399
3.518272
3.479079
3.572715
3.349885
3.207555
3.907078
3.411584
3.175471
3.525661
3.20457
3.509554
3.335312
3.782998
3.073766
3.408242
3.231303
2.900493
3.228986
3.601839
3.530685
2.974734
2.958852
3.334508
3.465644
2.904898
3.45456
2.952346
4.186384
3.428548
3.803324
3.25102
3.466012
3.403387
2.801292
4.53815
3.293196
2.854036
3.653688
2.493602
3.041781
2.798395
4.042188
2.554574
3.181343
3.427809
3.254251
3.458155
3.892343
4.202576
3.491774
3.556947
3.843397
3.415864
4.46011
3.710224
3.530367
3.606516
3.626833
3.506341
3.704056
3.3767
3.854709
4.294954
3.712766
3.836549
3.339143
3.993873
3.939925
3.456081
3.205172
3.139872
3.899656
3.749838
3.737159
2.85495
3.380606
3.564816
3.574455
3.997542
3.934132
3.333661
3.225391
3.355397
2.600113
3.263505
3.653685
3.528245
2.98591
3.247049
2.575651
2.907163
2.887813
3.319469
3.466387
3.52204
3.502406
2.98521
3.452763
3.348526
3.639702
3.366293
4.246455
3.11298
2.846019
4.24435
2.742624
2.988218
3.690289
2.906914
3.395384
3.229135
4.100318
3.941314
4.627571
3.00106
3.488282
2.880708
3.330325
3.534827
3.545197
3.803579
3.536535
3.907495
3.335248
3.690041
3.374264
3.678405
3.905777
4.032544
3.558091
3.30229
3.546583
2.518492
3.418403
3.847777
4.178957
3.098988
3.790584
3.358327
2.828525
3.40484
3.132129
3.082647
3.131329
4.186977
3.400892
3.109317
2.983549
3.182826
2.837854
2.575907
3.052343
3.270746
4.122409
3.284486
3.586658
3.65497
3.89682
3.960707
3.41583
3.166677
3.446082
3.383383
2.803959
4.506899
2.807704
3.764507
3.710393
3.484671
3.606306
3.795385
3.504057
3.484348
3.666414
3.355665
3.254491
3.731584
3.477317
3.621165
4.140941
3.880781
4.519933
3.434619
3.827502
3.364578
4.364356
3.859888
4.307081
4.224091
4.175316
4.079594
3.615872
3.861191
3.775332
2.976794
3.528473
2.950136
3.278328
4.015147
3.711836
3.394214
3.292438
4.155125
3.531313
3.517205
3.200245
3.920877
3.279113
3.158145
3.309956
3.557713
3.945141
3.981109
4.348848
4.643002
4.141188
4.183752
4.061012
3.514494
3.710203
3.212664
3.757503
3.080775
3.858552
4.33241
3.645225
3.580895
3.923507
3.026333
4.339646
3.778714
3.472276
3.084193
4.13885
4.494073
2.61702
3.203711
3.166214
3.210916
3.46945
3.569304
3.327079
3.695827
3.567207
4.217858
3.326792
3.111463
3.444211
3.370211
3.474321
4.263831
3.598558
3.702521
4.170248
3.951682
3.319097
3.427819
3.669603
3.625823
3.548351
3.657234
3.647043
4.228827
3.670577
3.255835
3.253072
3.987972
3.118673
3.931261
3.565415
3.628157
3.606173
3.454091
3.442959
3.479248
3.328149
2.919639
2.916882
2.957648
4.201317
3.273308
3.458809
3.696164
2.921284
3.677919
3.090694
3.69509
4.001056
2.837767
4.217596
3.054968
2.936068
3.403884
2.708032
3.190901
4.306935
3.98396
2.568195
2.917084
3.592341
2.75468
2.893838
3.469299
2.824409
3.810223
3.007922
3.661715
3.367629
2.891798
3.469921
3.346899
3.331823
3.876781
2.949141
3.985754
3.896915
3.298419
3.410231
3.650999
3.828026
3.561741
3.046999
3.820903
3.681188
3.557987
3.603247
3.725891
3.627448
4.270124
2.937562
4.187792
3.635773
3.844727
4.256066
4.538307
3.50494
3.777625
3.452572
3.994548
3.635141
3.574439
3.955542
3.175115
3.694297
3.500873
3.898115
3.711018
3.896415
4.433042
3.393829
3.824903
3.799166
3.103181
4.488062
3.368519
4.282771
4.126725
3.475387
3.742258
3.734407
3.411332
3.817556
2.915312
4.134953
3.37524
3.898756
3.102578
4.194713
4.415212
4.899452
3.235952
4.034258
3.633407
4.139643
3.452743
4.552424
3.827245
3.682318
3.29818
3.951636
3.96295
3.184311
3.653415
2.919205
3.511268
3.756219
3.458595
3.130332
3.510925
3.730335
3.28809
3.366675
3.583301
3.149957
3.604824
3.577536
3.099028
3.424217
4.427265
3.492543
4.656028
3.706342
3.246192
3.462362
3.124973
3.610566
2.953282
3.819444
2.997806
3.690665
3.03983
3.72916
3.774747
3.82411
3.184225
3.809958
2.936583
3.751652
3.009253
2.624135
2.873175
2.736568
3.495897
2.386326
3.746559
3.003164
3.129079
3.749237
3.078431
2.942518
4.273477
3.028029
3.242879
3.868328
3.718431
3.604377
3.524086
3.266691
3.512788
4.176911
3.782458
3.315086
3.105084
3.975292
3.176254
3.066845
3.478248
2.695824
3.148618
2.63894
2.836822
2.957156
3.312817
3.32711
3.348377
3.299614
3.402975
3.329371
2.792787
2.861133
2.910359
3.189827
3.455566
3.25844
3.192737
3.277193
3.61898
3.651983
2.949577
3.331315
3.217177
3.758139
3.168177
2.962138
3.446725
2.952487
2.785124
3.369031
3.31472
3.288865
3.031958
3.418301
3.407699
2.98507
2.761919
4.111681
3.34331
3.133095
2.87746
3.670108
3.173931
3.164713
4.154689
3.647935
3.228402
3.352935
3.347261
3.995884
3.086355
2.941078
3.481451
3.508279
3.673191
4.108304
3.330589
3.391903
3.529685
3.909144
3.028445
3.62401
3.498149
3.480001
3.324017
3.333083
3.299344
3.800861
3.143243
3.006665
4.047565
3.088856
3.339179
3.108895
2.94464
2.841839
2.888084
4.295307
3.546729
2.537204
3.599329
2.362332
3.414525
3.059274
3.102194
2.952549
3.380833
3.047397
2.772785
3.400529
3.176603
2.836769
2.681414
3.05893
3.021714
4.037445
2.847885
2.851114
3.434983
3.087659
3.634473
2.931132
3.748459
2.86469
3.279147
3.742925
3.330696
3.061631
3.129476
3.168273
2.864687
3.082238
3.439064
3.259859
2.807472
3.500819
3.820064
2.962463
3.223851
3.738688
3.28894
3.574812
3.169445
3.522606
3.123866
3.155998
3.351417
4.030317
3.382285
3.345236
2.940417
4.337352
3.012917
3.078678
3.309934
3.052384
2.596487
3.991399
2.669174
3.333795
3.115774
3.877924
3.515788
2.856059
3.235071
2.816707
3.213559
3.456645
2.612075
3.185202
2.943852
3.450362
2.829159
3.851108
3.999088
3.777626
3.095962
3.473397
3.385979
3.706827
3.351051
3.951177
4.011102
3.117331
3.306595
3.568308
3.224084
5.02749
3.70499
3.272098
3.568629
4.056912
3.599958
3.60167
3.572739
3.734961
2.765826
3.151354
2.66653
4.426529
3.341209
3.73999
3.391295
3.618062
2.924974
4.540142
2.974977
3.051635
2.831643
3.496522
3.418287
2.79352
2.932322
3.290584
3.117604
3.163309
3.189225
3.858404
3.20928
3.636884
4.384831
3.857348
3.555215
3.983128
4.054986
3.498497
3.516912
4.128801
4.074649
5.296788
3.365827
3.76438
4.398584
3.783383
2.812401
4.490213
3.667395
3.525735
3.431767
3.765729
4.193355
3.114943
4.192248
4.311241
3.164332
3.098642
3.219649
3.279423
3.749601
3.508318
3.816909
4.131595
4.221771
3.491963
3.931114
3.165051
4.376144
4.222329
4.161884
3.490327
3.982481
3.746363
3.656385
3.515776
4.181421
4.572783
3.468423
3.436097
2.877092
3.388397
3.180993
3.285984
3.907276
3.389832
3.986041
4.227325
3.224686
3.830281
4.228204
3.348982
4.70016
4.473634
4.650497
3.594867
3.637198
4.073962
4.383088
4.579145
3.785734
4.123811
4.870662
4.321638
4.195252
3.589719
3.65091
4.046231
4.131942
3.01134
3.972812
3.017212
4.116935
3.829102
4.519219
3.454256
4.342357
3.417037
2.924199
4.167644
4.606313
3.509009
3.909033
4.109279
3.179073
2.82859
3.06216
3.396343
3.123788
2.905537
3.184061
3.085461
2.973532
3.036017
3.134912
3.957692
3.207874
3.657391
4.092332
4.171546
4.005528
3.687413
4.561645
3.720113
3.741565
3.359892
4.196818
3.572766
5.024497
3.783647
3.524033
3.762786
4.955947
4.148707
3.555654
4.661924
3.467937
3.86283
4.947279
3.177053
3.649283
3.770642
3.96444
3.907445
3.945529
4.052732
3.273844
3.298705
3.909079
2.749132
3.549669
3.795431
3.26636
3.319648
3.713669
2.907625
3.844154
3.530008
3.298616
3.846749
3.06131
3.474954
3.944685
3.272318
3.589675
3.729333
3.392996
4.094065
3.486951
3.468803
2.940061
3.4836
3.848715
3.352579
3.083306
2.758027
4.334139
3.432527
3.59633
3.636686
3.390922
2.802511
3.53449
3.166375
3.197544
2.973666
3.143711
4.223
3.879051
3.659523
3.155919
3.751107
2.97939
3.467197
3.210936
3.336417
3.683831
3.036623
3.142103
4.080229
2.76146
3.581287
3.246409
3.779916
3.212018
3.805886
3.670043
2.999139
2.729682
2.890348
2.965959
2.684742
3.504809
3.302546
3.457278
3.050452
3.240245
3.452217
3.461919
3.177972
2.542608
2.532125
2.304566
3.411077
3.396102
2.683151
3.483252
3.262588
4.02493
2.844504
3.133208
3.209073
3.190065
2.965049
3.373193
4.348002
3.017631
3.547862
3.665418
2.898143
2.825751
4.457567
4.102156
3.869775
3.998781
4.16888
3.652193
3.494205
3.588718
2.884342
3.627599
2.924971
3.217426
3.100792
3.413831
3.479313
3.748333
3.051531
2.867303
2.780958
3.421595
2.206405
2.719946
2.782937
2.226418
3.425785
2.836542
3.100367
3.282855
2.844296
2.895704
3.387376
3.558023
4.100995
3.116549
2.956913
3.130312
3.270239
2.992293
3.340365
3.338933
2.872113
3.408701
4.380285
2.828857
3.495383
3.216474
3.731187
3.513279
3.651636
3.873581
3.963277
3.425255
3.393015
3.335129
3.914478
3.126541
3.389514
3.47922
3.739722
3.53727
3.809251
3.760779
3.58073
2.826798
3.111676
2.813031
3.244985
2.505419
3.274403
3.409947
2.641496
3.66992
3.675984
2.923777
3.057173
3.060303
2.738241
3.772446
2.919283
3.603806
3.235531
3.074317
3.540004
3.066881
2.968655
3.057843
3.92289
3.195671
3.121424
3.792083
3.917192
2.632703
3.423755
3.489862
3.660887
3.626312
3.03897
2.798085
2.674996
3.143927
3.879703
3.578417
3.288971
2.711301
3.154561
2.763823
2.806416
3.557759
3.121716
3.817636
2.731381
3.041796
2.821143
3.083061
3.084404
3.6167
4.041025
2.90609
3.595862
2.788328
3.072262
3.302599
2.860126
2.823838
3.048891
3.121348
3.101518
4.556864
2.854983
4.427988
3.277985
3.02724
3.265055
3.6536
3.123627
3.555657
3.860276
3.602136
2.930713
2.714901
2.274379
2.858457
3.540334
3.589695
3.212927
3.767208
3.53741
3.433547
3.59832
2.944823
3.294007
3.474799
2.918407
3.699604
3.419328
3.250786
3.278471
2.789971
3.414021
3.346231
3.500604
3.55298
2.897728
2.629487
3.620925
2.7082
3.359902
2.753677
2.943784
2.220595
2.695752
3.347376
2.475165
2.751959
2.730789
3.338446
2.387878
2.809155
2.64391
3.511
3.015333
3.304985
3.156385
2.819344
2.907096
2.835046
2.306087
2.742783
2.870878
3.050715
3.0318
2.79934
3.13791
3.123393
2.44332
2.452543
2.300217
2.627718
3.514565
1.997611
3.311845
2.330452
3.65807
3.676142
3.451996
2.503725
2.521981
3.077426
2.622122
3.626676
3.315463
3.25212
2.052075
2.979151
2.584728
2.921692
3.008608
3.241718
2.910316
4.021026
3.787861
3.21724
3.83012
2.542623
2.889396
2.944176
2.357107
3.170002
2.536107
2.796102
2.846321
3.156901
3.287609
2.499527
3.439487
3.629555
2.897629
4.36072
3.895135
3.321516
3.194294
3.10183
3.669176
3.920536
2.661736
2.489067
3.429345
2.827111
2.623921
2.768985
3.560568
3.401517
3.022906
2.985672
2.829648
3.401087
3.320938
3.657004
2.662393
2.650837
3.785108
3.442261
3.028433
3.199369
2.888377
3.603073
3.588849
3.288956
3.43786
3.328342
3.284808
3.711471
3.614616
4.110133
3.50104
3.281876
3.491727
3.827888
2.9698
3.07938
3.298182
2.979457
4.333672
3.587353
3.688643
3.670497
3.224826
3.845684
3.428778
3.215132
3.889987
3.687399
3.590216
3.314014
3.937532
2.860601
3.663517
3.199556
3.766217
3.757422
3.464925
3.790567
3.435388
3.40324
3.397075
4.156364
3.543952
3.898814
3.620874
3.724876
3.234046
3.747486
3.404112
3.395127
4.359591
3.627679
3.966441
3.746386
3.43448
3.661622
3.833471
3.079716
3.517408
3.692057
4.258344
3.753602
3.702132
3.418959
4.90902
3.605934
4.92811
3.58615
4.071545
4.244449
4.158647
3.464461
3.511766
4.216832
3.758638
4.258443
3.371418
4.058739
3.968161
4.549716
3.605516
3.206057
3.497956
4.298791
4.185956
3.531123
3.26287
4.090172
4.158519
4.367326
4.223046
3.103459
3.881666
3.679618
2.948543
3.831483
3.398446
3.291289
3.614333
3.334965
3.478036
3.310124
3.224371
3.321017
3.569804
3.333939
3.568458
3.413061
3.30377
2.627429
4.006125
4.404255
3.542665
3.111126
3.479875
2.861903
3.311942
3.704195
3.461329
3.555639
3.386293
3.232134
3.054942
2.844133
3.008092
3.08596
2.995123
3.534784
3.736119
2.935972
3.277784
2.961634
4.198193
3.642833
2.960207
3.165657
3.310452
2.954704
3.194839
4.197895
3.019794
3.090696
2.976092
2.872363
3.087767
2.564472
3.496036
2.231443
4.493836
3.69684
2.991473
2.925708
3.712749
3.461667
4.005454
3.253921
3.499028
3.319705
4.149935
3.840346
3.012245
3.050582
2.827434
4.049853
3.643876
3.639088
3.915675
3.307683
4.212421
3.370216
3.340988
4.01958
3.438497
3.516049
4.912924
3.854243
3.376213
3.780268
3.545385
4.000016
3.847075
3.207528
4.38047
3.871988
3.147224
4.059254
3.346412
3.463136
3.060178
3.174882
3.914309
3.899693
4.780503
4.390829
3.25674
3.829158
3.162957
3.40678
3.328984
3.422347
3.368005
3.525603
3.761827
3.260494
3.861081
3.205298
3.567367
3.203476
3.567726
3.379364
3.741774
3.585218
4.248496
3.110844
3.917493
3.16859
3.703173
3.507388
3.398222
3.746661
3.002637
3.572192
3.053379
3.902615
3.655581
3.423685
3.440875
3.819777
3.710594
2.987223
3.407688
3.092227
3.324516
3.08601
3.801142
3.797946
4.033661
3.935832
3.302368
3.516966
3.300922
3.822293
3.135691
3.542558
4.026727
4.144626
3.975032
3.297293
3.46944
4.125166
3.163976
3.345728
3.354767
3.013366
3.332744
3.837383
2.998127
3.770222
3.416673
3.337201
2.981485
2.88588
3.108707
3.067255
3.294357
3.340289
3.870354
3.464991
3.566782
3.692888
3.155033
3.457869
3.453841
3.699712
3.664863
3.863656
3.797001
4.057157
4.003087
3.853882
3.603568
4.188627
3.575326
3.144748
4.093743
3.516022
3.529866
3.845751
3.277412
3.613196
3.453583
3.700473
3.53504
3.250363
4.320627
3.887085
3.139663
3.523791
3.747303
2.939836
3.170735
3.0773
2.976061
3.105444
2.977072
3.211612
3.256881
3.736114
2.982201
3.012137
2.776673
3.126776
3.647882
3.120171
3.664304
3.262409
3.229773
3.235819
3.443355
2.888421
3.366133
3.025768
3.892533
3.336595
3.247024
3.390251
4.270375
3.720319
3.00688
3.415226
4.246977
3.30011
3.694358
4.577893
2.924072
4.002574
3.341688
3.814558
3.521414
3.191493
3.337418
2.683516
3.45186
3.304221
3.315243
3.057646
3.914669
2.826415
2.836603
3.276624
3.194504
2.802168
3.652559
3.158693
2.882453
2.859239
3.493084
3.123725
4.133769
3.127635
3.099954
2.805228
3.25945
3.230204
3.135742
2.682567
3.52439
3.232989
3.124171
3.448295
2.971344
3.692452
2.849144
2.877941
4.528942
3.611295
3.580495
3.25608
2.834175
3.552557
3.807009
3.660948
3.383294
3.822563
3.199566
3.447189
3.22593
3.491889
3.187237
3.197711
4.195099
3.315338
4.38227
4.174619
3.612325
3.264186
2.934982
2.873503
4.387212
3.435555
3.746172
3.719325
3.428868
3.123302
3.145944
3.004375
3.680239
2.869823
3.081867
3.243807
3.700362
3.936817
2.772382
2.990179
3.300648
3.843666
3.517991
2.770828
2.635587
2.608143
3.09808
3.616314
3.465402
3.375087
3.308185
3.725455
3.519971
3.52499
2.696947
3.31882
4.244006
3.574346
3.745902
2.950364
2.978877
3.089592
2.849031
3.739331
3.632476
3.160646
3.117456
3.587429
2.89633
3.576588
3.12825
2.902538
2.53039
3.119069
2.686891
3.71317
3.856072
2.786289
3.514639
4.329884
3.325989
3.542699
3.555402
3.046183
3.248156
3.249658
2.549582
2.917638
3.047129
3.257447
2.65449
2.57447
2.676666
3.177013
3.241702
3.216309
2.43686
2.340659
2.455966
2.529778
2.295083
2.744552
2.372036
2.598863
2.258669
2.542914
2.54103
2.679558
2.167106
2.952634
2.970466
2.135337
2.665434
3.028239
2.662818
2.444091
3.120639
3.043861
2.16303
2.638471
2.747927
2.789255
2.360165
3.087092
2.449099
3.191353
3.045354
2.926819
2.302979
3.502202
3.260508
3.875618
2.426852
2.914025
3.528902
3.327751
3.857471
3.242578
3.192675
3.319091
2.789318
3.212622
3.857819
2.987887
3.404069
3.24663
3.144441
3.275864
2.761498
2.587248
2.993251
2.954643
3.40241
3.775286
2.778932
3.780821
2.32942
3.001578
2.825383
2.479043
3.408712
3.326097
3.599291
3.071245
3.178969
4.094032
3.112565
2.968889
3.716646
4.362272
3.665292
4.274754
3.266931
3.308434
3.283411
2.157765
3.199661
3.169233
3.269357
2.939055
3.337788
3.004466
3.54331
2.726234
2.876733
2.475207
3.354507
3.026169
2.841577
2.326787
3.239854
3.600082
3.864347
3.796849
3.185374
3.118275
2.903085
4.135791
3.519308
3.452553
2.862603
3.251166
3.646769
3.654239
3.7893
5.399371
3.030405
3.854646
3.50848
3.283496
2.63961
2.940778
2.964828
3.900561
4.215387
3.299481
3.864451
3.838126
3.138224
4.022239
4.356093
3.609147
3.601444
3.756826
3.842249
4.542539
3.70766
3.635349
3.947748
4.490284
4.602288
3.825344
4.180705
4.431121
4.057403
4.359589
3.688118
3.602282
5.216474
3.767057
3.29723
3.507699
3.498096
3.796178
4.230876
3.648024
3.92361
3.463497
3.666594
4.272108
4.132427
4.234336
4.096866
3.211442
3.133303
3.874414
3.43104
3.547543
3.722317
4.294234
3.453751
3.604818
3.267151
3.097842
3.73825
3.584439
3.431692
2.775265
3.024733
3.59692
3.24439
3.748359
2.874297
4.449978
2.816023
3.656828
3.753825
4.173632
3.136828
2.9817
2.677732
3.789201
3.33866
3.021715
3.033129
3.571798
2.89688
3.335595
3.258347
3.053586
3.049063
2.816316
3.485136
3.947782
2.983662
2.987486
4.522719
3.385076
3.052591
2.755445
3.152827
3.553514
3.759134
3.743759
3.184628
2.552225
3.671683
3.006308
3.000532
3.40021
3.010419
3.68532
3.833791
3.700722
3.042419
2.936812
2.972504
2.582248
3.421919
3.61932
3.595258
3.152248
3.807956
3.42268
2.907509
3.618303
3.651845
3.143206
3.42344
2.780991
3.470812
3.137506
3.638
4.294571
2.390042
3.741509
3.083257
3.850038
3.666024
3.084571
4.124075
4.20309
4.116641
3.18017
3.593045
3.577692
3.465058
3.11534
3.207103
3.308068
4.091041
3.44349
3.201896
2.727707
3.421709
3.657884
3.331128
2.980668
3.939193
2.493624
3.101147
3.494433
3.448996
3.299286
3.202586
3.275681
3.186895
3.530485
3.253405
2.919527
2.608612
3.133983
2.89246
3.330969
3.544381
2.672206
2.673634
2.801736
3.39475
2.808555
3.386982
2.875578
3.19261
2.41861
3.393098
3.271711
2.528558
2.402946
3.420883
2.896794
3.262036
3.477944
2.346159
3.308889
3.117755
2.748577
3.772753
3.173718
3.134766
3.158106
2.826756
3.129032
2.860899
3.131688
2.878599
3.162403
3.190303
3.001524
3.089426
3.635591
3.725908
3.221601
3.033564
2.913568
3.037487
3.605934
3.287597
2.961715
3.277225
3.798792
3.347627
3.417584
3.274885
2.646658
2.812158
3.476796
3.36634
3.009657
3.007784
3.288803
2.720614
2.690207
2.488745
2.409582
2.668341
2.973097
3.392694
2.772883
2.809552
3.065453
2.627468
3.138604
2.993143
3.186835
2.891235
2.846585
2.655335
3.963627
3.296763
3.345088
2.762581
3.632486
2.906349
2.721095
3.355733
3.086033
3.3931
3.536201
3.217049
3.71534
3.805598
2.948942
3.222345
2.964817
3.76832
3.581598
3.53439
3.174171
3.354878
3.36573
3.688173
3.997219
3.484112
2.712334
3.231625
2.745306
3.573256
2.799643
3.400859
3.502353
3.105337
4.093974
3.406992
3.351203
3.007841
3.363044
3.565243
3.134652
3.465313
2.624375
3.332501
3.403413
2.649815
3.47774
2.581598
2.967589
2.745394
3.458138
3.459234
3.808819
3.176639
2.683329
3.189802
2.920914
2.332998
2.94732
3.419379
2.965666
2.881668
2.851425
2.872743
3.085876
3.310072
3.215118
3.30633
2.886167
3.421939
3.1866
3.12086
2.929573
3.686704
2.829492
3.48244
4.78412
3.731999
3.715626
2.923355
3.689249
3.653531
3.755178
3.272378
4.104138
3.442956
3.724592
3.464008
4.206339
3.331816
3.600528
3.935062
3.723704
3.18492
3.252176
3.559263
3.757643
4.562181
3.110239
3.306835
3.339238
3.594703
3.840492
3.170701
3.6296
4.022062
4.269427
3.449931
4.164048
4.347062
4.168409
3.988698
4.179902
2.78603
4.025963
3.480667
3.628145
4.269803
3.515891
3.891635
4.6092
3.746694
4.479423
3.721177
3.659377
4.064737
3.91635
3.452142
3.916546
4.227456
3.43057
4.518334
3.293086
3.540812
3.17472
4.068621
3.81118
3.890038
3.744066
3.275186
3.375083
3.394967
5.164942
3.695043
3.628174
3.754772
4.433551
4.282354
3.837665
3.552622
3.775603
3.774276
4.595725
4.016648
3.501809
3.668101
4.616084
4.720971
3.945014
4.709371
3.692773
3.980572
4.558734
4.630568
4.276345
4.13768
4.181231
3.632005
4.223897
3.911603
4.131991
3.818477
3.580788
4.003002
4.355596
4.21716
3.800514
4.02277
3.479364
3.548522
3.208689
3.758761
3.429392
3.491138
3.627254
4.155608
4.186269
3.915474
4.400311
3.628801
4.341151
4.210171
3.628332
3.715982
4.673178
3.992935
4.434424
3.422849
4.19829
4.77918
3.357144
4.711871
4.051771
4.294246
4.10694
4.061656
4.011366
4.391409
4.253975
4.57649
3.614842
3.330172
3.420848
3.218935
3.224022
3.380016
3.792934
3.706512
4.345279
2.71183
2.959834
3.23505
3.918289
3.650201
2.915279
3.730784
2.957659
3.481082
3.120638
3.609828
3.423287
3.337473
2.948277
3.602959
3.708029
4.061292
3.168861
3.071808
2.88564
2.946336
3.6334
4.616402
3.480264
3.126714
3.531609
3.646365
2.940125
3.414151
3.671409
3.435053
3.114576
2.674306
3.739206
3.318237
3.073771
3.116902
2.677579
3.559711
2.984723
3.624404
3.486767
3.15723
3.77379
4.158934
3.012193
3.090562
3.433143
3.835105
3.143144
4.743303
4.424623
3.962402
4.138366
3.987045
3.202027
3.258571
3.828087
2.804883
3.498888
3.34008
3.398804
3.136613
3.329118
2.692349
3.749767
3.536709
3.888041
3.261522
3.961362
3.327965
3.475229
3.495341
2.781978
3.171813
3.788792
3.498838
3.470543
3.448111
2.847797
3.702643
3.505244
3.730985
3.821779
2.869464
3.485
3.535606
2.670284
3.766505
3.255397
3.401786
3.269806
3.622972
3.599498
3.647044
3.453694
3.565152
3.343256
3.53796
3.147269
2.567684
3.496799
2.938982
3.086233
2.874237
3.166488
3.133281
2.908013
3.58062
3.18457
2.645962
2.851411
3.483892
2.940548
4.340894
3.242385
3.139984
2.950699
3.040237
3.227886
2.84204
2.628014
2.758285
2.871337
3.103756
2.828415
2.770966
2.400181
2.410508
3.656739
2.608265
4.216755
2.452999
2.880661
2.594495
3.296158
3.527921
3.790878
3.367286
3.61809
2.556355
3.073873
3.623906
3.635759
3.509117
3.29157
4.232693
3.752387
3.089322
2.786486
2.346311
3.649466
3.496799
3.081286
3.38826
2.800618
3.834514
3.249244
3.423456
3.065851
3.234965
3.303574
2.758515
2.733874
3.050303
2.867866
2.825913
2.556375
3.03148
3.481958
2.93168
3.335796
1.839955
2.800713
4.121292
3.278936
2.796279
2.955168
3.901815
3.536764
2.88792
2.625574
3.61517
3.158623
3.634672
3.147796
3.323058
3.030426
3.406547
3.859635
3.219786
2.70829
3.486456
3.834762
4.121754
3.533246
3.861633
4.352192
3.51814
2.938704
3.557994
3.61839
3.652574
2.676301
3.419414
3.64742
3.112467
3.729391
3.390726
3.50523
3.593859
3.365692
3.017926
3.269857
3.537258
2.920213
3.209199
3.218373
2.901658
2.830724
2.817442
3.53814
3.69324
3.216106
3.121889
3.064047
3.231172
3.969801
3.888364
3.494581
3.126073
4.096678
3.158501
2.893375
3.571278
4.09208
3.594794
4.044992
3.249564
3.526515
3.08386
3.196652
3.775318
3.306352
3.260759
3.360898
4.275752
3.579712
3.678698
2.768203
3.629487
2.816312
2.572097
3.371933
2.82848
3.480472
3.683509
3.638008
3.004301
3.395842
3.055618
3.254819
3.715574
3.408581
3.649752
3.249931
3.687173
3.719038
3.292703
3.291003
3.096734
3.536976
3.366009
3.209805
3.171791
3.657835
3.324537
3.879554
4.294025
3.23677
3.754274
3.446295
3.129649
3.812631
3.55077
3.261822
3.130982
3.122634
3.512782
4.065311
3.517119
3.517256
4.054164
3.690275
3.850093
3.673136
3.24341
3.85033
3.868711
4.290152
2.721011
3.338101
3.064379
3.213069
3.183401
3.672797
3.333743
4.411259
4.791266
4.200227
3.15956
3.848712
4.174658
3.520375
4.060458
3.534981
3.517873
3.815084
3.303552
3.088551
3.533591
3.138716
3.152327
3.525532
3.516151
2.809061
3.340828
3.053082
3.345583
3.210394
3.074238
2.998193
3.814639
3.134061
3.001353
3.415246
2.734007
3.919814
2.959528
2.984755
3.872694
3.45535
3.012134
3.042812
3.810254
2.754257
2.97703
3.635178
1.978857
2.807881
3.042115
2.746799
2.738941
2.996716
3.149166
2.685797
2.875719
2.602714
2.400722
2.697601
2.476853
2.834644
3.615299
2.769186
2.40943
2.906173
3.646552
2.602242
2.459592
2.705727
2.470256
2.450162
3.866067
2.630174
2.942263
2.835726
3.02076
2.862642
3.163619
3.237113
3.168929
3.482448
3.307907
3.289824
3.264137
2.594135
2.570842
2.487076
3.327259
2.511898
3.401664
3.13284
3.479741
2.794997
3.667138
2.801988
3.39921
2.228019
2.650728
2.764614
2.830077
2.613513
2.137156
3.400156
2.599896
3.024072
2.548687
2.961326
2.741043
2.883764
3.209433
2.709686
2.156795
2.362462
2.765833
2.632024
2.429424
3.518323
2.302502
3.055258
3.205412
2.400876
2.178035
3.208392
2.629983
2.408593
3.257893
2.661513
2.609796
3.106463
2.631625
2.86465
2.723861
3.418532
3.111661
3.089204
2.511576
3.895079
3.006964
2.871062
3.677478
3.550204
3.150189
3.225293
3.830207
3.183854
3.326507
2.592286
2.650504
3.030382
2.685796
3.06408
2.685214
2.94274
3.038745
2.671244
2.720017
3.853597
2.515813
2.847649
3.828287
2.658341
3.726821
3.810636
3.863895
3.822193
2.957622
3.352674
3.197037
3.378935
4.034995
2.494725
3.181134
2.74607
3.200823
3.142016
2.51205
3.383214
3.24505
3.477466
3.007337
2.768427
2.853861
3.209848
2.791929
2.7017
3.704276
3.577074
2.660427
2.516101
3.35581
3.022453
3.387892
2.586858
2.464254
3.096774
3.570752
3.381462
3.575797
2.945326
2.651762
2.667779
2.478549
2.761882
2.346909
2.532231
3.092847
2.353665
2.800277
2.442569
3.417316
3.079584
2.719005
3.156708
2.780092
2.814695
2.619666
3.529761
3.43729
2.585934
2.759398
3.650998
3.677106
2.710865
3.584338
3.206414
4.086739
3.29626
3.910146
3.765945
4.40341
3.421141
3.23749
3.17997
3.389179
3.744814
4.15327
3.164097
2.897659
3.66547
2.955402
3.749519
3.338143
3.580243
4.245929
3.516615
2.981835
2.851838
3.785511
3.002968
3.722847
3.674517
3.200772
3.172725
3.847531
3.962177
3.174365
3.434148
3.252576
4.040887
3.923506
3.873386
3.767491
4.108252
3.09962
4.014844
3.175691
3.596651
3.277574
3.365013
3.539926
3.172924
3.488449
3.860511
3.064462
3.093526
2.987123
3.552382
3.243612
2.826521
3.04673
3.270253
3.170676
3.393546
2.398385
3.285023
3.476768
2.822887
2.507388
3.36259
2.661159
3.125731
2.786395
2.358526
2.981515
2.625834
3.051191
3.12738
2.185604
2.351648
3.290934
2.38478
2.477795
2.835797
2.723139
2.88506
2.196536
2.360227
2.694623
2.334833
4.200297
2.366242
2.806676
2.501997
2.267354
2.445084
2.248547
2.614601
2.002558
2.630972
1.639558
1.682207
2.198857
2.581881
2.609545
2.53236
2.505496
2.458165
2.42661
2.662451
2.396584
2.585732
2.609198
2.694839
2.280229
2.696147
2.237635
2.646708
2.14961
2.054395
2.777622
2.45887
2.968262
1.854292
2.059444
1.80379
2.225698
2.585903
2.421817
2.503076
2.042553
2.685444
2.415148
2.268605
1.63867
2.046253
1.904844
2.716197
2.757368
2.027867
2.773812
2.888861
2.449843
2.959518
3.039325
2.803919
2.644182
3.453406
2.446819
2.639557
3.612999
2.84062
3.276272
2.683495
2.48224
3.026187
3.217012
4.144133
2.413689
2.980964
3.365089
2.563235
2.892459
2.681706
2.797445
2.685997
2.345862
3.153526
3.718348
3.65004
3.65146
3.545953
2.834745
3.220541
2.921536
3.445666
4.018023
3.673747
3.66765
3.37162
3.040166
3.338856
3.386544
3.075884
2.809917
2.670631
3.906502
3.216644
4.093692
3.177719
3.21493
3.236518
3.661767
3.229697
3.348029
3.331538
2.907336
2.572624
2.857693
4.138285
3.138368
3.21825
2.55195
3.119025
3.470423
3.442022
2.986977
2.788464
4.257563
3.315725
3.343418
3.860121
2.99376
3.445841
3.693361
3.117461
3.606922
3.37925
3.286994
2.850814
2.765928
3.546583
2.497907
2.636487
3.554977
3.664519
2.923145
3.239799
2.865279
3.679819
3.697652
2.985889
3.092371
3.204419
3.157666
3.33197
3.336821
3.131009
3.37581
4.453985
2.834981
2.907428
3.091601
4.111369
2.779888
4.04262
3.59475
3.931926
3.214374
3.111664
3.730269
3.373006
3.192637
2.85697
3.49346
3.245948
3.888922
3.753012
3.554182
3.399703
3.796479
3.864905
3.765558
3.565444
3.934418
3.788509
3.3398
3.872326
3.441362
3.480977
3.54709
3.001438
3.095795
3.868048
4.149864
3.337762
3.304881
4.313567
3.558284
2.74132
4.250417
4.480027
4.182881
2.922064
3.907779
3.384108
4.034607
3.668979
3.660067
4.104608
3.694318
3.965748
3.891086
3.812831
4.272093
3.443668
3.908339
3.534767
3.713674
4.075573
4.26059
3.837579
3.885882
4.839869
4.095861
3.990221
4.213222
3.749317
3.998152
4.363636
3.364166
3.801559
3.908965
3.715966
4.558025
4.732277
4.545395
4.202862
4.867492
3.969993
4.562346
3.436513
4.215556
4.015984
4.633458
4.25893
4.476819
3.467051
3.949852
4.197728
5.039642
3.137282
4.191778
4.366512
3.591463
3.973964
4.686496
3.917866
3.520503
4.005246
3.614866
3.599642
3.611138
3.709323
3.589461
3.706841
4.094675
4.532882
3.568634
3.874676
3.914585
4.871134
4.42902
3.50798
3.906162
4.635037
4.59159
3.314964
3.804824
4.290172
3.592608
4.656442
4.551932
4.979083
3.925735
3.784724
3.794269
3.999302
3.948688
3.920748
3.541964
3.787018
4.026667
4.333417
3.671488
4.470651
3.646433
3.912831
4.771913
3.707709
4.15604
4.052054
3.97101
4.260611
4.207129
3.548294
3.862213
3.921814
3.687242
5.245143
3.77944
2.73384
3.673782
3.869653
3.239421
3.316484
3.336694
4.189889
3.381776
3.668816
3.732098
3.276235
3.810846
3.704129
2.882673
3.902553
3.138187
3.501333
4.098755
4.235593
3.290284
3.607976
3.338893
3.94038
3.910976
3.364696
3.526187
3.543735
3.510905
3.787747
3.384142
3.683095
3.782853
3.564367
3.20583
3.085519
4.863592
4.170626
4.063852
3.419988
3.666967
4.383491
4.265127
3.423767
3.394153
3.002609
3.632297
3.660783
3.381453
3.931313
3.195513
3.372546
3.391391
3.666479
3.706531
4.360505
3.369179
3.348731
3.248043
3.190494
3.477353
3.3653
3.288478
3.459985
2.917437
3.963366
3.349393
3.526023
4.396706
3.926147
4.212153
3.454539
4.099921
2.946404
3.375147
3.92355
4.543281
4.208353
4.042741
3.755978
3.733539
5.246759
3.499033
3.979858
4.116729
4.48677
4.298447
3.291129
3.628191
3.68061
3.523711
3.14319
3.04879
4.215472
3.56993
3.8461
3.822231
3.92253
3.793602
