9.138025
9.793328
9.90969
9.604607
9.463251
10.0398
9.709152
9.575803
8.433406
8.208609
7.528994
7.228852
7.990786
7.148549
7.104623
4.945458
4.342905
5.074296
4.839911
4.627441
4.264389
4.254124
4.156149
5.637624
4.467674
5.088545
4.937801
5.545392
6.160416
6.005013
5.399466
5.369325
5.879633
5.809258
4.369415
4.09736
4.273691
4.27488
4.594027
3.449262
3.428845
3.371541
3.627671
2.195166
1.844032
0.6434019
1.42713
2.520581
2.315055
1.937759
1.501766
0.2803439
0.2731536
1.010945
-0.667515
-0.3786413
-1.382361
-1.539478
-2.484399
-2.052154
-2.736061
-3.301774
-3.632731
-3.065757
-3.499883
-3.410909
-3.159211
-3.568719
-4.24904
-4.310359
-3.741742
-3.896568
-2.99735
-3.301081
-4.322149
-3.370695
-2.975759
-2.262741
-3.247013
-5.053784
-4.449104
-4.484993
-3.500025
-4.797137
-4.762366
-3.738732
-3.905149
-4.089281
-3.139964
-2.231271
-1.073683
-1.106557
0.8818386
1.251118
1.603632
1.107744
0.6748248
0.6629442
1.552301
1.435517
1.946393
1.451606
0.5304733
0.8409165
1.124495
2.042673
2.547603
2.447039
1.474259
0.6299936
0.8715836
0.7412604
1.009965
0.442123
0.5762218
0.3601292
0.2623957
-1.071611
-1.234176
-1.166805
-2.078265
-1.323298
-0.08907713
1.383628
1.305485
0.2375971
-0.08885002
0.749852
0.1964285
0.8074492
0.6060492
0.2106749
-0.02919829
-0.9688731
-1.253251
-0.1519943
1.132084
1.861762
0.8101169
1.276409
1.205104
1.723656
1.08729
2.04177
2.617887
3.853395
3.465394
4.392419
4.294441
4.735669
4.447531
4.706557
4.5201
4.760572
3.982508
3.207859
3.219548
3.481004
3.910999
3.259315
2.403062
2.346539
0.3928
-0.0405335
0.011357
-0.4017134
-1.64839
-1.525809
-2.458631
-3.020824
-2.809154
-1.751436
-0.9083202
-0.05771615
1.647056
2.025161
0.6744972
0.5099663
-0.4961284
-1.169594
-1.193495
-2.012234
0.2528278
0.4046307
0.1367997
-0.03610037
-1.705836
-1.23344
-1.880103
-2.529225
-3.156416
-3.829836
-3.625992
-2.856465
-3.655765
-4.301123
-4.965338
-4.045377
-3.22187
-4.328233
-3.699153
-3.222481
-3.003263
-3.42965
-3.867357
-5.914226
-6.652915
-8.029553
-6.931455
-7.989317
-8.20958
-8.735535
-9.155673
-8.924148
-8.347696
-8.962971
-8.625137
-9.328776
-9.270594
-9.430023
-9.963119
-10.02612
-11.13994
-11.10171
-10.78756
-10.56598
-9.868605
-10.04486
-9.413505
-9.508365
-9.070828
-8.860699
-10.43289
-11.43321
-10.93892
-10.99083
-10.84393
-10.14449
-10.04959
-9.430266
-9.683947
-9.433586
-9.041126
-9.531968
-9.255015
-9.417036
-9.583903
-9.109585
-9.737633
-9.599412
-8.645542
-7.689513
-8.713814
-9.19576
-9.187344
-8.285855
-8.282878
-8.44783
-8.485243
-7.771092
-7.842145
-7.633204
-7.94682
-8.18606
-8.123217
-8.810852
-9.400643
-9.260174
-7.73874
-9.31671
-9.351449
-9.324922
-9.077775
-9.347331
-9.745616
-10.02385
-9.152547
-8.63218
-9.739298
-9.451822
-9.456336
-10.2388
-10.16438
-9.725963
-10.0013
-9.908793
-9.481671
-9.533047
-9.516208
-8.972072
-8.675497
-8.863253
-9.450527
-9.639915
-10.08858
-9.76448
-9.480094
-10.00781
-10.00606
-8.538125
-8.388472
-7.605192
-7.869348
-7.256255
-7.107296
-7.066859
-6.62278
-7.133343
-8.006622
-8.773058
-8.327195
-8.305556
-8.413227
-8.278046
-8.193709
-7.971386
-8.53242
-8.985466
-9.224802
-8.289547
-7.696199
-8.044767
-7.596301
-7.441831
-7.346518
-6.224702
-6.252683
-5.756178
-4.868064
-4.993795
-5.693386
-6.278999
-6.8196
-6.092757
-7.351163
-6.286567
-6.740949
-5.932418
-6.623737
-6.268757
-5.243151
-5.812787
-6.996212
-7.662857
-8.239026
-8.7586
-8.325451
-8.874639
-9.615885
-8.993888
-9.52241
-10.00848
-8.86315
-8.229979
-8.538274
-9.51073
-8.725785
-8.904499
-8.128717
-8.057749
-7.816073
-8.341548
-8.672174
-8.614825
-8.773825
-9.323279
-10.01214
-10.44598
-10.57228
-10.8534
-11.0101
-11.05942
-10.97098
-10.29063
-9.545882
-10.40604
-10.22663
-10.97643
-11.23922
-10.80248
-11.35887
-11.10877
-11.80621
-11.81437
-12.70203
-11.45365
-11.09125
-12.14655
-12.26444
-11.33389
-12.39961
-13.16754
-12.07558
-12.14342
-10.95714
-10.72083
-10.80968
-10.77229
-11.11795
-10.53144
-10.74911
-10.8345
-11.35026
-11.49034
-9.576
-8.750538
-8.571589
-8.43429
-8.433219
-8.875953
-9.052423
-8.753454
-8.988082
-9.197472
-9.785666
-10.02854
-9.605058
-9.763298
-9.33314
-10.97362
-10.86486
-11.73435
-12.45908
-12.23578
-11.74896
-10.80276
-10.5068
-9.92625
-10.10747
-10.62663
-10.96894
-9.778955
-9.365505
-8.898863
-9.334531
-9.055269
-9.589375
-9.652317
-10.284
-10.47584
-10.82684
-11.04987
-11.65451
-11.25956
-11.03072
-10.49966
-11.39284
-10.46195
-9.882052
-10.65492
-10.69131
-10.12309
-10.55104
-11.16723
-10.4959
-11.13337
-11.76867
-11.91696
-11.18607
-11.94656
-13.03808
-12.84045
-13.19234
-13.73604
-11.3854
-11.28213
-11.15194
-11.86015
-12.34441
-12.24407
-11.10587
-11.15057
-12.5657
-11.84046
-11.50899
-11.26501
-11.36593
-11.64312
-12.36968
-13.26393
-13.71796
-14.9676
-14.64761
-14.85385
-16.03103
-17.19907
-16.93332
-15.86822
-15.71987
-15.24048
-15.99064
-16.52619
-17.55755
-17.80039
-18.19093
-19.04166
-20.12377
-20.01396
-21.76151
-22.37419
-21.76391
-21.07035
-21.44302
-21.08838
-19.73059
-19.70241
-18.991
-19.34973
-20.41608
-18.53108
-18.94982
-19.50124
-19.43096
-18.56295
-18.86555
-18.30227
-17.69658
-17.72181
-17.24918
-18.45341
-19.19404
-19.56067
-20.61933
-19.6595
-20.04649
-18.76628
-19.33759
-17.45578
-16.41059
-17.11534
-16.85272
-17.60593
-17.97722
-16.70966
-16.99953
-16.93375
-17.1441
-17.98556
-18.18282
-18.30645
-19.11485
-17.90833
-17.08393
-17.33486
-18.19877
-18.79199
-19.79548
-19.42786
-19.93517
-20.64843
-20.60124
-21.32007
-20.62323
-20.99732
-22.20912
-21.23585
-20.404
-20.34251
-20.15989
-19.44082
-20.24504
-20.64716
-21.07967
-20.65341
-21.00001
-21.69032
-22.19794
-22.56435
-22.84457
-22.61657
-23.764
-25.17908
-25.40996
-24.38941
-24.69971
-23.69258
-23.39696
-23.67662
-22.30775
-20.88931
-19.76426
-19.25088
-18.84213
-19.59628
-20.63159
-21.57072
-21.54634
-21.77152
-20.96034
-20.62151
-21.10046
-22.09133
-22.6935
-23.00864
-24.51753
-25.11997
-24.57374
-23.77773
-22.95787
-23.72294
-22.49483
-21.95819
-22.26831
-23.14777
-20.83906
-21.67252
-21.59935
-21.264
-19.83186
-19.0242
-19.05189
-18.16736
-18.68009
-18.65667
-17.26997
-17.80744
-18.24883
-18.08766
-17.64923
-16.92904
-17.49543
-16.43238
-16.36793
-15.5352
-16.85102
-16.8081
-16.35355
-17.31018
-16.50115
-16.87115
-17.30783
-18.29451
-17.31177
-16.63794
-16.17642
-15.33046
-15.57395
-16.14367
-14.5489
-13.8027
-14.2534
-13.97155
-12.7051
-13.57772
-15.17383
-14.94756
-15.47069
-15.56364
-15.9825
-16.05159
-16.841
-16.53222
-16.51078
-16.8081
-16.3145
-16.91163
-17.79362
-19.07721
-18.87719
-18.40308
-17.98098
-19.35298
-19.41121
-19.99823
-19.38057
-20.34944
-20.46958
-18.86142
-18.61078
-18.05549
-16.94322
-17.42637
-18.343
-19.78743
-20.16674
-20.19629
-20.9798
-21.5765
-21.67561
-21.99037
-21.85648
-22.66111
-21.58674
-21.26491
-20.5416
-19.89134
-19.7901
-19.08043
-19.39534
-19.58645
-19.56472
-19.83226
-19.6015
-18.5206
-18.09371
-18.34703
-18.77278
-18.19934
-18.49284
-17.89875
-17.19808
-17.49932
-16.97694
-17.27684
-17.17552
-16.62179
-17.17611
-17.48702
-17.94093
-19.22151
-19.80686
-20.05912
-20.6062
-21.06302
-20.98617
-21.07105
-21.30631
-20.53389
-19.60282
-19.82243
-20.24002
-20.20663
-21.07795
-20.47641
-20.26621
-19.19341
-19.85761
-20.77741
-21.31882
-21.60348
-21.13523
-20.37601
-20.12759
-20.39414
-20.69923
-19.36395
-18.87433
-17.68389
-17.96672
-17.56446
-17.30784
-18.01421
-16.62153
-15.59164
-15.1939
-13.73596
-13.13614
-12.22086
-12.56999
-11.70174
-11.52517
-10.67774
-11.02369
-10.02377
-9.182
-9.04182
-8.44934
-9.094346
-9.441116
-9.573007
-9.375261
-11.62149
-11.94469
-11.74247
-11.66711
-10.8673
-10.71695
-11.90679
-11.23485
-11.18877
-11.18776
-10.67366
-11.92648
-11.22285
-11.17703
-10.73453
-12.64766
-12.32089
-10.68938
-10.71239
-11.85327
-13.57015
-12.23985
-12.331
-13.22843
-12.85132
-14.25722
-13.88476
-12.792
-12.9859
-12.4946
-12.78866
-12.95059
-12.72641
-12.65907
-12.75893
-12.57871
-14.02721
-14.20861
-14.8457
-16.03708
-16.78049
-16.28909
-17.00442
-16.89853
-16.69923
-16.12976
-15.23533
-14.83827
-13.61403
-13.20055
-12.77692
-13.45617
-12.43651
-11.27363
-12.25005
-11.41113
-10.59328
-10.26115
-10.83882
-10.3046
-10.78034
-11.15243
-11.41813
-11.56834
-12.51063
-12.69513
-11.40722
-12.12794
-11.76501
-12.55275
-14.05715
-15.31062
-15.58422
-15.29752
-15.46734
-15.12094
-14.59027
-13.41191
-13.02082
-13.09024
-13.49214
-12.84274
-12.12221
-11.35373
-11.09388
-11.02228
-11.8081
-11.20648
-10.21694
-10.95885
-11.14182
-10.96342
-12.16442
-12.307
-13.24988
-13.43483
-13.40824
-13.53735
-13.56616
-14.6906
-14.09385
-14.09875
-14.22419
-13.34538
-12.21685
-12.32946
-12.44792
-11.89257
-11.46788
-10.74675
-10.28212
-10.20657
-11.38973
-11.26849
-11.91657
-11.68453
-11.49374
-10.80151
-11.50851
-11.56584
-11.78711
-12.18912
-13.93539
-13.09086
-13.91921
-13.47505
-13.20448
-12.83969
-12.24408
-14.0955
-14.37474
-13.62308
-13.22847
-12.21543
-11.90741
-12.41096
-11.12354
-11.33879
-11.66287
-11.54959
-11.20327
-11.69717
-11.40686
-10.77249
-8.997174
-8.552218
-8.545221
-8.763479
-8.611374
-8.698276
-7.777174
-6.137727
-5.257367
-4.864736
-4.668975
-5.900056
-5.845176
-6.904709
-8.668781
-7.154713
-8.18396
-8.091983
-8.210954
-7.511966
-6.415678
-5.700255
-7.704906
-6.97765
-5.83374
-5.859501
-5.808192
-5.087035
-5.001415
-4.626492
-3.992625
-4.845835
-5.557494
-5.530487
-5.014878
-3.982653
-4.05692
-3.727785
-4.149794
-4.10068
-4.367639
-4.196907
-4.677601
-4.925486
-4.744313
-5.229495
-5.667669
-5.500769
-6.43223
-6.715396
-8.876187
-9.437807
-10.59752
-11.1258
-10.99058
-11.44811
-10.46223
-10.81304
-10.60245
-10.81557
-11.08009
-10.38581
-10.83437
-10.27953
-9.150173
-8.618469
-8.529194
-7.49405
-7.956429
-6.998329
-6.821175
-5.77377
-5.566999
-5.559044
-5.137058
-4.913232
-5.44804
-5.012629
-3.680866
-3.531563
-2.270693
-2.291667
-3.10204
-2.844624
-4.608017
-3.854546
-2.892532
-2.227358
-2.250084
-3.128296
-2.933204
-2.516833
-3.327766
-2.401346
-2.694523
-2.858856
-2.851709
-3.591336
-4.521602
-5.376924
-6.511634
-6.921689
-7.519287
-5.979304
-6.172567
-7.148638
-7.676939
-7.539016
-8.615628
-8.550295
-9.351062
-8.41912
-8.443282
-10.03775
-9.757638
-9.265107
-9.305791
-9.855687
-9.848194
-10.73228
-11.28124
-11.30533
-9.640224
-10.93423
-11.475
-11.11588
-10.95331
-11.3954
-10.23451
-10.62004
-9.83439
-9.67009
-8.668028
-8.451344
-9.106258
-10.02181
-9.977455
-8.727609
-9.140455
-8.903677
-8.426491
-8.218575
-7.658076
-7.39911
-7.942847
-7.759622
-8.658078
-7.115736
-7.80012
-8.358788
-8.836011
-10.39124
-11.18698
-11.18919
-10.91265
-10.94204
-11.90892
-13.11681
-12.03924
-12.54546
-12.82042
-11.75715
-10.70459
-10.71217
-10.92615
-11.44121
-12.13801
-13.10223
-12.37413
-12.03743
-11.97152
-12.64914
-13.14396
-12.57539
-11.84247
-12.1224
-12.54652
-13.27908
-14.29375
-14.21616
-15.66185
-15.60613
-15.49553
-15.59683
-15.54534
-15.30061
-16.19706
-15.9907
-16.06993
-15.33898
-14.87593
-14.54305
-15.03765
-15.83156
-17.54607
-19.35777
-19.9014
-20.35708
-19.69749
-20.85417
-19.89564
-20.78685
-20.49309
-19.46813
-19.06551
-19.48352
-19.52747
-18.96388
-18.74197
-18.32487
-18.40191
-18.44938
-18.43769
-19.28327
-19.67039
-19.81127
-19.4299
-20.11387
-21.24283
-21.15274
-20.75224
-19.831
-19.3175
-19.52968
-18.74759
-19.37984
-19.61727
-20.18212
-19.45581
-19.34049
-19.69417
-19.69893
-19.53011
-19.4514
-19.11169
-19.69906
-19.50289
-19.54232
-19.93464
-19.5426
-19.73881
-20.31931
-19.94029
-20.07395
-19.0701
-19.0013
-19.23128
-19.29698
-20.39463
-19.90246
-20.03185
-20.06563
-19.95278
-20.38993
-19.3201
-19.06272
-19.52867
-19.24642
-19.74954
-19.15286
-18.94667
-18.5634
-18.70149
-17.36298
-17.70995
-16.84011
-16.65296
-16.34643
-15.99051
-14.70134
-14.16793
-14.20552
-14.7164
-13.56508
-13.33987
-13.43294
-14.44114
-14.12221
-14.32383
-14.32476
-15.02595
-15.33858
-15.96795
-15.91688
-14.81486
-14.20903
-14.88771
-15.74272
-16.08743
-15.39147
-15.33937
-16.35966
-16.49721
-17.06178
-17.46673
-17.87508
-19.46109
-20.01619
-19.92328
-19.61437
-19.18144
-19.156
-19.69709
-19.8812
-19.97306
-19.21166
-18.64464
-18.71708
-18.4606
-18.08141
-17.39614
-17.06693
-16.04965
-16.2448
-15.53893
-15.95573
-15.41777
-16.83279
-17.01861
-17.10628
-16.55252
-16.01389
-16.51339
-17.09585
-16.91688
-16.62469
-16.29514
-16.81297
-16.30008
-16.22654
-15.69954
-16.26417
-15.43177
-16.20535
-16.25246
-16.57351
-17.13648
-16.07849
-15.0072
-14.70231
-15.69267
-16.96948
-15.61342
-15.45477
-15.21541
-16.60322
-16.72803
-17.18254
-17.48337
-17.93203
-18.54809
-18.46661
-17.6245
-16.21145
-16.33407
-15.7638
-14.89297
-15.83415
-14.3421
-14.48917
-15.62655
-16.93659
-17.4364
-17.52812
-17.53971
-17.48958
-18.22992
-19.04831
-18.80509
-18.80394
-19.43135
-19.58203
-19.08016
-19.79626
-19.96698
-20.01753
-19.60174
-19.79984
-20.9404
-20.43225
-20.64835
-21.23922
-21.36673
-20.84637
-20.76457
-21.5779
-21.00607
-21.04491
-21.53878
-21.89956
-21.98845
-22.65583
-23.00366
-23.18604
-22.67222
-22.66995
-21.44138
-21.70762
-21.75993
-22.45912
-22.06126
-22.02476
-21.41825
-22.8315
-22.34527
-21.52458
-21.11248
-21.24536
-21.76403
-22.53002
-22.58378
-22.62804
-21.93085
-21.60233
-21.24061
-21.42453
-21.60185
-22.19563
-22.78744
-22.3207
-23.01137
-23.87439
-23.04189
-23.48506
-23.74771
-23.44972
-22.49585
-22.77233
-22.86368
-23.44172
-23.63685
-23.4992
-22.56153
-22.39769
-21.91947
-23.01508
-23.42445
-23.74122
-23.78976
-25.35362
-23.77849
-23.6257
-24.25715
-23.94653
-23.21658
-22.31434
-22.68967
-22.34513
-22.14373
-23.32183
-23.11972
-23.28885
-22.92813
-23.71303
-24.4099
-26.12282
-26.73421
-25.68125
-25.96284
-26.20082
-26.27848
-25.94515
-25.4252
-25.06215
-24.39508
-25.55505
-26.04249
-26.41947
-26.68267
-27.07349
-26.95152
-27.83856
-28.42215
-28.94682
-28.57647
-27.87797
-27.35679
-26.13545
-25.16528
-25.2711
-24.56131
-23.99796
-24.0906
-24.30631
-24.5506
-24.88251
-22.8512
-23.32423
-23.21411
-22.97858
-22.97568
-22.74557
-22.01459
-22.41577
-21.96681
-21.57988
-21.32928
-21.20224
-20.64146
-20.15752
-20.18061
-20.64877
-21.81627
-22.31315
-24.39813
-25.44663
-26.21559
-27.25121
-27.21516
-27.4855
-27.84714
-27.65116
-27.52599
-27.45402
-27.34135
-26.20596
-26.4042
-26.23713
-26.59437
-25.50397
-25.84208
-25.01702
-23.73119
-22.74673
-22.18718
-21.62228
-21.16797
-19.40974
-19.25578
-19.33743
-19.37972
-17.97055
-17.84865
-17.27026
-16.90747
-16.83033
-19.02195
-20.54443
-21.16038
-20.66907
-20.15225
-20.14189
-20.48719
-21.3943
-21.14387
-20.96686
-20.99548
-21.04668
-19.8432
-20.67984
-19.69859
-18.78973
-19.08169
-18.8618
-19.14904
-18.97741
-18.62512
-18.17291
-18.03744
-17.90001
-17.37848
-17.9185
-18.44041
-18.92971
-19.27126
-18.88032
-17.46426
-16.3982
-14.87524
-15.03236
-15.13909
-15.90277
-15.95521
-15.23137
-15.02989
-15.80687
-16.25545
-16.25352
-16.21125
-16.05994
-15.4928
-15.9142
-15.92743
-14.359
-16.05603
-16.15963
-17.21167
-17.96928
-18.34737
-18.59556
-17.9354
-18.25712
-18.01224
-19.25207
-19.20704
-19.31504
-18.31682
-17.75236
-16.47186
-15.49833
-14.31962
-13.60356
-14.38237
-13.54488
-14.60615
-12.83405
-12.50556
-11.98855
-11.95
-11.92621
-13.56642
-13.98863
-13.68582
-13.64279
-12.84777
-12.11264
-10.8786
-10.79733
-9.864007
-10.72934
-9.575084
-10.70058
-11.17604
-11.12786
-11.34153
-11.86116
-10.67567
-10.81627
-10.68108
-10.989
-12.01873
-13.35601
-13.57203
-13.01944
-14.07092
-15.2746
-14.61303
-14.36626
-13.41064
-13.48986
-14.03939
-13.28525
-13.63952
-13.42994
-12.79234
-11.31168
-11.32064
-10.29431
-11.57869
-11.80243
-11.93275
-11.74037
-12.53596
-12.09606
-11.51651
-11.85733
-12.41975
-11.08481
-9.955633
-9.996358
-10.46178
-9.720823
-9.312937
-9.578522
-9.765667
-9.515322
-9.404143
-9.442914
-8.593114
-7.224694
-6.486255
-6.032082
-5.37438
-5.277069
-4.734052
-4.295589
-3.456435
-2.744781
-2.187787
-0.9821744
-1.495052
-1.432967
-2.037016
-3.030537
-2.266283
-2.910705
-4.506838
-3.430741
-3.693027
-2.97021
-2.734068
-2.755216
-2.277408
-1.395882
-1.055929
-1.255611
-0.5205467
-0.9728711
-0.6063247
-0.8785018
-0.3889833
-0.9627915
-2.363768
-2.671795
-2.786981
-3.147186
-2.631786
-3.158225
-2.880222
-2.393205
-2.012756
-1.795384
-2.398394
-2.631061
-2.289978
-2.456922
-2.854159
-3.613559
-3.743113
-3.867129
-4.58728
-4.984508
-5.537146
-5.043322
-5.226468
-5.813838
-6.940295
-6.443519
-6.475914
-6.877609
-6.594605
-6.553946
-6.019951
-6.123438
-5.0533
-4.070667
-3.906907
-3.186882
-3.538897
-4.242806
-4.415357
-4.383373
-4.881143
-5.50153
-5.88529
-6.881377
-6.766716
-6.818603
-6.682832
-6.901274
-6.77464
-7.639313
-7.268963
-8.39638
-8.146281
-8.703834
-9.064789
-8.853142
-8.991391
-9.043564
-9.523416
-9.56665
-8.997186
-9.39008
-9.493523
-8.863659
-9.073967
-9.436564
-9.252997
-8.61595
-8.56066
-8.917455
-9.776965
-8.974767
-8.602461
-8.652845
-7.922464
-6.221239
-6.677444
-5.258527
-6.607927
-6.78068
-6.86863
-7.004514
-6.61994
-7.369581
-6.921241
-7.402058
-7.355124
-7.465691
-6.885581
-7.221528
-6.707478
-7.185365
-7.558646
-7.862941
-8.209422
-6.767077
-7.476634
-7.166958
-7.112029
-6.163677
-5.167255
-4.874821
-4.946594
-5.562735
-5.764802
-6.960208
-6.801776
-7.246104
-7.446619
-7.384947
-7.606945
-8.399974
-7.961021
-7.481399
-8.305661
-7.068193
-5.75536
-6.018285
-5.577637
-5.881909
-7.67215
-6.839285
-6.792537
-6.989696
-7.806035
-7.264484
-7.477847
-6.776381
-6.723329
-6.674474
-5.967056
-6.639486
-6.312458
-6.527553
-6.858235
-6.67933
-5.132366
-5.117059
-5.700319
-5.716307
-4.699701
-4.343252
-5.053646
-5.878936
-6.350484
-5.94466
-5.965206
-6.972851
-7.214757
-8.001537
-7.483088
-7.499924
-6.532025
-6.674883
-6.853009
-5.510396
-5.575483
-4.277789
-4.081702
-3.756556
-5.942366
-5.701908
-5.605467
-6.611456
-7.257089
-7.210215
-7.325588
-8.515239
-8.723811
-8.995533
-8.925492
-8.68991
-8.893603
-9.101015
-11.15834
-11.96427
-12.45699
-11.94171
-12.60004
-12.52028
-12.49969
-13.91851
-14.7124
-15.00225
-14.69444
-14.9206
-15.22648
-15.72098
-16.55812
-15.65485
-15.38949
-15.54697
-15.40275
-15.14483
-15.91968
-16.32646
-16.78896
-16.04314
-15.74787
-16.05267
-15.3467
-15.19645
-14.82498
-15.22565
-15.47146
-15.04654
-14.72867
-14.4814
-14.21841
-14.98876
-15.50631
-15.96085
-15.88733
-16.0028
-15.64451
-15.95332
-16.75142
-16.13284
-17.25822
-16.16982
-15.98415
-14.68419
-14.7792
-14.33403
-14.05272
-13.79177
-13.01077
-12.90294
-12.3837
-12.45951
-13.04682
-12.80414
-13.26207
-12.3573
-12.83385
-13.60955
-13.38745
-13.05338
-12.29019
-12.41283
-11.83979
-12.09779
-12.48168
-12.01764
-12.49969
-12.94029
-12.90875
-14.3765
-13.95923
-14.64339
-14.60591
-14.14133
-13.71832
-12.70292
-11.56969
-11.97688
-12.13835
-12.62125
-12.88194
-12.2221
-10.7408
-10.60001
-11.13046
-11.08645
-10.06593
-9.607344
-8.764102
-7.387819
-6.222269
-5.46011
-4.120865
-2.875797
-3.521565
-4.997972
-5.514191
-5.745648
-6.574266
-6.524095
-7.442527
-7.180341
-6.679079
-6.884333
-6.584189
-7.561137
-8.928137
-8.286546
-9.923827
-9.829821
-9.952101
-9.887767
-10.93054
-10.58964
-10.63215
-10.6354
-10.67341
-10.1785
-9.067814
-9.042994
-8.579211
-8.441864
-8.608202
-7.811833
-7.110909
-6.07624
-5.782783
-5.134458
-4.66463
-5.723392
-5.596093
-5.189623
-4.978564
-3.722869
-2.18839
-2.617365
-2.398049
-2.272813
-1.728646
-2.593054
-2.437942
-3.11203
-2.581118
-3.814088
-4.134677
-3.50198
-3.800081
-3.87249
-4.446445
-4.398802
-4.205978
-4.170529
-2.740278
-3.177969
-2.358878
-1.935844
-3.245066
-3.020482
-3.902098
-3.759106
-3.673685
-4.229129
-3.354857
-3.443022
-3.932035
-2.091722
-0.5827245
-1.172083
-1.209043
-1.463322
-1.996413
-2.213064
-2.621828
-1.370379
-0.9484093
-0.7734846
-0.5908798
-0.5077543
-0.4978037
-0.8798311
-1.697097
-2.588299
-3.471472
-2.751528
-2.680821
-1.600384
-1.126766
-1.195
-1.231815
-1.67865
-1.518531
-2.028442
-1.383441
-0.7695447
-1.201427
0.4414433
0.152778
-0.6637292
-0.4052103
0.8403095
-0.6509137
-0.8807035
-0.5946907
-1.114913
-1.086225
-1.339203
-2.089301
-2.127918
-2.488917
-1.321482
-2.126029
-1.538521
-2.266976
-2.382228
-2.453947
-3.208688
-3.953761
-3.232479
-4.59293
-5.186386
-5.499117
-4.785029
-4.537398
-4.536912
-4.040179
-3.073809
-2.083789
-1.092344
-2.167543
-2.76954
-2.505893
-1.761917
-1.338484
-0.3428996
-0.8413742
-1.376644
-2.205608
-3.726022
-4.173735
-5.177392
-5.676871
-5.615779
-4.009869
-3.453338
-3.222392
-3.62108
-3.598483
-4.999023
-5.486205
-5.235385
-5.448381
-5.265167
-4.007398
-4.142427
-3.746848
-3.005936
-4.144118
-3.785534
-3.530983
-3.373696
-3.90814
-4.295848
-2.716067
-4.448262
-5.533567
-5.634965
-6.714684
-6.035292
-6.117646
-6.544581
-6.876052
-6.902243
-7.030012
-6.372515
-6.236806
-6.604133
-6.476459
-6.855854
-6.867688
-6.258336
-6.680574
-6.962126
-7.700753
-8.274397
-8.784775
-9.019264
-9.039704
-10.19692
-10.71121
-10.18708
-10.02256
-9.078121
-8.958837
-8.900488
-8.085798
-8.427476
-8.558156
-8.467125
-8.957861
-9.299077
-8.932692
-8.246266
-7.55013
-7.310984
-7.924695
-7.492683
-7.398773
-6.716971
-7.769776
-7.343741
-7.613119
-8.567
-8.54934
-7.976576
-7.922532
-7.976129
-8.89884
-9.953348
-10.73301
-10.51399
-11.16752
-11.23259
-11.76169
-11.49397
-10.50587
-10.80117
-10.91699
-10.98087
-11.93714
-11.48644
-12.40915
-12.64892
-13.74727
-14.15795
-13.3225
-13.37371
-14.04702
-13.16868
-13.02367
-13.9614
-14.02462
-13.52989
-14.0755
-14.64192
-14.49961
-14.3786
-14.06689
-14.86454
-14.22746
-14.26344
-14.33499
-14.4579
-14.78988
-14.81558
-14.453
-13.39167
-13.50172
-13.90341
-14.44861
-15.8177
-15.0179
-13.66072
-13.99677
-14.60043
-13.74594
-14.00656
-13.33086
-13.94225
-13.15518
-12.74005
-12.52759
-12.07748
-10.87214
-10.21551
-10.58156
-10.42602
-11.23234
-11.32104
-11.38276
-12.4684
-12.12655
-11.807
-11.25453
-11.49552
-11.35794
-11.4653
-11.43508
-10.89144
-10.01414
-9.146866
-8.793011
-8.601437
-9.318498
-10.14129
-10.55529
-10.08204
-9.774784
-9.641173
-9.997085
-10.67049
-11.079
-11.44094
-11.54193
-11.70033
-11.45979
-11.17816
-11.60249
-12.43897
-11.20559
-11.74906
-12.04211
-11.77767
-11.76835
-11.91999
-12.03199
-11.02714
-10.73561
-9.228102
-8.979053
-7.698223
-8.072708
-8.044837
-8.825935
-8.314692
-8.298991
-8.894929
-8.277334
-9.193789
-8.576467
-9.049894
-8.475056
-8.9323
-8.589208
-8.731623
-9.076107
-9.599924
-9.997385
-10.61311
-10.28816
-10.58928
-11.63485
-11.23457
-10.7942
-10.90028
-11.26859
-10.84599
-11.30083
-11.90851
-11.28728
-12.47092
-12.50379
-13.48996
-13.52096
-13.91524
-14.6097
-13.24024
-13.454
-13.29237
-13.76718
-14.04555
-15.08685
-12.92334
-12.90036
-13.56574
-14.09464
-14.78619
-13.23164
-14.23094
-13.80886
-14.15206
-12.81518
-12.21228
-12.68773
-12.23954
-12.54918
-11.26287
-11.38688
-11.83736
-12.3295
-13.11195
-13.69256
-12.58344
-11.56213
-10.56785
-11.02774
-12.30398
-12.8455
-13.42969
-14.08322
-14.16372
-14.58834
-14.32055
-13.78664
-13.67962
-14.59595
-13.44747
-14.09824
-14.3901
-13.40041
-13.89625
-14.05112
-14.47809
-14.26903
-15.0246
-14.58416
-15.03363
-15.91581
-16.26925
-15.74789
-16.71995
-17.57951
-19.13487
-18.62444
-18.49189
-18.97673
-18.78857
-18.32195
-17.20444
-17.23585
-17.46206
-17.2345
-16.94325
-16.9523
-16.18507
-15.64884
-15.15002
-14.8004
-15.11925
-15.03631
-14.68177
-15.24674
-15.80819
-15.47133
-16.16139
-16.52199
-16.68227
-16.92883
-17.16658
-17.10451
-17.07904
-16.51876
-15.18818
-13.89575
-13.10302
-13.62643
-13.96867
-13.47687
-12.94011
-13.40483
-13.6238
-14.08877
-15.23351
-15.94701
-16.29923
-16.10969
-16.13603
-14.52792
-14.68274
-14.76054
-13.75788
-13.52322
-13.54188
-14.22093
-13.78986
-13.66723
-14.07717
-14.49915
-14.2738
-14.1075
-14.07555
-13.71015
-12.70929
-12.98969
-13.19447
-12.8161
-12.56222
-13.42545
-15.5414
-14.86005
-14.8053
-14.98565
-14.58893
-15.01145
-14.09872
-14.18982
-13.59859
-14.20592
-14.27297
-13.65429
-13.0438
-13.59088
-12.16371
-11.20986
-10.99985
-12.02577
-11.79478
-12.08092
-11.9275
-12.87169
-12.19637
-11.80996
-11.79772
-12.33249
-12.61473
-11.07545
-11.62352
-13.24596
-12.69733
-12.19793
-12.6456
-12.82832
-13.6177
-14.82413
-14.92687
-15.27207
-14.55121
-13.13352
-13.20865
-13.58838
-13.93144
-13.46171
-13.69404
-12.58897
-12.19558
-12.32724
-11.82116
-11.03126
-10.45309
-11.18659
-11.51712
-11.26436
-11.34063
-10.94182
-10.41734
-10.2249
-8.811846
-9.036305
-8.910511
-9.721533
-10.27553
-9.546696
-9.185941
-7.777187
-7.535105
-6.328277
-5.800559
-7.217173
-8.431741
-7.722492
-8.12486
-7.961385
-7.785911
-8.056645
-7.646938
-7.318262
-7.081813
-6.763263
-6.907757
-7.046854
-7.596532
-8.489898
-8.033267
-7.954769
-8.56863
-9.034643
-8.802022
-9.079908
-8.623942
-8.820058
-9.307504
-8.521695
-7.078449
-6.751737
-6.213637
-6.028119
-4.841416
-3.648861
-3.999938
-3.541495
-2.201791
-1.574731
-1.21321
0.08639449
1.093099
1.35243
1.111906
2.362915
1.157474
1.596138
3.597577
3.970607
5.058542
5.165243
5.418216
4.40038
4.643013
5.892853
5.429685
5.833395
4.695831
5.069387
4.841937
4.862389
4.642194
3.416982
3.957356
4.300912
5.052532
4.291017
5.328425
4.07116
2.889376
2.839972
3.675742
4.115119
4.10741
4.603426
4.597077
5.798938
5.575785
5.091862
4.004042
4.703756
5.185836
6.297783
7.500597
7.457759
7.468094
8.52204
9.427934
9.072559
8.812267
7.988646
7.526453
7.075757
6.634373
6.67421
8.561096
7.014747
7.807483
7.383964
9.084161
10.20802
9.738909
10.63568
9.985178
10.83221
12.27886
13.18134
13.52908
14.09688
13.82608
13.8762
14.59732
14.19265
15.25641
15.29701
15.66757
16.52355
15.6567
16.2701
15.72292
15.17943
15.29727
15.53443
14.52952
14.11269
13.90136
13.14067
12.30212
13.1095
12.24504
11.71136
10.11928
9.523028
8.753088
8.185617
8.170035
8.177146
8.440873
7.569811
6.993355
5.87257
6.005654
6.550888
7.599685
8.088959
8.384601
8.734914
9.524769
8.149379
8.559481
8.986936
8.893008
9.05314
9.37274
9.426169
9.224413
8.41037
8.870082
9.171733
8.622923
9.524312
10.69529
10.69392
10.64716
11.09552
11.58151
10.89694
10.80634
9.6714
8.621366
8.288187
8.273026
8.173697
7.527892
7.912285
7.005655
7.729656
7.354742
6.808473
6.067474
4.800029
5.044699
5.274734
4.396866
4.034593
4.162353
3.968242
2.826538
2.217734
1.649858
1.515502
2.246674
2.37657
2.151847
3.226448
2.484606
1.681489
0.7382458
0.482142
1.354541
1.318709
0.5650502
0.9185482
0.6678916
0.05714204
0.58487
1.428259
1.266537
1.642667
2.76471
3.754568
4.686069
5.075912
5.221743
3.841483
4.147521
4.143986
3.346981
2.498806
3.33914
2.701092
3.073772
2.726554
2.095611
2.701627
3.522158
3.631643
4.415792
5.316042
5.275631
5.573387
5.536693
5.273224
5.186189
4.14381
4.311223
4.363271
4.549689
4.899393
5.166807
5.217851
6.263851
6.260674
5.841767
6.703454
5.935358
6.502911
7.69601
8.82679
9.218868
9.618735
10.93147
10.13046
10.84217
11.60489
11.90418
11.35308
11.73235
12.42497
12.59321
13.64722
13.09946
13.03558
14.41745
14.92102
13.84765
12.00019
11.21377
11.00576
10.29176
9.819204
10.16765
10.36274
10.3868
10.08596
10.1929
10.20201
10.24255
9.250015
9.137234
8.886763
8.644128
9.255611
10.06219
9.026803
8.9236
8.763048
9.345924
9.542912
8.274378
8.064127
6.688635
7.933682
7.264389
6.489013
6.408938
5.376697
4.200625
3.771737
4.176801
4.040136
4.630542
5.673049
6.677958
7.508875
7.145265
8.019635
8.466361
8.166365
8.721272
8.289052
8.446351
8.883892
8.670448
8.063895
7.098174
6.885183
6.71817
6.283992
5.355908
5.953268
6.538831
6.638822
6.812666
7.129358
7.183213
7.099632
5.894387
6.733644
6.983271
7.740577
7.791745
6.640827
7.334429
6.616015
6.28461
6.833321
6.991501
6.137645
6.026605
6.834978
7.133674
7.565474
7.717718
7.705836
7.884578
7.667023
7.683034
9.8546
10.42633
10.53828
9.092405
9.016247
8.557538
8.56904
7.801181
7.440533
7.16338
8.36189
7.329239
6.736317
5.530419
4.57857
4.741087
5.040883
6.412683
6.302648
5.82597
6.70326
7.800219
6.504753
6.92478
7.141898
6.288694
5.776764
6.075704
5.870826
5.342029
5.921947
5.963885
5.544279
5.651807
6.175137
6.41551
6.113141
6.255282
5.521661
6.349626
6.972384
7.020264
6.971887
7.643194
7.860055
7.040165
6.749085
5.879289
5.475256
5.606761
5.459824
5.353128
4.978489
4.87681
4.942517
5.470159
5.447571
5.406109
6.105601
6.798694
7.652861
6.608982
6.222768
7.717837
7.949454
7.123727
6.145144
6.214409
6.42684
6.832056
7.144471
7.126726
7.092195
7.38243
7.237509
7.976325
7.92252
8.00161
6.837841
7.625946
8.122399
8.836871
8.412907
9.240222
9.340909
8.648593
8.451432
9.402329
10.08935
10.13007
9.709062
11.011
12.31032
12.73898
14.04728
13.87527
13.54271
12.96373
12.99266
12.47371
12.32683
12.2975
12.17228
12.56446
11.71959
12.44858
12.1772
11.94397
12.431
11.72442
12.04037
12.17568
11.53434
10.55875
10.91819
11.98497
12.94757
13.66235
13.10824
12.34923
12.60374
13.77283
13.82875
13.84803
13.03602
13.89645
13.39068
13.7732
12.94973
13.62409
12.61788
12.33943
11.32365
11.81503
12.10427
12.60253
13.09589
13.27891
12.99388
13.13509
12.76673
12.90636
12.68161
12.07813
11.72331
11.43935
10.11808
9.99908
10.30514
10.39144
10.93939
9.211776
8.763104
10.67056
10.98686
10.40103
10.6629
10.16205
10.65216
11.00842
10.09374
10.59509
11.11036
11.00054
11.25476
10.68565
11.40352
10.98636
11.02504
11.07985
12.11028
11.86741
11.91739
12.31238
12.36589
12.44237
12.53136
12.37095
12.59966
12.86979
13.43084
14.07186
14.22563
14.1325
14.98588
15.38743
15.72563
16.50523
14.90092
15.01218
14.906
15.00317
14.89987
15.31674
16.22595
18.17065
17.48679
18.07741
18.65733
19.3101
18.53615
19.03868
19.38562
19.09325
19.49547
18.99422
19.28379
18.65809
18.38828
17.65861
17.74066
18.56319
18.34507
18.27577
19.26262
18.81099
16.74695
16.87341
15.79931
16.0239
16.36946
15.86476
15.02999
14.47308
13.36595
12.5388
11.60249
11.31878
10.3826
10.13917
10.46154
10.05657
9.027468
10.31292
10.64586
11.71907
13.40937
13.26282
13.78284
13.32898
12.43874
12.26254
11.88989
10.89735
10.91265
9.486384
9.873997
9.957403
9.841828
8.95374
8.563233
9.837256
9.365775
7.785371
8.301399
6.92188
6.553822
6.600704
6.459835
5.31032
6.176101
6.393815
6.665142
7.289402
6.777943
6.470507
6.427488
6.754499
6.966607
5.862021
7.047215
7.063559
7.001822
7.830172
8.707266
8.440155
8.307516
8.795915
8.232953
7.41349
7.90115
6.874935
7.86013
7.908318
8.434725
8.823091
9.507166
8.714555
8.044241
7.33965
6.265274
6.545509
7.30583
7.30531
7.961021
7.054675
7.488769
6.441351
6.211835
6.150971
5.875567
5.256432
5.230764
4.763539
5.278032
4.635674
3.686443
3.13582
3.946712
2.153256
2.853887
3.951575
3.775339
3.571001
3.445498
4.568164
3.990495
3.852442
3.7091
2.955529
3.332981
2.691336
2.363843
2.31904
1.601209
1.974615
1.267506
0.7461106
0.1367683
0.07238654
-0.6698326
-1.134796
-2.734452
-2.550432
-2.851395
-2.130308
-3.082096
-2.317072
-2.716554
-2.829169
-2.566581
-1.92508
-2.025433
-2.072455
-1.418149
-0.7686829
0.1085888
1.580115
2.120603
2.41363
2.665317
3.627495
3.227747
4.242251
3.681026
4.717488
4.694467
4.73161
4.129238
4.815588
3.379744
2.648756
2.427544
2.760743
3.371134
2.413475
3.453996
3.476473
2.737169
3.445966
1.731798
1.909813
1.493418
1.590249
0.4166765
1.908787
2.259984
3.540041
3.788328
2.059271
2.294411
2.400389
1.107388
0.8682448
0.2719558
-0.6471798
-0.6798381
-0.9558377
-1.918523
-1.731904
-1.589728
-0.9594121
-0.4154168
-0.08848345
-1.021316
-0.4255051
-1.297059
-2.251907
-1.437235
-0.8707708
-0.5597288
0.1579858
1.64252
1.736102
1.596025
2.607202
2.458137
2.043343
0.9490174
0.7231781
0.4059017
0.6501365
0.5232432
1.113411
0.8588618
1.008156
0.03182847
0.1174445
-0.1621723
-0.608082
-0.7220851
0.3753184
-0.04598236
-1.28586
-0.8146489
-1.124281
-2.572274
-2.58696
-3.351855
-2.999647
-2.330877
-1.726756
-2.047984
-1.598171
-1.139413
-0.5588864
-0.09764079
-0.4376219
0.3227992
-0.4170234
-0.7108447
0.3903148
0.4724546
0.8110187
1.551602
2.438272
1.400294
1.532093
1.206004
0.9787175
0.02645147
-0.4819313
0.6389672
0.8746408
1.397236
2.196358
2.376515
2.466772
1.940658
1.51439
-0.02661603
0.2721632
0.4556519
0.5794423
0.6452247
1.248492
2.036928
3.14555
3.353562
3.473935
3.903827
3.450941
3.338793
3.07218
1.933857
1.919901
1.901447
2.47999
3.61127
3.808392
3.389967
3.861317
4.18022
4.586606
4.189697
2.948986
2.865998
3.350725
4.348893
4.183301
5.003276
3.96033
3.747247
3.705235
4.915725
3.667187
3.67272
4.406864
6.197615
6.102511
5.646736
5.203417
5.066716
5.05285
5.28025
5.051402
4.297804
3.394227
2.939655
2.465927
2.180558
2.926577
2.676573
2.305475
2.712308
2.658789
2.610532
1.211506
1.353612
1.716398
1.39431
1.25155
1.21682
0.007145683
-0.6545263
-0.6206051
-1.042892
-0.2402066
0.4037197
1.000961
1.060736
1.025065
0.8765989
2.115081
1.394449
1.523971
0.09493202
-0.2040836
0.6619052
0.3490068
-1.35196
-0.894817
0.3192277
0.9471557
1.715969
1.685713
1.158337
0.0923514
0.5922727
0.4779072
0.4467739
0.8511663
2.072319
2.835501
3.408658
3.947729
3.93294
3.711913
4.733011
5.013669
4.874834
4.91733
5.399355
6.584903
7.083201
7.419437
7.773235
7.261546
8.148003
8.714116
8.436267
8.500897
8.263452
9.250636
9.380072
10.25154
10.81547
9.972716
11.0711
11.65609
12.72012
12.47438
13.79856
15.19602
15.92131
15.49477
16.69522
16.73488
16.88222
16.34936
17.62256
17.68001
17.28543
16.85819
16.19973
15.52442
15.32253
16.63517
15.90605
16.38052
16.64143
17.37397
17.40244
17.65524
17.89965
16.82451
16.50546
16.44762
15.55496
14.55311
13.70681
12.81966
11.8629
10.98318
9.778291
9.635639
8.954759
8.802295
10.16202
9.610203
9.164936
8.455876
8.497565
9.347002
9.833038
10.2679
9.689195
9.203659
8.744667
7.89747
7.524672
8.069924
8.245932
7.588025
7.175394
7.072651
7.92694
7.536786
8.101769
9.027199
9.023616
9.100329
9.503827
9.081852
8.656738
9.605194
8.961387
9.024836
8.64641
8.669155
9.161614
9.558115
9.603417
9.870369
10.7991
9.942795
10.1184
9.630083
10.27492
11.17672
11.96141
11.83725
11.79117
11.38364
11.4019
11.44636
10.86415
11.25079
9.535679
8.730808
8.729258
9.665824
9.019192
9.534454
10.15572
9.931499
10.27939
11.28818
10.69373
11.03544
11.32895
11.71729
10.83818
10.60528
10.55993
10.04747
10.48469
9.744814
9.932975
10.40489
10.49783
10.5004
9.901855
10.0621
9.65414
8.120724
6.94938
5.721847
5.153763
4.985966
5.724147
6.422474
5.9105
6.935926
6.766932
7.20862
7.822504
8.608413
8.494963
9.270358
9.722898
8.866323
8.28814
8.451414
9.08183
9.599588
9.348132
9.227026
9.379303
9.538947
9.331178
9.707685
10.04772
10.90352
11.13439
11.57054
11.6581
12.09436
12.20232
11.20183
11.71388
12.15948
11.79083
12.56088
12.20128
11.80812
12.2831
12.23857
12.57361
13.54
14.02993
14.09013
14.16174
14.62459
13.96178
12.9223
13.05796
13.40389
12.81274
12.06429
11.65538
11.94599
11.49097
11.57302
10.89102
10.60387
10.93929
11.10675
11.22911
11.87195
11.95796
12.21509
13.18841
13.73428
14.24837
13.59824
13.60602
13.36327
12.24045
11.97217
11.2622
11.77947
13.21767
13.20501
12.6011
11.99088
12.06082
12.67409
12.71853
13.47752
13.92673
13.72528
13.61652
13.46455
13.81032
14.46197
15.03402
14.44434
14.86773
14.78263
14.45089
14.28536
13.20491
11.07408
11.50847
10.89622
9.779719
8.330575
8.950533
10.25915
11.45433
11.45047
12.27532
11.87903
11.62542
11.74643
11.43116
11.95701
13.08113
13.38228
13.97112
14.63814
15.41982
15.80533
15.21716
14.99797
15.77403
16.35284
16.45178
15.99245
15.46137
15.23307
15.12029
14.74403
15.0073
15.73132
15.97585
15.60469
14.69798
14.2733
13.71891
13.06394
13.13662
13.6405
14.14745
14.51796
14.08333
14.30341
13.7582
13.33714
11.94145
11.46497
10.51852
9.870411
9.311905
8.725989
8.511204
8.640838
8.770766
10.10422
10.55437
11.03652
11.09561
11.76652
12.23661
11.63131
12.02714
11.82848
11.66065
11.23947
12.11983
11.8095
11.07764
10.83773
11.62863
11.71669
11.14365
11.0238
11.70476
11.13796
9.453203
10.24609
11.89531
12.66254
13.82063
14.62537
15.37091
16.14172
16.84882
16.62599
16.63275
17.00969
17.62598
16.86413
15.93306
16.22095
18.17143
18.76149
18.96099
19.86014
19.76061
20.52105
20.27336
20.77704
20.16979
20.39173
19.55537
21.71329
21.59228
22.06224
22.80977
23.41524
23.32817
25.06071
25.07909
25.66501
25.54332
26.18785
25.38953
25.53839
25.27944
24.75568
25.08756
24.99648
25.59438
25.79528
25.65053
25.77555
25.89528
25.37221
24.30666
24.52503
24.01324
24.26175
24.05415
24.03255
24.63692
25.6473
25.35229
26.4076
26.93953
27.46853
28.21233
30.24414
29.1854
28.90849
28.58911
28.05894
29.04423
29.01402
28.7307
27.85628
27.55754
28.23829
28.1718
28.11307
27.56049
27.82842
28.11511
28.69323
28.28375
27.54469
26.3265
25.69414
24.37761
24.93223
24.6629
24.10363
22.46848
21.05922
19.39667
19.8656
19.29722
19.88904
19.26107
20.61843
21.69628
22.95277
21.95124
23.07313
23.33216
23.09112
22.3287
22.2161
21.88119
22.76445
22.54566
22.9482
22.90725
23.70285
23.11656
22.85428
22.49877
21.93481
21.4187
22.32588
22.60509
22.49503
23.29982
24.27147
23.96456
23.45232
22.63521
21.89356
22.15741
21.78792
21.67035
22.01903
20.85917
21.48103
21.17874
20.02217
20.43393
19.0826
17.99633
17.889
18.3491
18.17674
18.07087
18.39201
18.60581
19.18864
19.53993
19.2221
19.07964
19.33021
19.19434
18.47317
18.4171
19.29499
20.07432
19.06842
19.12111
18.48289
18.59104
19.02901
18.40863
18.29687
19.23517
19.63412
19.40805
19.76079
20.31537
19.42042
20.50482
22.09407
21.81259
21.73183
21.97904
23.21996
23.5903
22.99498
23.02686
21.84112
22.8177
22.26669
21.96944
21.95049
22.33581
23.07729
22.55567
22.85242
23.17714
22.06873
21.94586
22.35958
22.13244
21.97089
21.19079
21.92001
22.08779
22.87451
22.82128
22.04959
22.34075
22.41917
23.70347
23.19673
23.27588
21.61925
21.94673
21.8875
21.66185
20.83099
20.37476
19.42422
18.82788
17.63192
17.27053
17.08403
17.11203
17.34118
18.64149
19.45556
19.13163
19.18775
19.70272
20.9177
21.16981
20.9169
20.23166
19.95727
21.19726
21.74474
22.11034
21.54872
21.6146
20.21316
19.82683
20.90115
20.67744
20.81696
21.04619
20.46292
20.4628
20.83852
21.48184
22.64969
20.73777
20.98529
21.36459
20.26613
21.40299
20.76582
22.15059
21.26582
21.91548
23.32165
23.34048
23.40143
23.99939
21.60457
21.50854
20.90773
20.35974
18.98037
19.27811
17.55525
18.82414
18.47007
18.67092
18.09875
16.8916
16.14646
15.47602
15.26517
15.62367
15.89724
16.31679
16.16304
16.35476
18.15348
17.98462
17.08052
17.45314
16.40851
16.42237
15.77042
14.96052
13.5228
13.715
13.33618
12.92272
12.48117
12.98349
13.27737
14.27129
13.56732
12.33483
11.58618
11.03455
10.55104
11.11649
10.89876
10.89254
11.01783
11.20881
11.96341
13.5763
14.75447
15.61899
15.29402
13.9899
14.92023
14.10122
14.49629
14.30581
14.69714
13.80304
14.2773
14.97004
14.82446
14.41993
13.36177
12.54557
12.30898
12.35268
12.5643
12.94561
12.07643
12.0319
10.57925
12.00329
10.71239
11.00206
12.27215
12.47863
12.48489
10.72496
10.66098
10.04196
9.715447
10.54193
10.66345
11.53287
12.59846
12.33659
12.33588
12.71917
12.29849
10.64983
11.16379
10.381
10.51948
10.81446
11.76775
11.91296
12.33272
12.54679
14.25875
14.49262
14.39478
14.14403
13.74916
13.81241
13.8766
12.91639
13.63911
15.15133
15.72088
16.90469
17.59135
17.44541
17.53806
17.92917
18.25475
19.37715
19.59702
18.97949
19.10024
18.79763
19.5286
19.2932
19.18512
19.09808
19.26715
19.84856
18.35756
17.89865
18.03129
18.30137
18.88576
18.29227
18.12629
17.52174
17.5392
17.76322
17.01454
16.65236
17.74814
18.66952
18.54614
18.44732
18.50562
19.08691
19.34842
18.34925
19.97348
18.976
18.10575
17.50219
18.15152
17.96469
18.55753
19.47688
20.45463
20.70117
21.04958
22.07374
22.69849
23.14955
23.24613
24.03349
22.76998
22.54253
22.37669
22.5483
21.18056
22.33047
22.35312
23.39189
23.53195
23.28924
23.13089
21.85784
21.81368
21.04097
22.04146
22.8742
23.38111
23.89962
24.26878
24.62334
23.76252
23.5478
22.96483
22.77786
22.62257
20.5897
21.07889
20.85153
20.92974
20.32126
19.98818
19.81715
19.26952
18.88161
18.36523
17.54462
17.61877
18.3537
17.9714
16.33269
16.78789
17.49852
17.69767
19.10935
19.25694
18.05667
17.3353
16.47429
15.29049
14.05006
13.76161
13.58628
13.63023
13.79696
13.74805
13.54002
13.31059
12.25135
12.71163
12.78638
12.52655
12.06376
11.60464
11.14707
11.39186
12.75536
13.529
13.43249
12.56088
11.57925
13.74461
14.69617
14.0833
13.86625
12.23399
12.3893
11.79219
12.18922
11.55483
11.34431
11.21729
12.44509
12.63812
12.25441
11.60972
11.53492
11.91814
13.42244
12.61161
11.68326
12.79457
13.2309
12.83267
12.19923
10.69062
10.48242
10.24628
9.036669
9.264868
9.487768
9.979576
9.270752
9.133123
9.699938
9.099704
9.046692
8.624081
8.406306
7.560586
7.557491
6.968249
6.385183
7.244261
7.21364
6.537167
6.390626
5.490784
4.30217
4.621215
2.891893
3.519616
2.731359
1.682997
1.210571
1.571061
1.479226
0.8210001
0.2548531
0.4867805
0.4427313
-0.2995001
-0.1392625
0.4832946
0.2362626
0.2895723
0.8828612
0.8094843
0.4711992
-1.215129
-1.002201
-0.3846469
-0.2247727
-0.4323732
-0.236165
-0.183915
-0.5906122
-0.0929545
-1.281928
-1.44917
-0.7425318
-1.237571
-0.4237916
-1.449975
-1.219049
-1.789919
-3.011637
-3.736931
-3.773707
-2.932381
-2.911978
-2.80863
-3.447102
-2.81628
-3.195576
-2.216067
-1.588498
-1.419553
-0.5912899
-0.6142134
-0.4275059
-1.17013
-2.831337
-3.994264
-3.860835
-3.337217
-3.396255
-2.957787
-2.749331
-2.731592
-3.034838
-2.359722
-2.506373
-1.661768
-0.9606637
-0.7699593
-0.07352288
-0.7556232
0.2208411
-0.2745328
-1.065164
-1.768093
-1.640463
-1.64758
-2.447546
-1.989026
-1.69384
-1.90097
-1.936882
-1.084601
-0.9924952
-0.3480004
-0.2435276
-0.04300021
-0.2170265
-0.05829435
0.829332
0.7824961
1.921749
2.19614
2.578082
1.695726
2.27018
2.402589
2.401232
2.059711
1.778288
1.316113
0.3050475
-0.01646475
0.04103623
0.3197008
0.4706236
0.4662572
-0.2321373
-1.340274
-1.845127
-2.477027
-2.775553
-2.472265
-1.082121
-0.6795587
0.7050856
0.379642
-0.3744401
-0.9468575
-1.538013
-1.849719
-2.592466
-2.88258
-3.945601
-4.138123
-3.054493
-4.215102
-3.588943
-2.480292
-1.449176
-1.438058
-2.056353
-1.505898
-2.060939
-2.520176
-1.741362
-1.808947
-2.118443
-0.4519313
-1.505459
-0.9713159
-1.21231
-0.9537385
-0.430161
-0.007507842
0.8213365
0.6041882
0.2577997
0.5809341
1.143477
0.07997342
0.3324918
-0.2186132
-0.1632875
0.437398
0.03778858
-0.3145509
-0.3265524
0.744489
0.292609
-0.7988448
-1.422636
-1.667082
-1.650532
-1.412438
-1.756684
-0.9726821
-1.699198
-1.652921
-1.241956
-0.5966069
-0.2428832
0.02717339
-0.2209792
-0.9699662
-0.7400703
-1.619282
-1.963637
-1.963441
-2.618243
-2.433805
-2.759502
-3.340828
-3.66735
-3.842667
-2.910511
-3.870894
-3.740432
-4.812048
-5.461589
-4.529252
-3.239643
-4.266642
-4.08452
-4.207851
-4.203411
-3.774711
-3.621739
-3.517935
-3.227458
-2.238778
-2.766106
-2.656536
-2.500349
-1.835206
-1.438876
-1.680727
-1.406173
-0.7259625
-0.697884
0.1525102
0.364604
0.3161097
-0.4087652
0.444114
0.279485
0.8933541
0.8106146
1.050928
0.2098407
0.4364988
0.2085649
0.2007665
0.4732105
-0.04630268
0.4988432
-0.4171989
-0.4467381
-0.339211
-0.2985024
-0.6569067
-1.002161
-0.1670473
0.08962433
0.08026151
-0.4968654
-0.3424329
-0.3595409
-0.06744201
-0.5156265
0.4938908
0.6195522
0.8792088
0.7001556
-0.2305075
0.4039093
-0.1082989
-1.515342
-1.23962
-1.955681
-2.521131
-3.481032
-4.312073
-4.0431
-3.962661
-4.773094
-3.995062
-4.344478
-4.164977
-3.688161
-3.85248
-3.626252
-3.836984
-4.808353
-3.824966
-3.953747
-5.335955
-5.139538
-6.119192
-5.419741
-5.158207
-5.359259
-5.188103
-5.75272
-5.127293
-5.637425
-6.108083
-5.795815
-6.929524
-6.639247
-6.722942
-7.489983
-7.146152
-7.639717
-8.072644
-8.152149
-7.685929
-7.467726
-6.180965
-5.036041
-4.268178
-3.992109
-2.925222
-2.893038
-1.510721
-0.9727916
-0.4573717
-0.1156605
-0.8302032
-0.5689823
0.6650813
1.350841
1.072813
2.54594
2.481398
2.245512
2.484696
2.896947
1.894456
2.009625
1.12332
0.4908773
0.8580066
0.9975979
0.8472847
1.819779
1.449236
2.812974
2.367701
1.712627
1.910373
0.7897085
1.396689
1.347778
1.252703
1.064704
0.7558271
0.2670791
-0.3762843
-2.025933
-1.766312
-1.541812
-2.061525
-1.310676
-0.5149437
-0.228551
-0.3832797
0.6852903
0.8496695
1.171877
1.303447
0.5153244
1.489688
1.508828
1.295357
0.2517102
1.037734
0.2395523
0.4838129
0.7226715
0.9737305
0.8834568
1.10765
0.78468
0.3220454
0.07232302
-0.5191163
-1.063016
-0.249051
-0.4171347
-0.7165697
0.3052482
0.7851365
0.7645662
1.050284
1.009041
2.793241
2.31804
1.773771
1.16276
0.008599555
0.4813464
0.7809736
0.6040982
0.354001
-0.754034
-0.09258348
-0.9499328
-1.815591
-2.911462
-3.424277
-3.695882
-3.236289
-2.305819
-2.920775
-3.119521
-3.478168
-2.277082
-3.576726
-3.621394
-2.963455
-2.152258
-3.478648
-4.035022
-3.616991
-2.099167
-1.692796
-1.303013
-1.913024
-1.797533
-2.430066
-2.717685
-3.324068
-3.255556
-3.720364
-3.602166
-2.933744
-2.900059
-2.599308
-2.293309
-2.322664
-3.006536
-4.499658
-4.163528
-4.315854
-4.20845
-4.157808
-3.63889
-2.967499
-3.302385
-4.22111
-5.234851
-5.965409
-5.223886
-5.601727
-5.719642
-5.35124
-6.221548
-5.775442
-5.523527
-5.16304
-4.75803
-5.054476
-4.661879
-4.416866
-4.575039
-4.764652
-5.426529
-4.843503
-5.427842
-5.266282
-4.920194
-4.357332
-4.36573
-5.020958
-5.165104
-4.873935
-5.807504
-5.522347
-6.622726
-5.016398
-3.81831
-4.463813
-4.78863
-4.808909
-4.990159
-4.909028
-4.856314
-5.10153
-5.464861
-5.015759
-5.065747
-5.920874
-6.264174
-6.020057
-6.055116
-6.081774
-6.428057
-6.388221
-6.661982
-5.909507
-4.888778
-5.1874
-4.616087
-4.051626
-2.501007
-2.646924
-3.59477
-4.283862
-3.539378
-2.519545
-2.40592
-1.600603
-1.917748
-1.873175
-3.143742
-3.926646
-2.790143
-3.214794
-3.004779
-2.762004
-3.027363
-2.362005
-3.518709
-4.087356
-4.323177
-4.358088
-4.850077
-5.258158
-4.766084
-3.305482
-2.361888
-2.509326
-2.388922
-2.450142
-2.425955
-1.726117
-1.207677
-0.7235532
-1.833418
-1.801525
-2.411053
-1.46142
-3.145936
-3.101312
-3.656919
-2.972451
-3.007504
-3.149174
-2.524243
-2.093965
-2.930296
-3.295778
-4.081333
-3.991776
-4.610357
-4.62367
-5.840434
-5.438576
-6.201003
-5.377482
-5.76756
-6.05494
-6.382927
-6.428892
-6.159235
-6.707054
-5.448649
-5.543316
-4.56921
-6.1087
-5.960792
-6.299258
-6.011089
-6.285393
-7.072267
-6.010505
-5.498266
-5.249569
-6.083063
-6.780775
-7.13481
-6.642241
-8.045415
-6.903276
-6.84447
-5.821967
-5.076951
-5.620895
-5.581766
-6.265464
-6.537792
-6.72168
-7.238453
-7.176943
-7.692078
-8.782644
-8.407784
-8.200552
-8.402919
-8.806623
-9.460737
-9.154617
-9.72863
-8.947469
-9.313971
-8.889055
-8.018876
-8.277518
-8.413047
-8.854393
-9.313565
-8.733206
-8.132982
-8.060399
-8.24432
-8.373704
-10.03612
-10.49618
-9.734345
-11.18207
-10.86494
-10.11236
-9.764712
-9.364488
-9.494804
-9.802822
-9.436144
-8.865242
-8.023293
-9.143853
-9.966262
-9.649199
-8.902833
-9.045335
-7.498242
-8.022633
-8.114982
-9.140922
-8.940236
-9.357203
-8.747917
-8.913597
-8.530786
-8.84615
-8.584474
-9.828638
-9.95587
-9.146705
-9.078318
-9.251999
-8.342252
-8.948052
-8.259234
-7.140248
-7.332802
-8.087844
-7.474545
-7.326382
-7.421387
-7.666282
-6.737135
-6.166922
-5.84219
-6.169415
-7.197979
-8.216994
-7.830339
-8.106915
-8.421698
-9.557417
-11.22615
-12.7456
-14.00436
-13.36409
-13.32426
-12.53558
-12.49834
-12.07206
-12.32349
-14.10231
-14.54634
-16.03053
-16.03024
-15.05791
-15.09763
-16.12756
-16.44711
-16.69194
-16.4821
-15.75805
-14.76284
-15.40911
-13.99242
-13.92008
-14.30788
-14.5802
-15.93443
-16.89924
-16.86074
-17.16601
-16.68125
-16.49447
-14.81446
-15.393
-15.73054
-15.89765
-16.42083
-15.85098
-15.93165
-15.49842
-15.09867
-15.41456
-14.99098
-15.81645
-15.25869
-15.00525
-15.26034
-16.45626
-16.83799
-16.7646
-15.77146
-15.78446
-15.47885
-16.38084
-16.80635
-18.43246
-17.60844
-16.46249
-18.26565
-18.91562
-17.49694
-16.30828
-17.5683
-16.9811
-16.63968
-16.69587
-17.23446
-16.97456
-16.46773
-16.078
-14.73195
-14.24007
-14.14081
-14.62366
-14.15867
-15.24439
-15.03828
-15.11926
-16.38672
-16.0865
-16.95593
-16.22501
-15.51156
-15.48433
-14.85747
-14.95525
-14.66192
-14.34883
-15.11788
-16.17176
-17.27652
-16.9007
-17.66362
-16.96496
-16.79642
-16.08293
-16.5269
-16.26928
-16.7375
-18.11531
-18.6611
-19.66417
-18.89465
-21.01359
-20.81263
-20.82604
-20.80059
-20.32742
-19.49114
-20.59726
-18.8574
-19.48895
-20.55282
-20.77898
-20.02834
-20.56818
-20.22805
-21.16934
-21.29185
-19.92078
-19.11714
-18.23768
-17.39917
-17.59383
-17.84219
-18.41601
-18.66301
-18.88716
-18.32103
-18.13107
-18.5505
-17.47687
-17.3174
-16.0381
-16.25816
-17.10507
-18.37916
-18.19223
-18.46925
-17.85951
-19.28788
-20.24883
-20.52014
-21.20597
-21.78564
-21.06912
-21.09016
-21.41479
-21.62803
-21.48912
-21.15706
-21.14435
-21.35537
-20.45471
-21.63587
-21.62582
-21.29913
-19.99514
-19.97377
-21.18229
-21.88186
-20.58317
-21.50795
-21.505
-20.15229
-18.74432
-18.2594
-18.90145
-19.0035
-19.3553
-20.41042
-20.82054
-19.81067
-19.66053
-19.24284
-18.69692
-17.1067
-16.8441
-17.0028
-17.90379
-19.55817
-18.84793
-17.76765
-17.09676
-17.58928
