0.01817084
0.0168406
0.02162196
0.02073011
0.02085079
0.01870222
0.02568289
0.01848401
0.02071982
0.02147661
0.0243091
0.02149922
0.0267486
0.02226809
0.02276273
0.02176195
0.0223024
0.02236582
0.02237707
0.02226185
0.02338323
0.02332939
0.02304485
0.02116714
0.02652864
0.02423634
0.02475968
0.02678428
0.01976462
0.02173722
0.02711145
0.02430711
0.01776489
0.02875174
0.02139956
0.01978874
0.02427341
0.0238711
0.0207971
0.02534958
0.02046028
0.02203008
0.02353486
0.0244091
0.02143601
0.02168854
0.02477617
0.01810022
0.01966433
0.02174429
0.02253062
0.02062791
0.02363807
0.02205864
0.02218036
0.02297132
0.02158359
0.02012173
0.02128579
0.02398024
0.02036044
0.02269202
0.0216845
0.02210306
0.02456441
0.02486964
0.02249381
0.0255081
0.0205991
0.02322058
0.0243892
0.02151894
0.02109561
0.03125738
0.02570999
0.02367639
0.02147233
0.0215409
0.02410138
0.02430199
0.02183535
0.02768566
0.02795826
0.02372482
0.02467459
0.02786968
0.02370257
0.02180371
0.02188556
0.02920428
0.02650013
0.01908535
0.02236738
0.02517297
0.02216957
0.02333749
0.02150203
0.02727587
0.02114424
0.02089135
0.02398513
0.0226371
0.01826794
0.01903176
0.02488763
0.023098
0.02122619
0.02202422
0.02086328
0.02654463
0.02441159
0.02313571
0.01953718
0.02695165
0.02669721
0.02004416
0.02254708
0.02309747
0.02307822
0.02253407
0.02152245
0.02241016
0.02179459
0.0224696
0.02332495
0.02207301
0.02253914
0.02203611
0.02698891
0.02017165
0.02269357
0.01792527
0.01923222
0.01807126
0.02162007
0.02842842
0.02195852
0.02030773
0.02060913
0.02137466
0.0233508
0.0238419
0.02516377
0.02404352
0.02121463
0.02563436
0.02496005
0.02255172
0.02083536
0.02446717
0.02314463
0.02274171
0.03121615
0.02371282
0.0244327
0.02424547
0.02395396
0.02110718
0.02118097
0.02202523
0.0212641
0.02452756
0.02387713
0.02096416
0.0209557
0.01966077
0.02446286
0.0214944
0.02083179
0.02550146
0.01869485
0.02562266
0.02183124
0.02273166
0.02296029
0.01996655
0.01932791
0.01876853
0.02136891
0.02137212
0.0180504
0.02076797
0.0204965
0.02121596
0.02334261
0.01854372
0.02245174
0.01781608
0.02131858
0.02145334
0.02338022
0.01883457
0.02115822
0.02236586
0.02320602
0.01932877
0.02145042
0.01884294
0.0235665
0.01988581
0.01904906
0.02301964
0.02309462
0.01885278
0.018496
0.02279108
0.02369968
0.02010207
0.01947758
0.02254912
0.01796793
0.02120536
0.01916177
0.0219061
0.01807091
0.01980989
0.02237388
0.0198281
0.01929613
0.02032742
0.0235345
0.01858372
0.02089872
0.02673737
0.02001691
0.01968756
0.02357296
0.02210225
0.02082303
0.01935012
0.02314876
0.02217586
0.01686952
0.01786273
0.02350222
0.02081754
0.01690195
0.01734705
0.01859169
0.0220418
0.02201253
0.02079198
0.0191125
0.02097481
0.02051348
0.01679363
0.02149783
0.02080509
0.02183234
0.01605678
0.0216479
0.02060069
0.01750152
0.02161239
0.02436857
0.01752068
0.02001655
0.01917211
0.0207246
0.01697784
0.02148363
0.02329215
0.0169327
0.02193959
0.02051893
0.02004835
0.02841495
0.01891471
0.02100601
0.02246932
0.02337842
0.02546718
0.02330416
0.02456464
0.0222297
0.02264826
0.02307655
0.02141053
0.02259352
0.01985907
0.02151232
0.02280016
0.022449
0.02184741
0.02192651
0.02419225
0.0236162
0.02158754
0.02332051
0.02153468
0.0258441
0.02349589
0.02427047
0.02429343
0.02360783
0.01892677
0.01886936
0.01975907
0.02144513
0.0183081
0.0275241
0.02053643
0.01982723
0.02049225
0.01870105
0.01953884
0.02386311
0.02319355
0.0239546
0.02397007
0.02605337
0.02334069
0.02555765
0.02391285
0.02080398
0.02569942
0.02373054
0.02110372
0.02310302
0.0235377
0.02269535
0.02125647
0.02471441
0.02725839
0.0223665
0.0212523
0.02474529
0.02147455
0.02314643
0.02333334
0.0232828
0.02162624
0.01990452
0.02136298
0.01860831
0.02098548
0.02304125
0.02426377
0.022663
0.02530265
0.02296552
0.02285442
0.02456278
0.02164252
0.02345569
0.01872528
0.02098197
0.02071156
0.02047067
0.02605551
0.0293305
0.02342798
0.02010696
0.0238948
0.0242081
0.02459544
0.02437495
0.02026122
0.02388652
0.02508414
0.02486287
0.0213453
0.0212604
0.02329738
0.02378944
0.0215238
0.02662723
0.02125341
0.02173443
0.01848315
0.02416774
0.02605839
0.02740603
0.02201945
0.02240041
0.02499152
0.0218518
0.02154901
0.02606408
0.02252861
0.0252523
0.0258066
0.02188258
0.02178068
0.02290396
0.0244731
0.01989255
0.02206539
0.02257726
0.02379632
0.02791227
0.02308251
0.02642533
0.02481074
0.02452658
0.02436174
0.02814565
0.02537339
0.01967549
0.01974684
0.01769152
0.02080682
0.021418
0.02861022
0.03405744
0.02110592
0.02080559
0.02344962
0.01931293
0.02110894
0.02445132
0.02167776
0.02771846
0.02284007
0.02508458
0.02146764
0.02507844
0.02467305
0.02375336
0.02240578
0.02299541
0.02210953
0.02478985
0.02475697
0.02481702
0.02327022
0.02577687
0.02187954
0.02087688
0.02496089
0.02286388
0.02392387
0.02333857
0.01884692
0.02116792
0.01927084
0.02321076
0.024992
0.0268232
0.02138865
0.02220116
0.02538232
0.02437375
0.02075943
0.02757616
0.02246022
0.02369789
0.02163269
0.0229886
0.02809893
0.0239473
0.02575191
0.02270125
0.02470918
0.01823962
0.02461279
0.02160395
0.0236195
0.02507494
0.0203078
0.02681973
0.02123271
0.02338662
0.02388723
0.02341579
0.02063776
0.0263801
0.02269348
0.02442313
0.0229314
0.02852805
0.02562886
0.02226852
0.02481034
0.02445007
0.02534142
0.02722533
0.02435677
0.02420901
0.0195164
0.02360346
0.02069669
0.02381873
0.02259091
0.01888179
0.02178703
0.02202739
0.02160395
0.02002463
0.02216019
0.02395423
0.02242128
0.02182984
0.02367022
0.02442227
0.02490078
0.02439243
0.02201156
0.02168029
0.02050128
0.02012137
0.0219884
0.02197346
0.02358382
0.02310409
0.01896194
0.02361627
0.02137879
0.02032059
0.02480522
0.02332943
0.02141047
0.02453418
0.02356306
0.02353853
0.02003283
0.02336992
0.02059998
0.0162151
0.0215337
0.02204487
0.01977721
0.02188383
0.02240592
0.0270305
0.022659
0.02056907
0.02168641
0.02431249
0.02112714
0.02223896
0.02144825
0.02091895
0.0251621
0.02542873
0.02167153
0.02028668
0.02387013
0.01752511
0.02317045
0.01990635
0.01991414
0.02126497
0.02246749
0.01984049
0.02411278
0.02163048
0.02470128
0.02169665
0.0232119
0.0240641
0.01799152
0.02197529
0.02808844
0.02052069
0.02470482
0.02184211
0.02075644
0.02452216
0.02778664
0.02138401
0.02659018
0.02129758
0.0259279
0.01983212
0.02442002
0.02244258
0.02270233
0.02778025
0.02277641
0.01938592
0.02169331
0.02386317
0.02299275
0.01925442
0.02215332
0.02802624
0.02261556
0.02346251
0.02250973
0.02071352
0.01932918
0.02126205
0.02069796
0.02648802
0.0184592
0.02499421
0.02366648
0.0236483
0.02288423
0.02230504
0.0249145
0.02405342
0.02306082
0.02445232
0.02017451
0.02406607
0.02308654
0.02171448
0.02220018
0.02077657
0.02263177
0.0214951
0.02833237
0.02588188
0.0207782
0.02903528
0.02634518
0.02156308
0.01990863
0.02556257
0.02522171
0.0181356
0.01600487
0.02290358
0.02102821
0.02565033
0.01958452
0.02126933
0.0234289
0.02110828
0.02339574
0.02347645
0.02448098
0.02263916
0.01988668
0.02138254
0.02445485
0.02154328
0.02224608
0.02113621
0.02482734
0.02285035
0.02418772
0.0232984
0.02012411
0.02041409
0.0219354
0.02167598
0.01819111
0.02002135
0.02286552
0.02056266
0.02239311
0.02859568
0.02531037
0.02160737
0.02494445
0.01969654
0.02211184
0.02295329
0.02374873
0.02715054
0.02451888
0.02124557
0.02173975
0.02595121
0.01932542
0.02111154
0.02143525
0.0204531
0.02363669
0.02197849
0.01992111
0.0227805
0.0264753
0.02346391
0.02371517
0.02286153
0.02452387
0.02826709
0.01714213
0.02371881
0.02327424
0.02646545
0.01717715
0.02058866
0.0187483
0.02131741
0.01724712
0.02262597
0.02555619
0.0261454
0.02382142
0.01757759
0.02052433
0.02738468
0.02340158
0.02158297
0.0233183
0.02535867
0.02127447
0.02774179
0.02489891
0.02069116
0.02164799
0.02676481
0.01869743
0.02066371
0.02555724
0.02085171
0.02864893
0.02455909
0.02283489
0.01896121
0.02251337
0.02030182
0.0209896
0.02196184
0.02134162
0.02171807
0.02047205
0.02222064
0.02319439
0.02630071
0.02093433
0.0301708
0.02441461
0.02196637
0.02716846
0.0253366
0.02227022
0.02181193
0.01989821
0.02709271
0.02277845
0.02411385
0.02224205
0.02373206
0.02221074
0.02708663
0.01964914
0.02177233
0.0257947
0.02422017
0.02699949
0.02519776
0.02864783
0.02020285
0.02379733
0.02057089
0.02368638
0.02270488
0.02581066
0.02337796
0.02595063
0.02219966
0.02730725
0.02423253
0.02187122
0.02717887
0.02500059
0.02372875
0.02224062
0.01991646
0.0210982
0.02731912
0.02106636
0.02618785
0.02488781
0.02276446
0.02102718
0.02195526
0.0203713
0.02643749
0.0250073
0.02327507
0.02322933
0.02154861
0.02559069
0.02046539
0.02635758
0.02443116
0.02316213
0.02400387
0.02084902
0.0229237
0.02376376
0.02607226
0.02677013
0.02315348
0.0223664
0.02015257
0.02579627
0.02537679
0.0272998
0.0241284
0.02170539
0.02144195
0.02107338
0.02578603
0.02424514
0.02170702
0.02673338
0.02606398
0.02497255
0.02331206
0.02218153
0.02191536
0.02288265
0.02161559
0.02216885
0.02031677
0.02554456
0.02489668
0.02187471
0.01977847
0.02421646
0.02510991
0.02254975
0.02448275
0.0302385
0.02506848
0.02381435
0.02379967
0.02451798
0.01988152
0.02537127
0.02158023
0.02613174
0.02886118
0.0234185
0.02840831
0.02403045
0.02628283
0.02150415
0.0216915
0.02447309
0.02263955
0.02163486
0.02692523
0.02304195
0.02418441
0.0248258
0.02323714
0.02288871
0.0187623
0.0286616
0.02457058
0.02379086
0.02424715
0.02395838
0.02486915
0.02288896
0.02177076
0.02249307
0.02349599
0.02848126
0.03258321
0.02165066
0.02838156
0.0252999
0.01930457
0.02351361
0.02236408
0.02511738
0.02322611
0.02812968
0.01947431
0.02451337
0.02203809
0.02167515
0.02421996
0.0216998
0.01997389
0.01942137
0.02044088
0.02415955
0.0206992
0.02789737
0.02047626
0.02571024
0.02452023
0.0260361
0.02137727
0.02676043
0.01977891
0.02659503
0.02482034
0.02380254
0.02528474
0.02529806
0.02195551
0.02370939
0.02234349
0.02157557
0.02084237
0.02824471
0.02249649
0.02546388
0.02307275
0.0222513
0.02210675
0.02216272
0.02636764
0.0301573
0.02336451
0.01795238
0.02490887
0.02699699
0.02278793
0.02327679
0.03055158
0.02236732
0.02657583
0.02754121
0.0232014
0.02301165
0.02267919
0.02295271
0.02239281
0.02282506
0.02612767
0.0222764
0.02204082
0.02599999
0.02746266
0.02273381
0.0231107
0.02347364
0.02256277
0.02368594
0.02160795
0.02378923
0.02694103
0.02207263
0.02121265
0.02498676
0.02675305
0.02448548
0.02515648
0.02187018
0.02623924
0.02237444
0.02249238
0.02429884
0.02223271
0.02222083
0.02962909
0.02965936
0.02416893
0.02563975
0.02328521
0.02021347
0.02208998
0.02271105
0.02090343
0.02596813
0.02828413
0.02262593
0.02486627
0.02094305
0.02801932
0.0239795
0.02640643
0.02151648
0.02290824
0.02423662
0.02200574
0.02499531
0.02605236
0.02789344
0.02028554
0.02871648
0.0244772
0.02638491
0.01979608
0.01828216
0.01990393
0.02487131
0.02007036
0.02375813
0.01918837
0.0195544
0.0214912
0.02359345
0.02276921
0.02365528
0.01751046
0.0207715
0.01733805
0.02137792
0.01870522
0.02296629
0.02071766
0.01632047
0.01825389
0.0224124
0.02637935
0.01871356
0.01723964
0.02227586
0.01820997
0.02066613
0.01911633
0.02080196
0.02222534
0.02165752
0.01896635
0.02207906
0.02403319
0.02164597
0.02416798
0.02386517
0.02537689
0.02228112
0.02714173
0.02372906
0.02229255
0.02317417
0.01985502
0.02384559
0.02014635
0.0236596
0.02356885
0.02421564
0.0302343
0.02418147
0.02351941
0.02809551
0.02005901
0.02508725
0.02896309
0.02328847
0.02474684
0.02406791
0.02417033
0.02397514
0.02275563
0.02400571
0.02631889
0.02398254
0.02439778
0.02519287
0.02161697
0.02405265
0.02343268
0.02212636
0.0237932
0.02294557
0.02384083
0.02427972
0.02290527
0.02177379
0.02276038
0.02678763
0.0254741
0.02402173
0.02666221
0.02301257
0.02237817
0.02480057
0.02222708
0.02312614
0.01980228
0.02472931
0.02548063
0.02568456
0.02612555
0.02364408
0.02299185
0.02182205
0.02310685
0.02563202
0.02398656
0.02261928
0.02487558
0.023914
0.02088877
0.02370576
0.02142913
0.02140936
0.02133352
0.02220632
0.02150166
0.02515707
0.02186198
0.02252034
0.02740553
0.02213128
0.02283569
0.0207757
0.02255266
0.02581643
0.02464394
0.02124445
0.02461057
0.02242536
0.02506637
0.02359365
0.02600382
0.02928984
0.02742092
0.0248418
0.02134592
0.02301724
0.02200875
0.02197053
0.02451747
0.02313019
0.02259275
0.02472204
0.02356677
0.02521082
0.02101342
0.02626247
0.02323817
0.02220867
0.02283286
0.02490274
0.02155502
0.02215851
0.02245292
0.02345479
0.02025392
0.02403099
0.02342394
0.02188789
0.0277708
0.02203007
0.02545651
0.02611885
0.02862588
0.02617433
0.02730356
0.02412261
0.02707759
0.02611395
0.02523362
0.02197856
0.024106
0.02308135
0.02215795
0.02531534
0.02150173
0.02600928
0.02541774
0.01755201
0.02269952
0.02431878
0.02473444
0.0243906
0.02300723
0.0310493
0.02474621
0.02110223
0.02353606
0.02230044
0.02397071
0.0208692
0.02616653
0.01956239
0.02357577
0.02149593
0.0220137
0.0224833
0.02146923
0.03166074
0.02183451
0.02741612
0.02058728
0.02523308
0.02283838
0.02246018
0.01992171
0.02333058
0.02676039
0.02088656
0.01979671
0.02698198
0.02359011
0.02288189
0.02193729
0.0205635
0.02540368
0.02266165
0.02560869
0.02557322
0.02573143
0.02809963
0.01751282
0.02363686
0.02786141
0.02143034
0.02301352
0.02034122
0.02513279
0.02602577
0.02032188
0.02436213
0.02494079
0.02561345
0.02595595
0.02036806
0.02219619
0.02695367
0.02551243
0.03128426
0.02301566
0.02627632
0.02187692
0.02879541
0.02645687
0.02352171
0.02527428
0.02437521
0.02604323
0.0252602
0.02698396
0.02779566
0.02285076
0.02627237
0.0223614
0.02056026
0.02239492
0.02439193
0.02413272
0.02282082
0.02281737
0.02460144
0.02137877
0.02062803
0.02821295
0.02457795
0.02473376
0.02675863
0.02318048
0.0275529
0.02496014
0.02306256
0.02489252
0.02271
0.02372143
0.02599332
0.02563714
0.02946912
0.02085786
0.02387975
0.01877861
0.02633277
0.020479
0.02451765
0.02515885
0.01942231
0.02078222
0.02324106
0.02484147
0.02378229
0.02167866
0.0262037
0.02019114
0.02551472
0.02160255
0.02268171
0.02679581
0.02138637
0.02726262
0.02237272
0.02661679
0.02013292
0.02597552
0.0201109
0.02649288
0.02298185
0.02348746
0.02283119
0.02194647
0.02266033
0.0242664
0.02307395
0.02374269
0.02588736
0.02182773
0.02307571
0.02133892
0.02476194
0.0293189
0.02277676
0.02388813
0.02523434
0.02129175
0.02560958
0.02286133
0.02346243
0.02376979
0.02619354
0.02535894
0.02254766
0.02420968
0.02392917
0.0207869
0.02073981
0.02420335
0.02150956
0.0241999
0.02574072
0.01777537
0.02448588
0.0200162
0.02367823
0.02100247
0.02555097
0.02436514
0.02707678
0.0262751
0.02070065
0.02749205
0.02334932
0.02417314
0.02050066
0.02039959
0.02429931
0.02014511
0.01731458
0.02101594
0.02388419
0.02171485
0.01812276
0.02177019
0.02700828
0.02688398
0.01931794
0.0192881
0.02184715
0.02270274
0.02145812
0.02545403
0.0237477
0.02244216
0.02242684
0.0267759
0.02323143
0.02389559
0.02386681
0.0210438
0.02428292
0.02250101
0.02079307
0.02905884
0.02072048
0.02280668
0.0206699
0.02544567
0.02720008
0.02291197
0.0232944
0.02440755
0.02283946
0.02658309
0.02110318
0.02270362
0.02254441
0.02315157
0.02333155
0.02232317
0.01982784
0.02284465
0.02261169
0.0267152
0.02380813
0.02216057
0.02083382
0.02373934
0.021394
0.02673141
0.01962535
0.0237143
0.02174767
0.0230607
0.02353095
0.02624371
0.02335494
0.02643384
0.02667618
0.02087353
0.02167988
0.02275026
0.02220086
0.02454191
0.02130851
0.02636992
0.02344072
0.02516888
0.022227
0.02108995
0.02359795
0.02504678
0.02871247
0.02670662
0.02393226
0.02231526
0.02259511
0.02464654
0.02112636
0.02203153
0.02277332
0.02660867
0.01947651
0.02714363
0.02412024
0.02214962
0.0237644
0.02431273
0.02462672
0.01988618
0.02406072
0.02046804
0.02220333
0.02338141
0.02678562
0.023007
0.02297436
0.02561983
0.02525448
0.01916597
0.02353876
0.02160184
0.02543438
0.02856179
0.02256748
0.02495829
0.02082074
0.02542739
0.02685729
0.02722576
0.01974028
0.02540406
0.02409158
0.02121131
0.02445721
0.02545148
0.02545253
0.02074463
0.02553553
0.02017754
0.02396578
0.02325464
0.02413491
0.02181942
0.020475
0.02443842
0.02038985
0.0210299
0.02272258
0.01816403
0.02343482
0.02346243
0.02180831
0.02338633
0.02193688
0.02226064
0.02372959
0.02037843
0.02343427
0.02519492
0.02572013
0.02681336
0.02158666
0.02282779
0.01986168
0.02412513
0.02233385
0.0215147
0.02216416
0.02123087
0.02267684
0.02317093
0.02351568
0.02275776
0.02414726
0.02324643
0.02225412
0.02069519
0.02555194
0.0206001
0.01967386
0.02257443
0.02142659
0.02482344
0.0237532
0.0246761
0.02489851
0.01965409
0.02329417
0.02506334
0.0248379
0.02407478
0.02264983
0.02218372
0.02699409
0.02279171
0.02781542
0.02638248
0.02074043
0.02538683
0.02399581
0.02297946
0.02376903
0.02645236
0.02824529
0.02657803
0.02105237
0.02497928
0.02601249
0.02704178
0.02335215
0.01910589
0.0210281
0.02196358
0.02570228
0.02009429
0.02392028
0.02136777
0.02206357
0.01909849
0.02305654
0.02042811
0.02430036
0.02138749
0.02261269
0.02162326
0.0215516
0.02180057
0.02493558
0.02374628
0.02586048
0.02204399
0.02086374
0.02135093
0.01999467
0.02390535
0.02397256
0.02657419
0.02415384
0.01976249
0.01995281
0.01951007
0.02695562
0.02342862
0.02183025
0.02399158
0.02551975
0.02335362
0.02604236
0.02077128
0.02527025
0.02303401
0.02312319
0.02146042
0.02410676
0.0238587
0.02617493
0.0247721
0.023337
0.02440492
0.02045756
0.02426603
0.02495202
0.02217549
0.02065199
0.02029927
0.02493194
0.02011485
0.02172807
0.02566589
0.02259608
0.02435269
0.02327458
0.02160783
0.01972439
0.02477472
0.02230893
0.02314214
0.02922373
0.02681908
0.02168694
0.03136945
0.01857969
0.02377851
0.02137178
0.02183018
0.02432623
0.02531511
0.02361711
0.02215658
0.02066202
0.01986374
0.01784036
0.02117655
0.02360791
0.02394319
0.02720961
0.02161374
0.02194731
0.02006302
0.02454598
0.02033871
0.02431687
0.0243301
0.02299826
0.02519732
0.02650879
0.02229509
0.02132742
0.02166237
0.0198443
0.02363781
0.02162722
0.02153288
0.02505429
0.02871235
0.02346093
0.02536542
0.02339619
0.02177174
0.02568665
0.01940242
0.02254573
0.02508349
0.02801718
0.02428371
0.02282005
0.02554375
0.02090259
0.02622514
0.02026863
0.02334288
0.02400839
0.02554726
0.0275762
0.02170954
0.01929106
0.02106368
0.02461742
0.02436597
0.02709016
0.02304635
0.02672254
0.02210971
0.02560663
0.02508719
0.02760265
0.02264614
0.02255126
0.0252505
0.0202762
0.02341635
0.02495501
0.02452421
0.02442305
0.02079393
0.02817878
0.02552036
0.02634107
0.0280688
0.02301993
0.02366838
0.02073139
0.02692059
0.02341298
0.02838499
0.02428812
0.02266946
0.0209962
0.0235487
0.02224019
0.0263268
0.02526044
0.02103427
0.02910506
0.02503446
0.0263227
0.0235672
0.02647315
0.03067188
0.02869627
0.02403159
0.0241352
0.02131971
0.02546302
0.02753427
0.02470451
0.02422986
0.02488811
0.02024496
0.02360984
0.02846122
0.0284693
0.02207735
0.02342833
0.0243435
0.02261773
0.0276584
0.02091192
0.02306939
0.02524657
0.02189755
0.02359917
0.02258915
0.01773144
0.02508726
0.02164193
0.02110913
0.02569777
0.02434627
0.02192346
0.02443994
0.02212704
0.02385209
0.02066232
0.02413609
0.02453166
0.02199254
0.0210314
0.02226409
0.02453315
0.02344774
0.01953951
0.02245043
0.02423791
0.01998478
0.02351503
0.02463664
0.02662226
0.023414
0.02357364
0.02145764
0.02419523
0.02749648
0.02479305
0.02449968
0.02661932
0.02057597
0.0219655
0.02253103
0.02279713
0.0213325
0.01899068
0.02527053
0.02217009
0.02100516
0.02627822
0.02482956
0.0255989
0.02108401
0.01996542
0.0254008
0.02370872
0.02133566
0.02221197
0.02415542
0.02020374
0.02179777
0.01983847
0.02488599
0.02388372
0.02289159
0.02205596
0.02700901
0.02320672
0.0223804
0.0242517
0.02211835
0.02391996
0.02472084
0.02162858
0.02689108
0.020714
0.02227778
0.02201852
0.02076159
0.02200302
0.02393821
0.02292022
0.02725295
0.02512138
0.01864051
0.02260671
0.0231521
0.02163371
0.02287119
0.02167827
0.02018131
0.02462816
0.02090284
0.02456725
0.02565639
0.02285918
0.02411884
0.02363405
0.02014229
0.02921482
0.02024177
0.01873089
0.02143941
0.0212317
0.02378342
0.02791612
0.02179064
0.02066393
0.02235974
0.02205512
0.01962879
0.02282848
0.02222998
0.0235311
0.02083791
0.02487981
0.02469097
0.02133747
0.02692488
0.01924059
0.02427939
0.02142499
0.01958077
0.02784863
0.02282744
0.02146753
0.02713407
0.02215926
0.02289976
0.0243027
0.02099364
0.02273717
0.02313191
0.02491642
0.02222029
0.02254796
0.02111789
0.01977774
0.02785709
0.02103715
0.02105483
0.02066069
0.02267806
0.02303977
0.02623112
0.02836245
0.02459115
0.02051351
0.02362164
0.02098745
0.02426276
0.02303172
0.0197758
0.02273188
0.02227543
0.01977071
0.02359175
0.02031998
0.01893051
0.01966289
0.02197174
0.02118749
0.02043018
0.02030104
0.02279722
0.0219794
0.01788096
0.0233111
0.02415836
0.02265998
0.02312028
0.02384255
0.02634441
0.02514043
0.01865629
0.02326768
0.02349952
0.02310884
0.0220605
0.02393383
0.02335816
0.02679485
0.02476057
0.02521181
0.02067698
0.02105049
0.02152692
0.02405181
0.02307863
0.02034515
0.02458413
0.02815546
0.01893108
0.023215
0.02519059
0.02523689
0.02258199
0.02198036
0.01987836
0.02284471
0.02206228
0.01864936
0.02305004
0.02540209
0.02141044
0.02142907
0.01995437
0.02287794
0.02587082
0.02388206
0.02006156
0.0218893
0.02702127
0.02059532
0.02006906
0.02226989
0.02114985
0.02224583
0.0241832
0.02066627
0.0241968
0.02258166
0.02367333
0.02311879
0.02624454
0.02359744
0.02230617
0.02676317
0.0217045
0.02404657
0.02254237
0.02166478
0.02568203
0.02473543
0.02327165
0.02367464
0.02064963
0.02330978
0.02503297
0.02289469
0.02457917
0.02122384
0.02444112
0.01812779
0.01968917
0.02035242
0.02036027
0.02112483
0.02521359
0.02911513
0.02286701
0.02121731
0.02790683
0.02383478
0.01866939
0.0221157
0.0209122
0.01986989
0.02134891
0.01737386
0.01905562
0.02175997
0.01684705
0.02200472
0.01753848
0.02542287
0.02305727
0.02371877
0.02247106
0.02573261
0.01761548
0.01956674
0.02127569
0.01942451
0.0198452
0.02010432
0.01930214
0.02085796
0.02216247
0.01819567
0.01808187
0.02165878
0.02163965
0.02253738
0.0234366
0.02177315
0.02173061
0.01964716
0.01343739
0.01987537
0.01920373
0.02285082
0.01927032
0.0236023
0.01958214
0.02240314
0.02198169
0.02361788
0.01970727
0.02165758
0.02184416
0.02354775
0.02359809
0.0213591
0.02149362
0.01801468
0.01805062
0.02875625
0.0282904
0.02145576
0.01833517
0.02864474
0.0260056
0.02510378
0.02586806
0.02437878
0.02528043
0.02123628
0.02387549
0.02055238
0.02283054
0.01791392
0.02131611
0.02227282
0.0209443
0.02156211
0.02198476
0.02231001
0.02272459
0.02193673
0.02145754
0.02438634
0.02633755
0.02070396
0.02220137
0.02248328
0.02224378
0.02292914
0.02360358
0.02151777
0.02285986
0.0230134
0.02592452
0.02240554
0.02195026
0.02012042
0.02559229
0.0216544
0.02306739
0.0233876
0.02111957
0.02084352
0.02374877
0.0255567
0.02036848
0.02751823
0.0235581
0.02149391
0.02388135
0.02336849
0.02162525
0.02076426
0.02355733
0.02414748
0.02082677
0.02202893
0.02199654
0.0200974
0.01985805
0.02711778
0.0204033
0.02321845
0.02373262
0.01991141
0.02459398
0.02128141
0.02744572
0.02128818
0.02354004
0.02089136
0.02320407
0.02218317
0.02428194
0.02057535
0.02630845
0.0260108
0.02391004
0.02294431
0.02218365
0.02019305
0.02474606
0.02284444
0.02008787
0.02241201
0.0222636
0.02417214
0.02555042
0.02104479
0.0235413
0.02526042
0.02425882
0.02101099
0.0224248
0.02053244
0.02385413
0.02156374
0.02481365
0.0241692
0.02509471
0.02593671
0.02348761
0.02266246
0.02058702
0.02136676
0.02352539
0.01971451
0.02007047
0.0212656
0.02249568
0.02330741
0.02309329
0.02352886
0.01790623
0.02525294
0.02388021
0.02280828
0.02667691
0.02336063
0.0226076
0.02383849
0.02398522
0.02217742
0.02186252
0.02433623
0.02431588
0.02564595
0.02150129
0.02375885
0.02362181
0.02156342
0.02717531
0.02112085
0.02693598
0.02379367
0.01929781
0.02508639
0.02239376
0.02426652
0.02431779
0.02276206
0.0224029
0.02159266
0.02017052
0.02316247
0.02308948
0.02193858
0.02738356
0.02151282
0.02512684
0.01952682
0.02064291
0.02710088
0.02684262
0.02582795
0.02832171
0.02443646
0.0247631
0.02093683
0.02160626
0.02364905
0.02072557
0.02266193
0.02256045
0.02412938
0.02123657
0.02632626
0.02246781
0.02118191
0.02655223
0.02607458
0.02014188
0.02228251
0.02461722
0.02414034
0.02491646
0.02102974
0.02456181
0.02473964
0.02648132
0.02411139
0.02184383
0.02374065
0.0233262
0.02611992
0.02244147
0.02387797
0.02714833
0.0194294
0.02333215
0.0188365
0.02289676
0.02430711
0.02305434
0.02063455
0.02566733
0.02190173
0.01850302
0.02400816
0.02160423
0.02022282
0.02788308
0.02144341
0.02148469
0.02253629
0.02250435
0.02164964
0.02186038
0.02413448
0.02172401
0.02157987
0.02340541
0.02344488
0.0239234
0.01989906
0.02200192
0.02571798
0.02499569
0.0255912
0.02239133
0.02295441
0.02201188
0.02373825
0.02038942
0.02461601
0.02252359
0.02495734
0.01961737
0.02105105
0.02619191
0.02320653
0.02373545
0.01931433
0.0188259
0.0224982
0.01946852
0.02295913
0.02284793
0.02127753
0.02219159
0.02465491
0.02278509
0.01751261
0.0226023
0.02376733
0.01969504
0.01782426
0.02055726
0.0202949
0.01925211
0.02559476
0.02080851
0.02095474
0.02036696
0.02253482
0.02220868
0.01978976
0.0183531
0.01937402
0.01977863
0.02067566
0.0222284
0.01717634
0.02189334
0.02429613
0.02146836
0.0194344
0.02148781
0.02309626
0.02529745
0.01974176
0.0226505
0.02142383
0.01716781
0.019339
0.01851411
0.02182773
0.0188826
0.01857532
0.02423826
0.02060817
0.01799255
0.02176829
0.01940211
0.02141113
0.0210588
0.01918335
0.01782361
0.01784302
0.0177923
0.01872081
0.01935083
0.01980714
0.01690378
0.01798151
0.02045343
0.01938657
0.02187942
0.02464682
0.01852969
0.01901444
0.01785445
0.02321243
0.02070405
0.0171217
0.02111415
0.02041474
0.02018104
0.01929457
0.01961056
0.02117066
0.02194739
0.01604533
0.02168592
0.02416776
0.0224971
0.02203443
0.01701334
0.0215952
0.01648696
0.0197788
0.01816487
0.02016355
0.01723133
0.02087759
0.02209494
0.0219186
0.02105042
0.02278892
0.01790543
0.020996
0.02100099
0.01876985
0.01963535
0.02646151
0.02139348
0.02086403
0.02396764
0.02011863
0.02286578
0.0220322
0.02212819
0.0231905
0.02039039
0.02343096
0.02061769
0.01580822
0.02051986
0.02379116
0.02167601
0.02254683
0.01750359
0.02102689
0.0225518
0.02267184
0.01867585
0.0199726
0.02091711
0.0260552
0.02791511
0.02007367
0.02276389
0.018538
0.01934396
0.02585808
0.01972403
0.02106683
0.02411154
0.0209395
0.02445996
0.02053954
0.02203987
0.02362965
0.01921366
0.02022556
0.02129961
0.02224204
0.02254206
0.02138627
0.02045526
0.02065616
0.02236487
0.01943633
0.01948159
0.02593083
0.020874
0.02108212
0.02439493
0.02829251
0.02805439
0.02172436
0.02586413
0.02122227
0.02324183
0.02344038
0.02115834
0.02077525
0.01970601
0.02479946
0.02055826
0.02208004
0.02021399
0.02762638
0.02121749
0.01978289
0.01788937
0.02062613
0.01918586
0.01952372
0.02471725
0.01888547
0.02358086
0.0208756
0.02278647
0.01973371
0.0259892
0.02457713
0.02328806
0.02568857
0.02012458
0.02252494
0.01800655
0.02240861
0.02138987
0.02172285
0.02517297
0.02047671
0.02215118
0.02453611
0.02441541
0.02057987
0.02424405
0.01968704
0.01945295
0.02614098
0.02389326
0.0201342
0.01778172
0.02126698
0.01976552
0.01998203
0.01818257
0.02378836
0.02113907
0.01857664
0.02423749
0.02050726
0.01999443
0.02376476
0.018668
0.02132086
0.02082044
0.02009119
0.01843523
0.02096012
0.01771376
0.01933992
0.01727223
0.02158549
0.01871124
0.01952963
0.01771426
0.02155661
0.02199666
0.02190254
0.02003971
0.01932165
0.01827306
0.0199196
0.02036957
0.01828384
0.01707758
0.02178404
0.0167518
0.02015815
0.02322615
0.02427366
0.01777336
0.01887219
0.02046085
0.02495307
0.01882606
0.02353318
0.02068838
0.02161302
0.01892633
0.01792508
0.01865071
0.01759123
0.02357653
0.01916167
0.01984295
0.02083594
0.0249779
0.0201067
0.02257978
0.01812714
0.02221285
0.02008345
0.02334439
0.02189962
0.01851521
0.02187535
0.02019928
0.02122079
0.02168248
0.01939877
0.02343787
0.02217432
0.02058447
0.01934791
0.01959005
0.02275688
0.02317226
0.02110514
0.02036636
0.01993316
0.02488915
0.02310317
0.0193515
0.01984344
0.01994503
0.01867885
0.02169316
0.02355235
0.02163567
0.02536231
0.02082382
0.02058659
0.02426561
0.02115376
0.02232696
0.02106672
0.0206182
0.01955146
0.01908995
0.02256958
0.02141648
0.01925661
0.02064657
0.01876077
0.0213723
0.02355523
0.02364881
0.01930456
0.02362404
0.01788132
0.0218551
0.01988026
0.02304397
0.01946979
0.02294645
0.01901849
0.02082892
0.02197488
0.0227107
0.01902289
0.02076801
0.01772636
0.02209382
0.02353446
0.02172648
0.02136421
0.01577118
0.02099079
0.02021161
0.02516557
0.02172073
0.0306398
0.02153454
0.02424427
0.02204127
0.01922421
0.02229923
0.0264259
0.01862735
0.02264082
0.02299566
0.01949945
0.01796553
0.02291054
0.02138015
0.02047638
0.0216588
0.02043739
0.02105895
0.02045875
0.02228604
0.02629716
0.02508613
0.02001778
0.02355918
0.02047547
0.01917132
0.02719782
0.02986106
0.02163224
0.02161703
0.02569731
0.02096603
0.02196797
0.02028108
0.02053949
0.02632681
0.02401446
0.02379322
0.02354502
0.0225495
0.02054248
0.02449927
0.01909733
0.02780366
0.02436228
0.02140208
0.02369256
0.01961302
0.02385655
0.02341478
0.02345366
0.02346127
0.02141681
0.01905891
0.02544968
0.02242899
0.02170522
0.02270158
0.02011486
0.02049133
0.02591901
0.02186232
0.02180099
0.02411325
0.02567433
0.0214886
0.02094294
0.02528438
0.02164991
0.02283772
0.02548491
0.02315386
0.01983774
0.02291199
0.02003617
0.02658
0.02835949
0.02283211
0.02555034
0.01997472
0.02359319
0.02285041
0.01993512
0.02286283
0.02379874
0.01943556
0.02104097
0.02814832
0.01854112
0.02241306
0.02127142
0.02404076
0.02129121
0.02707715
0.02273682
0.02731102
0.01987486
0.02416637
0.02138006
0.02626202
0.02359913
0.01963813
0.02390211
0.02379853
0.02179333
0.01982802
0.02044563
0.02031029
0.02606267
0.02206136
0.02164645
0.02256695
0.02359646
0.02267865
0.02009447
0.02302137
0.02034765
0.02636362
0.02089083
0.01891225
0.01961159
0.01746969
0.02411327
0.022303
0.02115482
0.026054
0.01861511
0.02064496
0.02162346
0.02288209
0.01667509
0.01966883
0.01832047
0.02207819
0.02087415
0.01917383
0.02053687
0.02050426
0.02256198
0.01983027
0.02063673
0.02037775
0.01928969
0.0198679
0.02105553
0.01972875
0.02471547
0.02898153
0.02223242
0.02372467
0.02148584
0.01895781
0.0175631
0.02335886
0.01780135
0.01927985
0.0195912
0.02313257
0.02193025
0.0182835
0.02033026
0.02278668
0.02100642
0.02417182
0.02103626
0.01732548
0.02083347
0.02514129
0.02184254
0.02318435
0.02075507
0.02221037
0.02395581
0.01755112
0.02141395
0.02372686
0.02146702
0.02077316
0.01824033
0.02081649
0.02162369
0.01855508
0.02477771
0.01650661
0.01922584
0.01823547
0.01907736
0.02533491
0.0177673
0.01911314
0.02445417
0.01986712
0.02025193
0.02201658
0.01668174
0.02178485
0.01913531
0.01968403
0.02411654
0.02353986
0.02117631
0.02682244
0.02081449
0.02014745
0.02147229
0.02269849
0.01823338
0.0212368
0.02361066
0.0211659
0.02160315
0.01635067
0.02293984
0.01990996
0.01969714
0.01956151
0.02358111
0.02355264
0.02251525
0.0230167
0.02217747
0.02125996
0.01809488
0.01924949
0.02000898
0.02676218
0.02351254
0.02551672
0.02525337
0.02418258
0.01827906
0.02305333
0.02401729
0.0215156
0.02201652
0.02527853
0.0213195
0.02442152
0.02271293
0.02278132
0.02523622
0.02247381
0.02301683
0.02284359
0.02453918
0.02285375
0.02134528
0.02427728
0.02238374
0.02261854
0.02117227
0.02131271
0.02263048
0.02129138
0.02282162
0.0222862
0.02343447
0.02512649
0.02105968
0.01742959
0.02265341
0.02131704
0.02573971
0.02041906
0.02849655
0.02059383
0.02470424
0.02116418
0.01979995
0.02562036
0.02082982
0.02475978
0.02051636
0.02263056
0.02500025
0.02629978
0.02231527
0.02054849
0.01892181
0.02737498
0.02300135
0.01940202
0.02265268
0.01915266
0.02056572
0.02634519
0.02297245
0.02213986
0.02062528
0.02641333
0.02364413
0.02434746
0.02463455
0.02387887
0.0188706
0.01809852
0.0219203
0.02142671
0.02167178
0.02250728
0.02186808
0.02067504
0.01865999
0.02231267
0.01790637
0.02184903
0.02262677
0.02409622
0.02684668
0.02387863
0.02052395
0.02741857
0.02448013
0.02188023
0.0215056
0.01624107
0.02524576
0.01647501
0.01955116
0.02361951
0.01712069
0.02132392
0.02045173
0.02143136
0.01896793
0.01959816
0.01870459
0.02286789
0.02102001
0.0194834
0.02338794
0.02185351
0.01791
0.02200879
0.02352432
0.01770578
0.02194988
0.01830139
0.0232335
0.02314132
0.02785235
0.01804814
0.02222081
0.02095893
0.02460185
0.02686134
0.03168679
0.01907732
0.02051407
0.02236053
0.0227021
0.02141263
0.02063735
0.01872768
0.02775053
0.02110881
0.02257785
0.01992893
0.02335737
0.01481994
0.02193395
0.02380436
0.02255294
0.01773008
0.01915247
0.01972605
0.02452457
0.02228297
0.02077785
0.02203091
0.02209473
0.02602911
0.02329079
0.02356644
0.01863995
0.02150937
0.02463409
0.02238568
0.0216857
0.02203003
0.02477624
0.0222491
0.02230046
0.01922838
0.02154053
0.01981253
0.02015011
0.01958525
0.02310932
0.02170008
0.02245009
0.02048004
0.01899211
0.01804206
0.01941067
0.02144829
0.02091763
0.02276048
0.01835203
0.01752185
0.01851313
0.02075294
0.01763849
0.02210599
0.021918
0.01820056
0.02297512
0.02042006
0.02164235
0.01870602
0.02202308
0.01880543
0.02515381
0.01848478
0.01959899
0.02063818
0.02125342
0.02077879
0.02408364
0.0185629
0.02069991
0.02086075
0.02113256
0.01958458
0.02378654
0.02138449
0.02723244
0.02392881
0.0202726
0.0203486
0.02185912
0.0219927
0.0206264
0.02423431
0.02176296
0.02196281
0.0259491
0.02157428
0.02124356
0.01940476
0.02044692
0.01812839
0.01750043
0.02190091
0.02018311
0.01862736
0.02407601
0.022687
0.0194183
0.02207689
0.01970761
0.0155878
0.02147068
0.02005403
0.02231752
0.02133795
0.0252463
0.02049529
0.01937294
0.0220793
0.02068383
0.02495696
0.02308014
0.02504041
0.02099108
0.01940769
0.02166418
0.01952793
0.02011995
0.02238218
0.02550155
0.02271806
0.02593621
0.01958408
0.02020191
0.02355044
0.0234331
0.02027473
0.02222572
0.01936414
0.02775562
0.02378183
0.02059215
0.02534982
0.02226042
0.02324236
0.02108631
0.02282916
0.02464132
0.0238922
0.01842534
0.02112689
0.01864299
0.02296008
0.02473476
0.02209366
0.02145784
0.02351653
0.0222357
0.0227728
0.02324901
0.02152755
0.02423399
0.02403828
0.02052645
0.02471747
0.02330125
0.02549808
0.02647309
0.02180455
0.02230655
0.02739463
0.02569832
0.02509127
0.02175905
0.02183773
0.02584113
0.02667411
0.02138388
0.02341087
0.02062106
0.02398925
0.019891
0.02088347
0.02035465
0.01934128
0.02028677
0.02342609
0.0176384
0.01987967
0.0194047
0.02523784
0.02946202
0.02140697
0.01993042
0.02312177
0.02335012
0.02243042
0.0259261
0.02056394
0.0214014
0.02373776
0.02115036
0.02074653
0.02134476
0.02102341
0.02204975
0.01973713
0.02609015
0.01948158
0.0244078
0.01804468
0.02158038
0.02203986
0.02424642
0.02041584
0.02402525
0.01910417
0.02345626
0.02149893
0.02280824
0.01972141
0.02258525
0.02596332
0.02345122
0.02238688
0.02665236
0.02102793
0.02112721
0.01976327
0.02038993
0.01603974
0.02311095
0.02106145
0.02281061
0.02043423
0.02357207
0.01844009
0.01647927
0.0227619
0.01881339
0.02257414
0.02006364
0.0228632
0.02118692
0.02071112
0.01883475
0.02468072
0.02248723
0.02370009
0.02240674
0.02366102
0.02690558
0.02221255
0.022118
0.0236841
0.02390941
0.01907176
0.0271629
0.01954598
0.02239746
0.02503278
0.02001678
0.02143327
0.02229936
0.02158054
0.02194142
0.01876175
0.02181937
0.02060142
0.02055744
0.0228566
0.02058396
0.02594535
0.02508951
0.01905608
0.02099026
0.02568795
0.02151101
0.01997334
0.02086844
0.02127263
0.01877084
0.02847887
0.01928515
0.02493898
0.02002608
0.01942492
0.02211048
0.02279913
0.02125471
0.0239532
0.02377616
0.0308363
0.02868844
0.02293446
0.02620824
0.02604757
0.02437378
0.02421758
0.02435278
0.02430186
0.01963319
0.02546277
0.02768992
0.01880111
0.02647706
0.0261396
0.0239661
0.02132647
0.02478347
0.02241113
0.02163855
0.02291405
0.02057153
0.02228272
0.02010613
0.02474383
0.02322004
0.02294691
0.02337085
0.02313963
0.02033205
0.02229748
0.02216939
0.02363347
0.02341434
0.02424631
0.02224962
0.0247607
0.02173476
0.02196738
0.02260588
0.01945347
0.0258505
0.02085681
0.02284223
0.02490888
0.02023942
0.02168113
0.02137122
0.02114875
0.02273145
0.02258319
0.02223398
0.02261161
0.0220453
0.02368403
0.02044265
0.02309933
0.01830596
0.02709596
0.02318245
0.02054884
0.02284362
0.02601405
0.022163
0.01869927
0.02207922
0.02052142
0.02486315
0.02003576
0.02397423
0.0253632
0.01735662
0.02005743
0.02084152
0.02278909
0.02000583
0.02190689
0.02050687
0.02106046
0.02281247
0.02580425
0.02387469
0.02213845
0.02407543
0.02128507
0.02524647
0.02237476
0.01905721
0.02208184
0.0206931
0.02189464
0.02198702
0.02023487
0.01934768
0.02159105
0.0190439
0.01934614
0.02039429
0.02291202
0.02581188
0.02104226
0.02203101
0.01952561
0.01942329
0.02036551
0.02585193
0.0193235
0.01873465
0.02128186
0.0220498
0.0212382
0.01803953
0.02104168
0.01814627
0.02290884
0.02570387
0.02535917
0.02635292
0.02099458
0.02200624
0.02198299
0.02393792
0.02209144
0.02499822
0.02328151
0.02312206
0.02197666
0.02211419
0.02426581
0.01925412
0.0267002
0.02256691
0.02079341
0.02096768
0.02740615
0.02078861
0.02278709
0.02378575
0.02240481
0.02386461
0.02462621
0.02266493
0.02843723
0.0212322
0.02364037
0.02403595
0.0209763
0.02020391
0.02031705
0.02233924
0.02166845
0.02466406
0.02012592
0.0216616
0.02289899
0.02123236
0.02755534
0.02206561
0.02432058
0.02291768
0.0212885
0.01948116
0.02012838
0.02262545
0.02013864
0.02550963
0.01902284
0.01890363
0.0224331
0.02460854
0.02212131
0.02390339
0.02032808
0.02128479
0.02084404
0.02245945
0.02428718
0.0227705
0.02363423
0.02033844
0.02168124
0.02182653
0.02289529
0.02478049
0.02235662
0.02294738
0.02713076
0.02322293
0.01828357
0.02419821
0.02202418
0.02546652
0.01961857
0.02045993
0.01843913
0.02281624
0.01841743
0.02368497
0.02320545
0.01971983
0.02163549
0.01943303
0.01931025
0.01728644
0.02559795
0.02243411
0.02270811
0.02309406
0.02023126
0.02396984
0.02285546
0.02123995
0.02353908
0.02014379
0.02084876
0.01821078
0.01906838
0.01973092
0.02123468
0.02237454
0.02249321
0.01925842
0.01955572
0.01683337
0.02381873
0.02449724
0.019167
0.01777004
0.02052229
0.02467224
0.02126826
0.02401645
0.02287
0.02116878
0.02279412
0.02526054
0.02450672
0.01791036
0.01998338
0.01832612
0.02129046
0.02006982
0.01809201
0.02107173
0.01821478
0.0177527
0.02086525
0.02192969
0.01669146
0.02058634
0.02068652
0.02194273
0.01776167
0.02365974
0.02416372
0.02299296
0.0199148
0.02482066
0.02684982
0.02088543
0.01848259
0.0162294
0.01898182
0.0237518
0.02310386
0.02117612
0.02007404
0.02020156
0.02384888
0.02180586
0.02184757
0.02063311
0.01993894
0.02073416
0.01886953
0.02079158
0.02100061
0.02369938
0.02230622
0.02057941
0.0259861
0.02598584
0.01977125
0.01838786
0.02012938
0.01903011
0.02337626
0.02120364
0.01974183
0.02270036
0.02645138
0.02091384
0.02655106
0.01827082
0.02498093
0.02295741
0.02133781
0.01935749
0.02168312
0.01875072
0.02232386
0.02465879
0.02496488
0.0237406
0.02005156
0.02322233
0.02303936
0.01963843
0.02425766
0.0270407
0.02228727
0.02308564
0.0218933
0.02147489
0.02073663
0.01968665
0.01900416
0.01921245
0.01893628
0.02088843
0.02594224
0.02321681
0.02216534
0.02023702
0.02696697
0.0247045
0.02449007
0.02105742
0.0203601
0.01959124
0.02565607
0.02109179
0.02326229
0.0194257
0.01948846
0.01839044
0.01957275
0.02101149
0.02401895
0.02319827
0.02413543
0.02473814
0.02175927
0.01836024
0.02308531
0.01767942
0.02333978
0.02124794
0.02325538
0.02132935
0.02753293
0.02230841
0.01916047
0.02067658
0.02648767
0.02236921
0.01721608
0.0233599
0.02265729
0.02126336
0.01731678
0.02175337
0.0191868
0.02211965
0.0212823
0.02089915
0.01911515
0.02368734
0.02572259
0.02757541
0.02330135
0.02148062
0.02390578
0.01780536
0.02190355
0.02162287
0.01941429
0.01883447
0.01945353
0.02039339
0.02108215
0.0211983
0.02494654
0.02423639
0.01964744
0.01829221
0.01888368
0.01969244
0.01980539
0.0208891
0.02015102
0.01890485
0.02164474
0.02061734
0.02644919
0.02213209
0.02194515
0.01960799
0.02308373
0.01958045
0.02243613
0.0227132
0.01858003
0.02203206
0.02112426
0.02241034
0.01999365
0.02225502
0.02031022
0.02541797
0.02428513
0.02781047
0.02180694
0.0295575
0.02112554
0.02326525
0.02233745
0.02209913
0.0262063
0.02276621
0.02224136
0.01978055
0.02165742
0.02560965
0.02046584
0.02205689
0.01878172
0.02626949
0.02366773
0.0220042
0.02200207
0.02425554
0.02217028
0.01913565
0.01933171
0.02058895
0.01895338
0.01868004
0.0206903
0.02100955
0.01882534
0.01893393
0.02213669
0.02107243
0.02107688
0.02047169
0.01849758
0.02297333
0.02812659
0.01804857
0.02035527
0.01848427
0.02171422
0.02062271
0.02116899
0.01646451
0.02328171
0.01896835
0.01745417
0.02100882
0.02107255
0.01704845
0.02132411
0.02206498
0.01995403
0.01708345
0.0214774
0.02444052
0.02304008
0.02317053
0.02134626
0.01924414
0.02256977
0.02028946
0.0188312
0.01920466
0.01829136
0.02280937
0.01598832
0.02183078
0.02264594
0.02359842
0.02000523
0.01720472
0.02192828
0.0230042
0.01824344
0.02189956
0.02002701
0.02385823
0.02464146
0.02885604
0.01918759
0.02127104
0.02431436
0.02395064
0.0223554
0.02308247
0.02170522
0.02248908
0.02050521
0.02227104
0.02679435
0.02273281
0.02298409
0.02239915
0.02432489
0.02043687
0.01811999
0.02336128
0.02210157
0.0203047
0.02009771
0.02130205
0.02195688
0.02103221
0.01988323
0.01905152
0.019628
0.02037849
0.02459663
0.01997808
0.02568213
0.02127237
0.02375837
0.02642674
0.0274044
0.02450026
0.02036031
0.02277279
0.02279392
0.02043443
0.02397371
0.02544821
0.0260267
0.02116716
0.02231132
0.02926438
0.02331728
0.02400644
0.02143767
0.02553701
0.02826321
0.02376682
0.02316584
0.02411398
0.02087178
0.02613187
0.02303919
0.02241898
0.02230614
0.02249883
0.02547648
0.02430874
0.02188455
0.02195301
0.02375565
0.02111735
0.02400331
0.01951368
0.02203302
0.02281246
0.02067365
0.02550894
0.02593236
0.01999984
0.0304973
0.0217887
0.02305649
0.02319677
0.02260188
0.02551818
0.02145692
0.02009635
0.02047107
0.02138659
0.02392245
0.02109796
0.02433043
0.02207509
0.02041434
0.02660587
0.0217271
0.02222708
0.02385341
0.02531558
0.02078331
0.01858854
0.02422966
0.02829573
0.02024619
0.02540212
0.02323952
0.02534692
0.02310034
0.02586001
0.02524604
0.02822452
0.02514944
0.02144427
0.02033166
0.02149759
0.02333289
0.02663378
0.01888388
0.02161796
0.02385208
0.0206408
0.02232092
0.02024043
0.02006004
0.02312972
0.02163358
0.02031572
0.02419783
0.02192962
0.02322345
0.02424546
0.02536588
0.02031069
0.02506602
0.02282752
0.02405276
0.02494649
0.02204849
0.02172951
0.02206545
0.02231214
0.021152
0.02373489
0.02358522
0.026417
0.02335956
0.02656937
0.0204415
0.02415112
0.02014548
0.02293417
0.02509562
0.02117497
0.02568606
0.02980105
0.02268261
0.02249561
0.02444239
0.02369909
0.02426257
0.02493473
0.02280898
0.02368672
0.02210203
0.02018182
0.02476665
0.02134024
0.02619528
0.024339
0.02473394
0.02289204
0.02320515
0.02178644
0.02093898
0.02050009
0.02502582
0.02349896
0.01902944
0.02238878
0.02157547
0.02797064
0.02116555
0.02162967
0.02286852
0.01860486
0.02226806
0.01914525
0.02089887
0.0198571
0.02013356
0.02046188
0.0227894
0.02035416
0.02221285
0.02332457
0.02561874
0.02249618
0.0242351
0.02023838
0.02186904
0.01903559
0.02425537
0.02222651
0.02137475
0.021585
0.02768496
0.02115055
0.0212464
0.02366589
0.02365378
0.02113792
0.02659457
0.02162034
0.02093387
0.02621675
0.02275019
0.02243988
0.02597174
0.0186735
0.02729515
0.02482741
0.02202235
0.02386589
0.01602791
0.02142253
0.02429636
0.01939479
0.02266957
0.02404727
0.02573825
0.02373179
0.02243997
0.02450137
0.01806723
0.02420381
0.02264619
0.0207965
0.02117057
0.02247267
0.02356725
0.01873364
0.02168221
0.03511282
0.02229651
0.02064586
0.02166955
0.0223543
0.02163755
0.02083912
0.02250388
0.02276725
0.02221785
0.02041219
0.01902116
0.02333423
0.01820263
0.02476885
0.02484871
0.02551393
0.02327463
0.02563513
0.02219518
0.02496426
0.02296636
0.02532392
0.02408478
0.0205157
0.02625954
0.02035637
0.02111318
0.02785563
0.02390389
0.02333514
0.02205606
0.02354409
0.02387754
0.0212959
0.02399568
0.02416754
0.03123718
0.02240056
0.02549071
0.02480751
0.02638627
0.02343848
0.0233623
0.02666724
0.02648846
0.02308763
0.02463015
0.02615431
0.0306701
0.02386726
0.02220651
0.0231977
0.0245595
0.02365036
0.0232259
0.02289005
0.02341135
0.02112805
0.02372809
0.02255695
0.02188802
0.02412442
0.02640727
0.02173348
0.0240694
0.02102671
0.02656291
0.02092179
0.02405945
0.02495242
0.02674664
0.02380916
0.02202014
0.02481797
0.0212347
0.02419107
0.02942926
0.02501596
0.02514909
0.02384431
0.02588096
0.02164546
0.02322004
0.02569921
0.02004803
0.02547029
0.02377589
0.02336175
0.01855731
0.02413767
0.02504764
0.0232174
0.0250818
0.02554157
0.02083439
0.01907512
0.02622801
0.02361196
0.02179546
0.02485429
0.0230183
0.02543473
0.02547012
0.02120327
0.02417002
0.02598795
0.02584047
0.02764532
0.02301495
0.02291022
0.02855714
0.02027786
0.02691816
0.02317606
0.0239022
0.02532563
0.02582369
0.02461369
0.02629073
0.02355433
0.01976626
0.02384681
0.02261079
0.02281246
0.02316207
0.02646997
0.02144685
0.02103181
0.02466581
0.02234393
0.02233907
0.02501756
0.02094988
0.02070014
0.02408812
0.02401407
0.01978013
0.02483406
0.02939889
0.02454388
0.02394819
0.0198276
0.01982298
0.02422238
0.02412399
0.0193304
0.02601571
0.02154892
0.02402034
0.02681482
0.01918868
0.02529345
0.01787713
0.02459946
0.01786113
0.02089018
0.01981225
0.02545349
0.02228417
0.02313203
0.02049223
0.01870099
0.01750799
0.01768659
0.01859396
0.01927648
0.02095058
0.02095778
0.02091984
0.02033216
0.01831009
0.02162264
0.02194755
0.02177115
0.01745265
0.02029622
0.01737679
0.02020052
0.02248823
0.01942427
0.02342717
0.02183306
0.02491451
0.02250797
0.02713971
0.02520731
0.01811103
0.02597224
0.02400581
0.02085167
0.01892114
0.02312015
0.02335733
0.02353075
0.02164828
0.02392582
0.02745612
0.02154797
0.02474612
0.02072007
0.0250494
0.02531653
0.02988066
0.02690425
0.02145145
0.02530199
0.02524155
0.0184823
0.02098813
0.02081036
0.02212449
0.02355599
0.02368768
0.02274581
0.024576
0.02327916
0.02196018
0.01934566
0.01741208
0.01681474
0.02076136
0.02531705
0.02276413
0.02151939
0.01778385
0.01929377
0.01773391
0.02037536
0.02559783
0.02083028
0.01749872
0.02708766
0.02071821
0.02046727
0.02241889
0.020858
0.02033225
0.02001885
0.02032247
0.02317618
0.02215874
0.01960482
0.02040046
0.01946695
0.02256161
0.01791357
0.0275713
0.02092295
0.02265814
0.01808138
0.02206728
0.02179518
0.02100395
0.0198023
0.01634803
0.02167905
0.01866972
0.01933296
0.01722141
0.02170791
0.0183873
0.02008262
0.01841205
0.02298165
0.01896639
0.0201776
0.02597432
0.02086177
0.01706002
0.02416378
0.0233336
0.01900551
0.02198407
0.01765515
0.01808697
0.01668176
0.01774577
0.02011268
0.02061255
0.01771389
0.01954084
0.02101879
0.01782606
0.02381942
0.02671838
0.02002811
0.01932519
0.0184279
0.02338326
0.01724305
0.02100976
0.02276946
0.02013007
0.02066851
0.01929853
0.02075036
0.02142439
0.02313452
0.01764592
0.01782034
0.02045401
0.02243603
0.01642632
0.01898503
0.01750221
0.02071911
0.0185414
0.02266774
0.01503894
0.0203706
0.02465354
0.01796755
0.01829916
0.02337682
0.02066938
0.01994246
0.02149402
0.01801213
0.02440939
0.01812752
0.02176957
0.02014759
0.02128104
0.02654891
0.02103462
0.02636713
0.01650703
0.0291975
0.01972149
0.0277146
0.02616653
0.02351098
0.02530025
0.02233174
0.02514311
0.02209683
0.02014797
0.02117265
0.01961617
0.02477534
0.02712274
0.02327293
0.01994957
0.02146529
0.02275116
0.01892014
0.02221203
0.0252513
0.02273275
0.02065709
0.01983373
0.02921457
0.02004774
0.02528399
0.02604463
0.02065741
0.02016441
0.021001
0.02582243
0.0229281
0.02034866
0.02529007
0.02239525
0.02274822
0.02225172
0.02003502
0.02197036
0.02335268
0.02424321
0.02352587
0.02388222
0.02640154
0.02431384
0.02706641
0.02636116
0.02199946
0.02089247
0.02327717
0.01946957
0.02635063
0.02466995
0.0240993
0.01859587
0.02122243
0.02579628
0.0251117
0.01866371
0.02655327
0.02266506
0.02460256
0.02233911
0.02698284
0.0240342
0.02356055
0.02404322
0.02506754
0.02137568
0.02624323
0.02046493
0.02346025
0.02702295
0.02543677
0.02310872
0.02139212
0.02028488
0.02293219
0.02494898
0.02405834
0.02379676
0.02055298
0.02168272
0.02138949
0.02279709
0.02139802
0.0230298
0.01909387
0.01949132
0.022598
0.01915985
0.02503844
0.02216645
0.02316278
0.02308154
0.02603619
0.02232051
0.02397499
0.02202307
0.02299004
0.02470253
0.02390619
0.02498401
0.02400849
0.01920504
0.02208993
0.01767511
0.02169128
0.01801125
0.01999839
0.0176516
0.02170964
0.02242277
0.02726788
0.01921191
0.01812293
0.01662562
0.01967164
0.02013895
0.01590837
0.0229379
0.01902344
0.02315275
0.017037
0.02039042
0.01921502
0.01820592
0.01924755
0.02143474
0.02033684
0.01824423
0.02315891
0.02173697
0.02038066
0.02838955
0.01648553
0.02278292
0.01922003
0.01934899
0.0195773
0.0227034
0.02210221
0.02274305
0.02295932
0.02366602
0.02123633
0.02296083
0.02214965
0.02429441
0.02324118
0.02057791
0.01949012
0.0201503
0.02580954
0.02570591
0.02243175
0.02148684
0.0245024
0.02055967
0.01895407
0.02266505
0.01900935
0.02301545
0.02103761
0.02421684
0.02616683
0.02320979
0.02165556
0.02057403
0.0228501
0.02161325
0.02246821
0.02069795
0.02450251
0.02453412
0.02222464
0.02353423
0.02578622
0.02311046
0.01841757
0.02124313
0.02245944
0.02468752
0.02709477
0.02477907
0.01972451
0.01882029
0.02004156
0.01753945
0.01739499
0.02011728
0.01753162
0.02210147
0.02641269
0.0212215
0.022127
0.01945978
0.01936584
0.01989862
0.01851873
0.02035838
0.02286573
0.01874932
0.02265883
0.02313739
0.02342183
0.01686931
0.01994054
0.02268852
0.01982577
0.01668738
0.02148945
0.02088956
0.02309672
0.01741808
0.02008063
0.0205951
0.01845175
0.021429
0.0185475
0.02162704
0.0222227
0.017166
0.01943957
0.01941975
0.02142617
0.01996332
0.02199572
0.02052548
0.02284897
0.02124458
0.02535849
0.01769649
0.02234608
0.02563518
0.0206972
0.02058018
0.02146339
0.02146369
0.01982983
0.02379803
0.02278862
0.025201
0.02227456
0.02597389
0.02259508
0.02203
0.01938625
0.02242304
0.0199273
0.0237477
0.02646478
0.02458593
0.0271405
0.02279839
0.0194962
0.0231174
0.02822111
0.02168505
0.01951338
0.02205572
0.02550462
0.02291256
0.0268902
0.02435061
0.02834474
0.02499906
0.02916233
0.02421328
0.02072674
0.02453543
0.0235902
0.026191
0.0265613
0.02451682
0.02620131
0.02408444
0.02530525
0.02186165
0.02344682
0.02790676
0.02360004
0.02298511
0.02194043
0.02154345
0.02613441
0.02499653
0.0220159
0.02383336
0.02361714
0.02078589
0.0244256
0.02627474
0.02251579
0.02400829
0.02313393
0.02345681
0.02091501
0.02385842
0.02542911
0.02622889
0.02415943
0.02455055
0.02979091
0.02731242
0.02547889
0.02520403
0.02602745
0.02373172
0.02376598
0.02250384
0.02253749
0.02462438
0.01989482
0.02072905
0.02204034
0.02530815
0.02019014
0.02130714
0.02196273
0.02317999
0.021317
0.02430689
0.02764095
0.0297411
0.01989447
0.02159212
0.02162668
0.01920629
0.02039198
0.02265642
0.0239748
0.02406578
0.01613118
0.02120461
0.0219101
0.01854772
0.02487734
0.02118716
0.02205213
0.0220084
0.0264493
0.02137866
0.02713231
0.02144805
0.02229051
0.01694662
0.0168654
0.02290701
0.02329942
0.0248188
0.0246098
0.02025937
0.01942374
0.02259814
0.01879806
0.02342302
0.02125355
0.02473031
0.02081331
0.01756709
0.01696634
0.02010021
0.02016272
0.02256408
0.02098867
0.02145843
0.02385037
0.02060634
0.02143402
0.02526787
0.01938628
0.02409458
0.02292228
0.02085737
0.01565207
0.02272115
0.02374326
0.02421037
0.024718
0.01966051
0.01985999
0.02109943
0.02529571
0.02319269
0.02167692
0.01959492
0.0236319
0.02137391
0.02339408
0.024255
0.02044203
0.02558199
0.01961355
0.02101683
0.02395364
0.02209355
0.02292562
0.02272332
0.02641428
0.02672604
0.02607775
0.02145757
0.02351102
0.02304853
0.02266204
0.03005466
0.01919481
0.02856276
0.02412208
0.02166131
0.02518334
0.02230191
0.02417378
0.024857
0.02247178
0.02488509
0.02524172
0.01903151
0.02544686
0.02490705
0.02469472
0.02547884
0.01649191
0.01929363
0.02472961
0.01814254
0.02135162
0.02268807
0.02412761
0.02960905
0.02414674
0.02387328
0.01923484
0.02613141
0.02566987
0.02358136
0.0223302
0.02216391
0.02111933
0.0254515
0.02795365
0.02469041
0.02638665
0.02144726
0.02294132
0.02586083
0.02172343
0.02115156
0.02370174
0.02176908
0.02207218
0.02502686
0.0263452
0.02267075
0.02270017
0.02327281
0.02527651
0.02651386
0.02679718
0.02480087
0.02283128
0.02788727
0.02692581
0.02435786
0.02317519
0.02035527
0.02322711
0.01955833
0.02429606
0.02308354
0.02404826
0.02499411
0.02611363
0.02528987
0.02319777
0.02086657
0.02289021
0.02319433
0.02453021
0.02652361
0.02237872
0.0236779
0.02537192
0.02316504
0.03006246
0.02162591
0.02123406
0.02554843
0.02650753
0.02509015
0.02190599
0.02183823
0.02604312
0.02092891
0.02436386
0.0245876
0.02291957
0.02518394
0.0246608
0.02632653
0.02156865
0.02166292
0.02293493
0.02033044
0.02312179
0.022205
0.0253369
0.02342248
0.02440518
0.02290436
0.02109562
0.02460839
0.02100021
0.02171035
0.02495763
0.02117122
0.02387246
0.02228471
0.02611748
0.02391549
0.02528634
0.03045174
0.02232113
0.02133084
0.02195633
0.02566247
0.021162
0.02175096
0.0229848
0.0223931
0.01888619
0.0201582
0.02578892
0.02583781
0.02192244
0.02384657
0.02217954
0.0217778
0.01835558
0.02405477
0.02099974
0.02464869
0.02579392
0.02261383
0.02119598
0.02531527
0.02331515
0.01734005
0.02413268
0.02621312
0.02107764
0.02276386
0.02174529
0.02444997
0.01973205
0.02227148
0.02492225
0.02574532
0.01968104
0.02306334
0.02143034
0.02564736
0.0194484
0.01947372
0.02040922
0.02426497
0.02133962
0.02035042
0.02550831
0.018644
0.02317113
0.02043968
0.02025219
0.02060209
0.0195202
0.02040678
0.0208371
0.02348095
0.02235074
0.02398096
0.02111378
0.02357153
0.02157014
0.01972296
0.02251116
0.0259502
0.02361017
0.02435652
0.02584454
0.02134095
0.02070155
0.02195349
0.01927637
0.02479192
0.02514819
0.02274867
0.02395602
0.02156954
0.0241411
0.01965236
0.02302593
0.02342555
0.02386039
0.02427666
0.02378824
0.02054752
0.02345922
0.02043399
0.01955222
0.02096332
0.01892893
0.0221861
0.02311999
0.0239185
0.02180404
0.02101452
0.01938374
0.02236324
0.02355295
0.02373451
0.02039338
0.02444149
0.01991874
0.01971726
0.02497049
0.02435252
0.0256696
0.02352361
0.02328287
0.02495125
0.0242274
0.02245888
0.02617953
0.02132111
0.02386046
0.02532899
0.02449901
0.02530696
0.0258554
0.02466049
0.02715689
0.02166593
0.02798965
0.02132869
0.02297531
0.02716703
0.02416032
0.02417692
0.02577331
0.02650582
0.02692887
0.01951236
0.02608393
0.02750112
0.02255605
0.02161579
0.0240321
0.02722583
0.02021041
0.02190348
0.02565772
0.02574708
0.02305784
0.02295645
0.02345373
0.02297114
0.02439656
0.0201777
0.02443175
0.02045282
0.02367558
0.02272262
0.02030667
0.02105166
0.02003388
0.01726597
0.01952537
0.01991683
0.02156531
0.02256701
0.01819534
0.02154984
0.02377314
0.0245256
0.02592669
0.02363197
0.01991304
0.02145223
0.02483768
0.02405088
0.02231475
0.02260866
0.02441254
0.02454385
0.02340204
0.02347386
0.01954335
0.02554491
0.02155909
0.02295717
0.02351042
0.02866604
0.02097327
0.02336981
0.02099965
0.01766967
0.02198604
0.02176379
0.02566735
0.02613737
0.02105666
0.01843154
0.02281208
0.02466977
0.02379264
0.02546292
0.02203706
0.02246181
0.01926711
0.02281995
0.01821292
0.02526281
0.02417123
0.02445881
0.02422757
0.02238271
0.02279028
0.02802072
0.02323946
0.02413843
0.02219619
0.02310177
0.02817914
0.02378591
0.02405346
0.02612318
0.0256205
0.02152861
0.02400966
