1.003942e-06
1.016565e-06
1.050831e-06
1.055114e-06
1.0219e-06
1.009673e-06
1.053405e-06
1.107748e-06
1.071332e-06
1.067122e-06
1.070694e-06
1.095107e-06
1.04806e-06
1.055881e-06
1.144509e-06
1.128039e-06
1.170269e-06
1.237291e-06
1.043758e-06
1.003286e-06
1.004295e-06
9.395451e-07
9.646302e-07
9.486598e-07
8.768573e-07
9.394779e-07
9.074916e-07
8.246048e-07
8.216039e-07
8.860654e-07
7.899326e-07
7.931339e-07
8.348415e-07
8.186655e-07
7.998027e-07
7.748319e-07
8.048812e-07
7.616364e-07
7.289789e-07
7.742289e-07
7.843512e-07
8.575173e-07
9.1328e-07
9.136196e-07
8.75372e-07
8.599688e-07
8.31505e-07
8.84245e-07
8.950115e-07
9.590978e-07
8.980191e-07
9.1383e-07
8.455632e-07
8.538848e-07
9.138764e-07
9.905009e-07
9.517094e-07
8.981098e-07
8.387464e-07
8.502647e-07
8.140848e-07
8.50635e-07
9.750704e-07
9.546449e-07
9.251706e-07
9.48101e-07
8.981296e-07
8.980752e-07
8.6446e-07
8.792693e-07
8.126286e-07
8.125961e-07
8.592352e-07
9.160309e-07
9.299503e-07
8.724227e-07
8.390416e-07
8.025279e-07
7.577302e-07
7.610311e-07
7.228025e-07
7.519855e-07
7.718504e-07
8.564163e-07
8.744066e-07
8.886209e-07
8.92537e-07
9.339397e-07
8.37868e-07
8.069696e-07
8.370552e-07
7.735463e-07
8.104522e-07
7.796041e-07
8.212367e-07
8.137571e-07
8.540032e-07
8.606217e-07
9.498918e-07
9.554643e-07
9.848849e-07
9.651928e-07
9.091907e-07
8.016024e-07
7.358708e-07
7.43706e-07
7.082348e-07
7.17767e-07
7.438389e-07
7.177204e-07
7.239478e-07
7.141132e-07
6.805631e-07
6.499284e-07
6.115758e-07
7.207473e-07
7.287929e-07
7.62369e-07
7.869349e-07
7.763303e-07
7.694156e-07
7.066209e-07
7.118817e-07
7.116398e-07
7.723963e-07
8.279791e-07
8.075184e-07
8.44863e-07
8.958461e-07
8.469374e-07
8.115822e-07
8.490291e-07
8.251222e-07
8.903123e-07
9.81023e-07
9.561071e-07
1.029498e-06
1.049933e-06
1.097981e-06
1.052387e-06
1.105823e-06
1.091751e-06
1.069837e-06
1.125186e-06
1.204439e-06
1.240296e-06
1.225878e-06
1.245565e-06
1.172524e-06
1.20834e-06
1.201596e-06
1.233634e-06
1.259206e-06
1.355001e-06
1.322215e-06
1.290203e-06
1.248597e-06
1.180148e-06
1.121128e-06
1.187173e-06
1.27318e-06
1.271403e-06
1.304524e-06
1.334822e-06
1.314948e-06
1.410649e-06
1.451922e-06
1.388529e-06
1.30128e-06
1.248594e-06
1.159934e-06
1.272556e-06
1.43032e-06
1.299222e-06
1.215054e-06
1.29845e-06
1.208783e-06
1.210936e-06
1.231978e-06
1.22346e-06
1.235672e-06
1.252886e-06
1.104412e-06
9.960081e-07
9.856019e-07
8.769245e-07
7.917149e-07
8.593716e-07
8.753344e-07
9.285196e-07
9.833515e-07
9.882913e-07
1.022073e-06
9.709205e-07
9.033632e-07
9.169191e-07
8.672672e-07
8.32229e-07
7.792921e-07
7.893205e-07
7.798342e-07
7.984027e-07
7.858304e-07
7.696092e-07
7.554901e-07
7.894334e-07
7.778889e-07
7.634941e-07
8.091196e-07
7.850657e-07
8.43748e-07
8.57739e-07
8.914268e-07
8.675545e-07
8.5988e-07
9.154577e-07
8.617642e-07
8.021529e-07
7.758884e-07
8.174965e-07
8.091962e-07
8.282351e-07
7.91897e-07
7.780006e-07
8.234167e-07
8.157498e-07
8.467227e-07
8.765293e-07
8.508356e-07
8.747877e-07
9.21295e-07
9.471629e-07
9.299118e-07
8.914215e-07
9.07061e-07
8.708573e-07
9.323893e-07
9.748475e-07
1.029262e-06
1.040815e-06
9.710352e-07
9.670026e-07
9.797775e-07
1.071286e-06
1.074932e-06
1.055371e-06
1.016333e-06
9.496677e-07
9.138972e-07
8.76252e-07
9.038043e-07
9.73737e-07
9.49993e-07
9.859871e-07
9.697964e-07
9.836874e-07
9.741849e-07
1.032928e-06
1.02163e-06
1.050483e-06
1.099079e-06
1.116145e-06
1.155088e-06
1.227548e-06
1.183217e-06
1.150384e-06
1.240647e-06
1.23133e-06
1.101555e-06
1.161434e-06
1.188176e-06
1.169365e-06
1.204116e-06
1.236863e-06
1.146861e-06
1.154926e-06
1.182028e-06
1.215638e-06
1.195206e-06
1.245767e-06
1.245181e-06
1.222564e-06
1.204536e-06
1.155671e-06
1.187536e-06
1.133984e-06
1.206201e-06
1.225953e-06
1.203297e-06
1.137819e-06
1.148721e-06
1.132484e-06
1.071163e-06
1.038944e-06
9.298783e-07
1.008195e-06
9.516484e-07
9.27615e-07
9.215127e-07
9.80371e-07
9.489174e-07
1.065464e-06
1.049014e-06
1.029881e-06
1.010889e-06
9.894035e-07
1.022034e-06
1.073614e-06
1.00656e-06
1.022424e-06
1.074427e-06
1.167618e-06
1.108735e-06
1.093811e-06
1.023374e-06
1.105754e-06
1.052392e-06
1.044103e-06
1.115105e-06
1.082126e-06
1.016095e-06
1.021981e-06
1.06558e-06
1.062792e-06
1.052154e-06
1.056025e-06
1.058516e-06
1.059459e-06
1.046041e-06
1.007853e-06
1.019396e-06
1.071876e-06
9.883035e-07
9.489577e-07
9.661933e-07
1.018257e-06
9.99239e-07
1.046465e-06
1.019495e-06
1.018122e-06
9.565808e-07
9.531109e-07
1.027129e-06
1.085379e-06
1.002737e-06
9.874599e-07
1.114341e-06
1.174606e-06
1.250172e-06
1.263503e-06
1.25279e-06
1.22114e-06
1.187639e-06
1.120862e-06
1.113707e-06
1.07503e-06
1.118005e-06
1.017406e-06
1.027422e-06
1.029586e-06
9.365636e-07
9.461917e-07
9.345687e-07
9.632879e-07
9.689275e-07
9.631629e-07
9.466352e-07
9.932083e-07
1.007523e-06
1.064895e-06
1.038312e-06
9.753527e-07
9.141176e-07
9.441041e-07
8.562154e-07
8.365181e-07
8.519648e-07
9.222497e-07
1.037027e-06
1.017572e-06
1.074018e-06
1.036616e-06
1.009165e-06
9.962512e-07
9.775208e-07
1.02408e-06
1.018612e-06
9.819519e-07
8.966398e-07
9.668203e-07
9.381333e-07
8.684673e-07
8.412484e-07
7.758294e-07
7.476064e-07
7.525157e-07
7.259541e-07
6.940288e-07
6.376027e-07
6.499152e-07
6.890354e-07
6.897857e-07
7.017345e-07
7.166306e-07
7.517555e-07
7.913647e-07
7.346183e-07
7.638065e-07
7.756805e-07
7.973313e-07
8.127271e-07
8.53132e-07
8.347051e-07
8.241444e-07
7.866524e-07
7.534116e-07
7.196376e-07
7.542668e-07
7.813314e-07
7.819304e-07
7.768779e-07
7.718087e-07
7.654302e-07
7.5935e-07
7.768748e-07
7.068753e-07
7.176754e-07
7.506438e-07
7.747342e-07
8.248807e-07
8.370841e-07
9.014529e-07
8.725184e-07
8.560737e-07
8.652564e-07
8.29986e-07
8.45534e-07
8.556191e-07
8.878422e-07
8.834982e-07
8.776729e-07
9.354905e-07
8.865463e-07
8.8238e-07
9.260366e-07
9.031657e-07
9.157596e-07
9.551682e-07
8.662207e-07
8.598198e-07
8.561583e-07
8.43523e-07
8.653178e-07
8.672842e-07
8.681134e-07
9.495668e-07
1.000222e-06
9.79309e-07
9.526936e-07
9.047695e-07
8.819906e-07
9.020439e-07
8.820614e-07
8.436157e-07
8.555957e-07
8.454596e-07
8.322102e-07
8.247231e-07
8.070133e-07
7.634661e-07
7.68174e-07
7.37539e-07
7.135901e-07
7.6732e-07
7.951072e-07
8.248981e-07
7.933986e-07
8.355653e-07
7.62837e-07
7.670753e-07
7.401132e-07
7.317177e-07
7.523999e-07
7.031462e-07
7.148358e-07
7.494357e-07
7.797307e-07
7.743026e-07
7.450654e-07
7.277442e-07
6.890631e-07
7.048207e-07
6.350919e-07
5.986814e-07
5.897561e-07
5.660876e-07
5.538157e-07
5.259611e-07
4.944894e-07
4.781658e-07
4.79594e-07
4.853631e-07
4.471396e-07
4.538367e-07
4.610069e-07
4.523562e-07
4.585577e-07
4.35917e-07
4.619362e-07
4.773138e-07
4.737044e-07
4.598545e-07
4.449283e-07
4.574217e-07
4.704053e-07
4.727371e-07
4.503997e-07
4.458429e-07
4.077205e-07
4.074793e-07
4.077748e-07
4.046531e-07
4.135308e-07
4.119542e-07
4.372811e-07
4.043535e-07
4.237283e-07
4.826622e-07
4.772099e-07
4.711181e-07
5.160573e-07
5.016196e-07
5.209327e-07
5.580367e-07
5.921568e-07
5.929747e-07
6.541031e-07
6.559528e-07
6.738115e-07
6.438048e-07
6.709093e-07
6.66372e-07
6.771935e-07
6.517934e-07
6.589842e-07
6.708106e-07
6.578094e-07
6.57813e-07
6.894875e-07
6.662364e-07
6.305994e-07
6.084901e-07
5.888701e-07
6.179775e-07
6.605668e-07
6.606786e-07
6.121354e-07
5.600947e-07
5.295085e-07
5.995657e-07
6.03964e-07
6.321848e-07
6.579211e-07
7.083015e-07
6.965936e-07
7.836129e-07
8.051183e-07
7.580135e-07
7.28048e-07
7.289737e-07
7.511572e-07
7.234554e-07
6.65109e-07
7.160309e-07
7.618247e-07
8.132832e-07
8.96352e-07
8.64855e-07
8.925271e-07
9.439923e-07
9.127492e-07
8.542097e-07
8.428121e-07
9.098217e-07
8.851232e-07
9.014174e-07
9.038986e-07
1.031118e-06
1.089651e-06
1.059325e-06
1.114953e-06
1.123128e-06
1.172111e-06
1.042092e-06
1.120383e-06
1.158825e-06
1.162788e-06
1.215224e-06
1.116475e-06
1.01605e-06
9.551854e-07
9.248635e-07
8.655375e-07
8.176496e-07
8.919895e-07
8.893466e-07
8.806014e-07
1.027032e-06
1.14395e-06
1.128743e-06
1.050652e-06
1.096098e-06
1.214222e-06
1.16433e-06
1.169116e-06
1.156923e-06
1.064889e-06
1.098507e-06
1.160812e-06
1.139201e-06
1.148368e-06
1.284713e-06
1.193354e-06
1.156497e-06
1.288768e-06
1.196775e-06
1.136689e-06
1.112842e-06
1.072419e-06
1.061136e-06
9.739816e-07
9.250186e-07
8.410917e-07
8.683011e-07
8.648679e-07
8.788743e-07
9.261872e-07
9.542209e-07
9.599101e-07
8.623737e-07
9.093941e-07
9.473725e-07
9.271583e-07
9.372757e-07
9.187329e-07
9.448188e-07
9.419753e-07
9.490145e-07
9.803881e-07
9.670311e-07
8.717006e-07
8.260189e-07
8.215123e-07
7.857287e-07
8.604894e-07
8.317411e-07
9.336908e-07
1.001301e-06
9.566268e-07
9.356747e-07
9.482973e-07
9.452775e-07
8.97882e-07
9.445916e-07
9.212971e-07
8.760124e-07
8.95967e-07
9.112371e-07
9.324546e-07
9.196069e-07
9.395288e-07
9.514202e-07
9.510855e-07
9.50032e-07
9.181853e-07
8.387069e-07
8.165188e-07
9.053984e-07
7.429444e-07
6.877228e-07
7.017573e-07
6.445902e-07
6.536058e-07
6.962837e-07
6.754166e-07
7.031066e-07
7.449412e-07
7.645631e-07
8.378546e-07
7.661441e-07
8.290404e-07
8.033697e-07
8.156921e-07
7.968e-07
8.015894e-07
7.283683e-07
7.625241e-07
7.4436e-07
8.241377e-07
7.92997e-07
6.789705e-07
6.965541e-07
6.553928e-07
6.728037e-07
6.713835e-07
6.706789e-07
6.295078e-07
6.117165e-07
6.596588e-07
7.074368e-07
7.441656e-07
7.267309e-07
6.988899e-07
7.140874e-07
6.958641e-07
7.570836e-07
7.695767e-07
8.219193e-07
8.057831e-07
8.215562e-07
7.741455e-07
7.983256e-07
7.984414e-07
8.096362e-07
7.420336e-07
7.528896e-07
7.503874e-07
7.51142e-07
7.377161e-07
7.431759e-07
6.69938e-07
6.13283e-07
6.272007e-07
6.936446e-07
6.083422e-07
6.319556e-07
6.699566e-07
6.855552e-07
7.210276e-07
7.030046e-07
7.37807e-07
7.316861e-07
8.186032e-07
8.365814e-07
8.287414e-07
7.925816e-07
7.71299e-07
7.960961e-07
7.340709e-07
7.013193e-07
6.852717e-07
6.604508e-07
6.840806e-07
6.625959e-07
6.600115e-07
6.298212e-07
6.008634e-07
5.954152e-07
5.800411e-07
6.253559e-07
6.419972e-07
6.192823e-07
6.224986e-07
6.274898e-07
6.507839e-07
7.122304e-07
6.686085e-07
6.124807e-07
6.334646e-07
6.436426e-07
6.739949e-07
6.822777e-07
6.999885e-07
7.340634e-07
7.276025e-07
7.144147e-07
7.259347e-07
7.25625e-07
7.334447e-07
8.16271e-07
7.741828e-07
7.581725e-07
7.572576e-07
8.039781e-07
8.918347e-07
8.651755e-07
8.438861e-07
9.057341e-07
8.522504e-07
8.933696e-07
8.875322e-07
8.664631e-07
9.350124e-07
9.786088e-07
9.616523e-07
8.539751e-07
7.602691e-07
7.963837e-07
8.278865e-07
7.438443e-07
7.484687e-07
7.357343e-07
7.338191e-07
7.673531e-07
7.13429e-07
6.415492e-07
5.589757e-07
5.820174e-07
5.888451e-07
5.506824e-07
5.567872e-07
5.136549e-07
5.438428e-07
5.412565e-07
5.632697e-07
5.568335e-07
5.438473e-07
5.585282e-07
5.484016e-07
5.437436e-07
5.710845e-07
6.381424e-07
6.659972e-07
6.432738e-07
7.227406e-07
7.094375e-07
7.020294e-07
7.184813e-07
7.527854e-07
7.965025e-07
8.44225e-07
8.812685e-07
8.475192e-07
8.625439e-07
9.133509e-07
9.163192e-07
9.277794e-07
1.025356e-06
1.034438e-06
1.07487e-06
1.18943e-06
1.209699e-06
1.158464e-06
1.204412e-06
1.136529e-06
1.037914e-06
1.100393e-06
1.135352e-06
1.093026e-06
1.048665e-06
1.032118e-06
1.072668e-06
1.096222e-06
1.083431e-06
1.071832e-06
1.097226e-06
1.026607e-06
9.904216e-07
9.024211e-07
9.020375e-07
9.121767e-07
9.350396e-07
8.884855e-07
8.084966e-07
7.926343e-07
7.543127e-07
7.737809e-07
8.17431e-07
8.395698e-07
8.47633e-07
8.311948e-07
8.33175e-07
8.504143e-07
8.421815e-07
8.450218e-07
8.512499e-07
8.049436e-07
7.875788e-07
7.172281e-07
7.242333e-07
6.707691e-07
7.064698e-07
7.465119e-07
7.21508e-07
7.32615e-07
7.31404e-07
7.976407e-07
7.912817e-07
8.086872e-07
8.099511e-07
8.302326e-07
9.329089e-07
9.143063e-07
8.946924e-07
8.962539e-07
8.889397e-07
9.270026e-07
9.336295e-07
9.493271e-07
8.997051e-07
9.660563e-07
9.303291e-07
8.661396e-07
8.76688e-07
8.956146e-07
8.832573e-07
8.733751e-07
8.349395e-07
9.002397e-07
9.357472e-07
9.972075e-07
9.702879e-07
9.896513e-07
9.95713e-07
1.00961e-06
1.051899e-06
1.136501e-06
1.252806e-06
1.220908e-06
1.230271e-06
1.210218e-06
1.188244e-06
1.137593e-06
1.103095e-06
1.073671e-06
1.120541e-06
1.063939e-06
1.145873e-06
1.065512e-06
9.773603e-07
1.010307e-06
1.084046e-06
1.124668e-06
1.178817e-06
1.15133e-06
1.104917e-06
1.030344e-06
9.912256e-07
9.332762e-07
9.125751e-07
8.850384e-07
8.761175e-07
9.23559e-07
9.237011e-07
9.151497e-07
8.730752e-07
8.806627e-07
9.086556e-07
8.902103e-07
9.405048e-07
9.700697e-07
1.018439e-06
1.058716e-06
9.917342e-07
1.061403e-06
1.073424e-06
1.120451e-06
1.129342e-06
1.095417e-06
1.065485e-06
1.113069e-06
1.135924e-06
1.09007e-06
1.106362e-06
1.064398e-06
1.016832e-06
9.964529e-07
9.119419e-07
9.979307e-07
1.003406e-06
1.003358e-06
1.003587e-06
1.018805e-06
1.019644e-06
1.062364e-06
1.016726e-06
1.078818e-06
1.06508e-06
9.974583e-07
1.071329e-06
1.093078e-06
1.094972e-06
1.083117e-06
9.750928e-07
9.303455e-07
9.607128e-07
9.364683e-07
9.830046e-07
9.519434e-07
9.825096e-07
9.49296e-07
1.006144e-06
1.050905e-06
1.063789e-06
1.127879e-06
1.145053e-06
1.235493e-06
1.343556e-06
1.218851e-06
1.198991e-06
1.187822e-06
1.17787e-06
1.141611e-06
1.105181e-06
1.086643e-06
1.150481e-06
1.075463e-06
1.096074e-06
1.043974e-06
1.03056e-06
1.027755e-06
1.10301e-06
1.046626e-06
1.135921e-06
1.169709e-06
1.274898e-06
1.395521e-06
1.565988e-06
1.567834e-06
1.579093e-06
1.460829e-06
1.527162e-06
1.498583e-06
1.391599e-06
1.279824e-06
1.302748e-06
1.291522e-06
1.250682e-06
1.181308e-06
1.247989e-06
1.233081e-06
1.16094e-06
1.164844e-06
1.249462e-06
1.218317e-06
1.174855e-06
1.183585e-06
1.190908e-06
1.321835e-06
1.344963e-06
1.352514e-06
1.278406e-06
1.343415e-06
1.293826e-06
1.44808e-06
1.510055e-06
1.594252e-06
1.58036e-06
1.40494e-06
1.386281e-06
1.372114e-06
1.327702e-06
1.200377e-06
1.307422e-06
1.289615e-06
1.314101e-06
1.295038e-06
1.422568e-06
1.453869e-06
1.455954e-06
1.547457e-06
1.542987e-06
1.400625e-06
1.502225e-06
1.658334e-06
1.63085e-06
1.751653e-06
1.604024e-06
1.601122e-06
1.543456e-06
1.620449e-06
1.665681e-06
1.608697e-06
1.54943e-06
1.650104e-06
1.631064e-06
1.682896e-06
1.795227e-06
1.780239e-06
1.712513e-06
1.671968e-06
1.650409e-06
1.559537e-06
1.471854e-06
1.57258e-06
1.61904e-06
1.654821e-06
1.731564e-06
1.812012e-06
1.886434e-06
1.879596e-06
1.924147e-06
1.952058e-06
1.892765e-06
1.646207e-06
1.48263e-06
1.384189e-06
1.409125e-06
1.342063e-06
1.357026e-06
1.491728e-06
1.507849e-06
1.495242e-06
1.455483e-06
1.446457e-06
1.607628e-06
1.677364e-06
1.687029e-06
1.633407e-06
1.617252e-06
1.536867e-06
1.500738e-06
1.643725e-06
1.536052e-06
1.552562e-06
1.613846e-06
1.743299e-06
1.75271e-06
1.643161e-06
1.689665e-06
1.750494e-06
1.635984e-06
1.771009e-06
1.747973e-06
1.577304e-06
1.50754e-06
1.546619e-06
1.578601e-06
1.719674e-06
1.711188e-06
1.809661e-06
1.766978e-06
1.741174e-06
1.704128e-06
1.70197e-06
1.708452e-06
1.629145e-06
1.576297e-06
1.50069e-06
1.614682e-06
1.585356e-06
1.366974e-06
1.443027e-06
1.541978e-06
1.537399e-06
1.658843e-06
1.642737e-06
1.552832e-06
1.540905e-06
1.464073e-06
1.415242e-06
1.40048e-06
1.452112e-06
1.478399e-06
1.590584e-06
1.454621e-06
1.371736e-06
1.324119e-06
1.370612e-06
1.476796e-06
1.553063e-06
1.39647e-06
1.510487e-06
1.588334e-06
1.430912e-06
1.418513e-06
1.419778e-06
1.461396e-06
1.451621e-06
1.486377e-06
1.427302e-06
1.516701e-06
1.617531e-06
1.616878e-06
1.484495e-06
1.616824e-06
1.726781e-06
1.624872e-06
1.593306e-06
1.536095e-06
1.597275e-06
1.644244e-06
1.56756e-06
1.607204e-06
1.505305e-06
1.410459e-06
1.389864e-06
1.273939e-06
1.217868e-06
1.106701e-06
1.045518e-06
1.005876e-06
1.004198e-06
1.000883e-06
9.669142e-07
9.477341e-07
9.856994e-07
9.478876e-07
9.568964e-07
9.619075e-07
9.645746e-07
9.613314e-07
1.029164e-06
1.094667e-06
1.107717e-06
1.219689e-06
1.327044e-06
1.24209e-06
1.145706e-06
1.124232e-06
1.151328e-06
1.116131e-06
1.001832e-06
9.40908e-07
9.116342e-07
1.011682e-06
1.054506e-06
1.028189e-06
9.451843e-07
8.556776e-07
8.379902e-07
8.36091e-07
7.944577e-07
7.92e-07
8.275367e-07
7.858041e-07
7.979428e-07
8.163158e-07
7.739467e-07
6.918586e-07
7.269529e-07
7.361552e-07
7.409324e-07
7.691709e-07
7.750349e-07
6.894181e-07
7.008585e-07
7.543307e-07
7.193395e-07
6.464519e-07
6.332233e-07
6.20475e-07
6.27087e-07
6.437471e-07
6.696668e-07
6.635545e-07
6.948635e-07
7.064098e-07
7.088641e-07
7.517894e-07
7.801058e-07
7.832158e-07
7.843786e-07
8.126753e-07
7.377719e-07
7.797131e-07
7.835907e-07
7.976333e-07
8.308179e-07
7.96546e-07
7.008142e-07
6.438912e-07
5.591169e-07
5.975531e-07
5.846571e-07
6.154742e-07
6.59221e-07
6.681239e-07
6.471126e-07
6.333384e-07
6.173081e-07
6.500223e-07
6.427259e-07
6.673349e-07
6.687223e-07
6.613899e-07
6.954837e-07
7.022375e-07
6.847071e-07
7.183758e-07
7.019975e-07
7.701677e-07
7.953446e-07
7.323361e-07
7.375484e-07
7.238643e-07
7.360015e-07
6.971593e-07
7.173898e-07
6.991042e-07
7.052268e-07
7.449737e-07
6.931486e-07
7.13872e-07
6.999635e-07
7.119862e-07
7.189044e-07
7.036736e-07
6.906976e-07
6.975571e-07
6.880358e-07
7.109071e-07
6.715859e-07
6.675567e-07
6.189355e-07
7.042798e-07
6.962351e-07
6.456312e-07
6.491579e-07
7.329279e-07
8.048257e-07
7.303411e-07
7.435687e-07
7.210079e-07
7.142514e-07
7.928212e-07
7.417252e-07
7.407106e-07
7.017093e-07
7.341308e-07
7.548582e-07
7.541274e-07
7.333133e-07
7.290579e-07
7.06515e-07
7.502598e-07
7.779955e-07
8.232496e-07
8.241086e-07
8.102682e-07
8.458019e-07
7.996034e-07
8.157743e-07
8.541362e-07
7.577657e-07
7.194544e-07
6.868624e-07
6.506749e-07
6.531951e-07
6.995856e-07
6.851093e-07
7.302551e-07
6.822145e-07
7.204307e-07
6.68491e-07
6.620669e-07
6.144165e-07
6.220165e-07
6.583193e-07
7.060033e-07
6.897789e-07
7.325905e-07
7.156253e-07
7.091071e-07
6.42168e-07
6.032267e-07
6.066531e-07
6.081831e-07
5.35141e-07
5.546954e-07
6.288254e-07
6.285646e-07
6.711522e-07
6.748504e-07
6.859061e-07
6.977484e-07
7.481397e-07
7.969332e-07
7.693847e-07
8.059777e-07
8.310643e-07
8.502619e-07
8.282512e-07
8.876346e-07
8.746528e-07
8.897302e-07
8.838581e-07
8.794822e-07
9.747444e-07
9.469736e-07
8.846331e-07
8.89676e-07
9.176146e-07
8.782199e-07
8.177892e-07
7.853866e-07
7.955462e-07
8.099081e-07
8.68358e-07
8.571453e-07
8.237782e-07
8.853772e-07
9.366072e-07
9.39637e-07
1.023252e-06
1.047375e-06
1.009609e-06
9.481709e-07
9.677115e-07
1.061835e-06
1.150998e-06
1.126171e-06
1.171865e-06
1.182537e-06
1.127692e-06
1.150078e-06
1.095912e-06
1.085809e-06
1.018523e-06
1.069605e-06
1.064807e-06
1.077294e-06
1.03684e-06
1.096014e-06
1.24991e-06
1.197784e-06
1.088264e-06
1.026683e-06
1.117374e-06
1.068038e-06
1.063469e-06
9.919144e-07
9.460437e-07
8.492161e-07
8.757747e-07
8.682495e-07
8.254385e-07
8.613702e-07
7.975005e-07
7.540142e-07
7.839085e-07
8.17177e-07
8.000953e-07
8.093421e-07
8.317737e-07
8.356463e-07
8.598009e-07
9.568417e-07
8.746797e-07
8.006065e-07
7.409637e-07
7.40259e-07
7.733983e-07
7.837277e-07
7.955885e-07
8.193568e-07
8.92924e-07
8.567965e-07
8.920133e-07
8.522179e-07
7.913876e-07
7.965765e-07
8.04955e-07
8.442587e-07
7.986645e-07
7.957617e-07
6.948501e-07
6.841423e-07
6.836389e-07
6.710261e-07
7.371106e-07
6.76081e-07
6.020327e-07
5.271483e-07
5.303275e-07
5.3118e-07
5.017474e-07
5.04102e-07
4.761602e-07
5.128285e-07
5.313102e-07
5.75137e-07
5.62736e-07
5.674053e-07
5.792149e-07
5.958732e-07
6.323576e-07
6.438092e-07
6.392362e-07
7.347954e-07
7.581275e-07
7.145933e-07
7.160074e-07
6.975313e-07
7.163633e-07
7.302969e-07
7.340003e-07
7.48061e-07
8.924321e-07
8.687269e-07
8.717131e-07
8.608413e-07
8.749903e-07
8.009934e-07
7.80615e-07
8.094261e-07
8.382333e-07
8.277755e-07
8.625436e-07
8.636496e-07
8.600705e-07
8.455154e-07
8.888001e-07
9.608514e-07
9.443012e-07
8.635379e-07
9.18193e-07
9.85827e-07
9.786094e-07
1.040252e-06
1.14942e-06
1.114071e-06
1.144589e-06
1.214397e-06
1.159717e-06
1.219267e-06
1.150074e-06
1.11259e-06
1.050736e-06
1.050188e-06
9.858169e-07
1.065507e-06
1.093276e-06
9.989439e-07
1.005568e-06
9.319035e-07
8.644284e-07
9.404856e-07
9.831327e-07
9.887853e-07
9.108899e-07
1.019094e-06
1.058233e-06
1.076174e-06
1.024918e-06
1.044066e-06
1.013357e-06
9.465853e-07
9.880185e-07
1.031625e-06
9.847036e-07
1.040241e-06
9.963974e-07
9.477723e-07
8.741941e-07
9.099663e-07
9.163735e-07
8.985995e-07
8.712715e-07
9.12314e-07
8.707825e-07
1.000852e-06
9.375571e-07
9.603633e-07
9.95508e-07
9.956082e-07
9.946536e-07
1.052742e-06
9.891182e-07
1.025904e-06
9.515558e-07
9.736752e-07
9.395037e-07
9.759142e-07
9.544611e-07
9.269174e-07
8.487395e-07
8.307474e-07
8.400627e-07
8.462335e-07
8.268169e-07
8.59132e-07
9.506263e-07
1.007143e-06
1.084776e-06
1.142327e-06
1.120751e-06
1.170376e-06
1.169056e-06
1.059788e-06
1.048276e-06
1.129577e-06
1.174206e-06
1.101583e-06
1.171711e-06
1.169152e-06
1.204821e-06
1.243218e-06
1.27108e-06
1.382007e-06
1.437629e-06
1.516739e-06
1.450648e-06
1.373303e-06
1.38127e-06
1.414889e-06
1.420706e-06
1.355731e-06
1.236564e-06
1.270134e-06
1.383635e-06
1.453969e-06
1.390936e-06
1.389156e-06
1.417987e-06
1.538361e-06
1.586041e-06
1.53103e-06
1.427049e-06
1.433999e-06
1.346127e-06
1.30928e-06
1.219703e-06
1.137981e-06
1.129548e-06
1.053952e-06
1.063555e-06
1.136102e-06
1.260763e-06
1.159979e-06
1.066228e-06
1.114874e-06
1.133184e-06
1.107321e-06
1.069008e-06
1.074926e-06
1.033496e-06
9.89767e-07
9.971787e-07
1.044828e-06
1.065499e-06
1.0091e-06
1.030465e-06
1.130493e-06
1.177998e-06
1.140944e-06
1.164183e-06
1.132645e-06
1.113583e-06
1.057283e-06
1.063817e-06
1.011198e-06
1.057157e-06
1.039854e-06
1.1331e-06
1.115331e-06
1.112399e-06
1.070312e-06
9.425801e-07
9.779753e-07
1.056571e-06
1.170701e-06
1.107569e-06
1.07006e-06
1.004814e-06
1.054017e-06
1.011697e-06
1.049572e-06
1.041527e-06
1.077788e-06
1.005746e-06
1.094945e-06
1.023548e-06
9.607726e-07
9.196693e-07
8.423031e-07
8.084008e-07
7.038962e-07
7.20295e-07
7.377093e-07
8.002885e-07
9.007166e-07
8.85734e-07
8.61761e-07
8.524247e-07
8.796581e-07
8.693335e-07
8.368666e-07
9.137554e-07
8.434506e-07
8.307055e-07
8.590776e-07
8.352564e-07
8.73771e-07
9.275199e-07
8.241147e-07
9.01002e-07
8.784742e-07
8.112743e-07
7.492412e-07
7.660301e-07
7.278413e-07
7.740042e-07
7.521953e-07
7.521365e-07
7.530251e-07
7.689002e-07
7.588642e-07
7.790259e-07
8.0701e-07
7.817255e-07
7.86932e-07
7.143757e-07
6.9112e-07
6.735455e-07
6.395603e-07
6.77328e-07
7.084366e-07
7.297582e-07
6.624284e-07
6.396411e-07
6.386254e-07
6.79158e-07
7.511562e-07
7.320586e-07
7.0937e-07
7.021704e-07
7.136259e-07
7.120489e-07
6.507819e-07
6.638307e-07
6.921121e-07
6.997577e-07
6.756464e-07
7.769585e-07
8.432783e-07
8.121741e-07
8.791382e-07
8.66066e-07
9.61456e-07
9.765075e-07
1.009642e-06
1.091526e-06
1.028889e-06
1.043589e-06
1.023114e-06
1.038333e-06
1.019214e-06
9.11685e-07
9.033499e-07
9.531614e-07
9.416811e-07
9.23157e-07
8.993609e-07
9.578917e-07
9.642918e-07
8.881841e-07
9.203027e-07
8.808582e-07
8.952372e-07
8.705349e-07
9.041899e-07
9.496142e-07
8.840879e-07
9.192063e-07
8.786029e-07
9.159885e-07
9.766866e-07
9.042968e-07
9.527905e-07
9.411332e-07
8.867828e-07
8.659195e-07
9.395147e-07
9.821931e-07
1.063461e-06
1.024799e-06
9.74305e-07
1.032731e-06
8.809053e-07
8.493799e-07
8.940036e-07
8.869936e-07
9.672479e-07
1.048292e-06
1.00781e-06
1.011016e-06
9.640999e-07
8.6816e-07
8.407632e-07
8.207359e-07
7.633414e-07
7.53651e-07
7.780489e-07
7.317172e-07
7.612687e-07
7.403288e-07
7.7711e-07
7.023033e-07
7.006768e-07
6.85576e-07
6.839908e-07
7.11905e-07
7.429247e-07
7.157026e-07
7.226685e-07
7.78842e-07
7.24831e-07
7.467309e-07
7.163457e-07
7.384261e-07
8.455171e-07
8.990282e-07
9.694695e-07
9.517356e-07
9.757204e-07
9.834854e-07
1.047075e-06
1.058506e-06
1.119378e-06
1.066358e-06
1.12872e-06
1.082605e-06
1.169661e-06
1.246502e-06
1.202338e-06
1.26658e-06
1.275637e-06
1.266185e-06
1.283712e-06
1.234826e-06
1.222538e-06
1.14571e-06
1.098004e-06
1.034577e-06
1.016064e-06
1.035879e-06
1.009441e-06
1.05539e-06
1.00615e-06
9.414189e-07
1.038332e-06
1.005176e-06
1.135694e-06
1.180229e-06
1.107173e-06
1.113665e-06
1.09202e-06
1.141494e-06
1.008112e-06
9.943033e-07
9.620861e-07
9.900403e-07
9.397792e-07
9.090138e-07
8.954942e-07
8.752468e-07
8.739305e-07
8.669896e-07
8.883344e-07
8.609953e-07
8.396549e-07
8.469881e-07
8.580204e-07
8.339682e-07
8.941486e-07
8.885664e-07
9.031743e-07
9.371737e-07
1.041517e-06
1.04776e-06
1.091282e-06
1.159066e-06
1.239789e-06
1.185905e-06
1.185766e-06
1.22608e-06
1.261723e-06
1.221398e-06
1.284683e-06
1.221871e-06
1.19595e-06
1.280305e-06
1.223711e-06
1.253408e-06
1.171686e-06
1.06653e-06
1.065395e-06
1.119785e-06
1.12358e-06
1.104527e-06
1.028399e-06
9.752983e-07
9.140639e-07
8.137948e-07
8.592522e-07
8.444234e-07
8.59203e-07
8.994769e-07
8.69677e-07
8.955311e-07
8.675428e-07
8.905177e-07
1.003476e-06
9.995976e-07
1.043052e-06
1.016106e-06
1.01033e-06
9.837905e-07
1.025618e-06
1.077177e-06
1.053623e-06
1.073035e-06
1.187804e-06
1.174017e-06
1.177126e-06
1.251179e-06
1.162451e-06
1.205771e-06
1.163565e-06
1.083929e-06
1.121205e-06
1.026107e-06
1.050059e-06
1.085521e-06
1.16464e-06
1.221349e-06
1.180371e-06
1.133734e-06
1.214874e-06
1.132874e-06
1.126126e-06
1.14094e-06
1.191584e-06
1.292104e-06
1.361436e-06
1.443803e-06
1.613576e-06
1.473949e-06
1.437941e-06
1.416502e-06
1.493186e-06
1.398632e-06
1.339003e-06
1.221398e-06
1.117809e-06
1.113674e-06
1.218124e-06
1.176794e-06
1.089676e-06
1.13816e-06
1.12685e-06
1.178969e-06
1.036224e-06
1.014257e-06
1.107028e-06
1.124652e-06
1.02883e-06
9.654594e-07
9.992954e-07
9.109113e-07
9.268066e-07
8.929556e-07
9.464777e-07
9.31924e-07
9.398092e-07
1.063902e-06
1.131201e-06
1.107664e-06
1.111119e-06
1.116547e-06
1.113884e-06
1.105132e-06
1.104824e-06
1.112585e-06
1.08206e-06
1.026978e-06
1.056812e-06
1.006343e-06
1.101563e-06
1.056014e-06
1.177096e-06
1.23517e-06
1.213325e-06
1.207342e-06
1.222195e-06
1.168772e-06
1.180534e-06
1.138682e-06
1.154064e-06
1.089848e-06
1.200489e-06
1.280766e-06
1.217078e-06
1.204852e-06
1.121675e-06
1.124014e-06
1.06685e-06
9.714971e-07
9.813496e-07
1.033087e-06
1.054866e-06
1.083368e-06
1.040342e-06
1.08132e-06
1.083959e-06
1.007505e-06
9.663159e-07
9.84317e-07
9.651619e-07
9.2482e-07
9.367678e-07
1.014323e-06
1.037784e-06
9.796854e-07
9.610073e-07
1.008553e-06
9.693103e-07
1.036501e-06
1.074696e-06
1.124732e-06
1.071763e-06
9.964028e-07
1.051905e-06
1.103852e-06
1.030459e-06
1.065194e-06
1.105333e-06
9.980259e-07
1.074553e-06
1.153962e-06
1.208644e-06
1.129637e-06
1.166925e-06
1.133826e-06
1.046059e-06
1.049669e-06
1.012391e-06
1.093272e-06
1.045205e-06
9.274199e-07
9.872102e-07
1.02477e-06
9.809253e-07
9.194443e-07
9.940212e-07
1.053673e-06
1.081834e-06
1.067211e-06
1.065299e-06
1.021937e-06
1.182011e-06
1.04387e-06
8.98903e-07
8.884274e-07
9.307052e-07
8.944222e-07
9.444365e-07
8.755275e-07
8.19347e-07
7.91283e-07
8.540245e-07
9.163862e-07
9.608984e-07
1.015962e-06
9.65499e-07
1.010507e-06
1.01474e-06
1.029445e-06
1.102999e-06
1.05333e-06
9.695561e-07
9.089187e-07
9.441336e-07
8.995698e-07
8.855841e-07
8.873728e-07
8.901836e-07
9.266396e-07
9.756331e-07
1.011982e-06
1.009222e-06
1.070407e-06
1.124031e-06
1.043258e-06
9.940813e-07
1.025891e-06
1.032766e-06
9.985667e-07
9.918202e-07
1.061999e-06
1.048756e-06
1.054377e-06
1.135066e-06
1.129209e-06
1.126029e-06
1.142142e-06
1.12553e-06
1.122758e-06
1.067515e-06
1.074119e-06
9.281576e-07
9.043272e-07
8.495873e-07
8.26194e-07
9.34855e-07
9.854522e-07
9.301112e-07
9.441701e-07
9.209113e-07
9.113574e-07
8.727607e-07
8.823762e-07
8.441675e-07
8.328374e-07
8.519159e-07
8.785261e-07
9.03554e-07
9.709706e-07
8.795546e-07
8.520394e-07
8.203808e-07
7.732549e-07
7.533654e-07
7.68611e-07
7.222722e-07
7.321438e-07
7.383596e-07
7.817954e-07
7.365132e-07
6.731705e-07
6.575571e-07
6.204427e-07
6.792553e-07
6.744595e-07
6.930955e-07
6.40012e-07
6.528456e-07
6.593789e-07
6.874809e-07
6.347537e-07
5.881e-07
5.528604e-07
5.574001e-07
5.92809e-07
5.820751e-07
5.715202e-07
5.869097e-07
5.800652e-07
5.818309e-07
5.95106e-07
6.070188e-07
6.150799e-07
6.697189e-07
6.95859e-07
6.465859e-07
6.161574e-07
6.421171e-07
6.095458e-07
6.491089e-07
6.39181e-07
6.717789e-07
7.012069e-07
6.996191e-07
7.097583e-07
7.638326e-07
7.064203e-07
7.186963e-07
7.281036e-07
7.680814e-07
8.602496e-07
8.944256e-07
8.495883e-07
9.225449e-07
9.219356e-07
9.261689e-07
9.693623e-07
9.63278e-07
9.099172e-07
8.632428e-07
8.614489e-07
8.871004e-07
9.395719e-07
1.021895e-06
1.060109e-06
1.002428e-06
9.671001e-07
9.756654e-07
9.931271e-07
9.815434e-07
9.55156e-07
9.910383e-07
9.58866e-07
1.037189e-06
9.4728e-07
9.506623e-07
9.746177e-07
9.80335e-07
9.903485e-07
9.968764e-07
9.447946e-07
9.794696e-07
9.375774e-07
9.300107e-07
8.248476e-07
7.602087e-07
7.235244e-07
7.057212e-07
7.08261e-07
6.338498e-07
6.750975e-07
7.520341e-07
6.984612e-07
6.648746e-07
6.268142e-07
6.629038e-07
6.460168e-07
6.164378e-07
6.105876e-07
6.310549e-07
6.688126e-07
6.235645e-07
6.901029e-07
7.571428e-07
7.98232e-07
8.408919e-07
8.51912e-07
8.548707e-07
9.429492e-07
9.216653e-07
8.925787e-07
8.630964e-07
8.358339e-07
8.201986e-07
8.405426e-07
8.304535e-07
8.875466e-07
8.748891e-07
8.97554e-07
9.417934e-07
9.228421e-07
9.093341e-07
1.018192e-06
1.025644e-06
9.225529e-07
9.062249e-07
9.117818e-07
8.933151e-07
8.883211e-07
8.52619e-07
9.052156e-07
9.481374e-07
9.284998e-07
9.203764e-07
8.89096e-07
9.55754e-07
9.378185e-07
9.167811e-07
9.414303e-07
9.505827e-07
9.424226e-07
9.088657e-07
9.243262e-07
9.624249e-07
9.637177e-07
1.00026e-06
9.828504e-07
1.044113e-06
8.821985e-07
8.912283e-07
8.865277e-07
9.088855e-07
9.591742e-07
1.035864e-06
1.08656e-06
1.113198e-06
1.055976e-06
1.1202e-06
1.095508e-06
1.011821e-06
9.46843e-07
8.589509e-07
9.265689e-07
8.076736e-07
7.840281e-07
8.180291e-07
8.102545e-07
8.581433e-07
8.316545e-07
8.28836e-07
7.709791e-07
7.90078e-07
8.180341e-07
8.289092e-07
7.889214e-07
8.528851e-07
8.494292e-07
7.96253e-07
7.864628e-07
8.233249e-07
7.880939e-07
8.104877e-07
8.865392e-07
9.001168e-07
9.115011e-07
9.487706e-07
9.215488e-07
9.545409e-07
9.170297e-07
9.543239e-07
9.453302e-07
8.736678e-07
8.561654e-07
7.912739e-07
8.118487e-07
8.15569e-07
8.756013e-07
8.250938e-07
8.206011e-07
8.804333e-07
8.503647e-07
7.825856e-07
7.777403e-07
7.732752e-07
8.923825e-07
8.654189e-07
8.694389e-07
9.250789e-07
9.601477e-07
9.085005e-07
9.158269e-07
9.902196e-07
9.842681e-07
1.010449e-06
9.794348e-07
1.116707e-06
1.04318e-06
1.162629e-06
1.219383e-06
1.187369e-06
1.226444e-06
1.292584e-06
1.344426e-06
1.261124e-06
1.246861e-06
1.311006e-06
1.374918e-06
1.386573e-06
1.24617e-06
1.391892e-06
1.400814e-06
1.416016e-06
1.364109e-06
1.471988e-06
1.451182e-06
1.300495e-06
1.381213e-06
1.285086e-06
1.298346e-06
1.533237e-06
1.552498e-06
1.616927e-06
1.549641e-06
1.437316e-06
1.349839e-06
1.393514e-06
1.358238e-06
1.292728e-06
1.339703e-06
1.288577e-06
1.282025e-06
1.149291e-06
1.071594e-06
1.025933e-06
1.041983e-06
1.047446e-06
9.469289e-07
9.406932e-07
9.69877e-07
9.699442e-07
9.875411e-07
1.04752e-06
9.152837e-07
9.397391e-07
9.182419e-07
9.003004e-07
9.561249e-07
8.786344e-07
9.446993e-07
9.909258e-07
1.062574e-06
9.623675e-07
9.657207e-07
1.024456e-06
9.560735e-07
9.661158e-07
9.25498e-07
8.824129e-07
9.360742e-07
8.181483e-07
7.994912e-07
7.835008e-07
8.332161e-07
8.883596e-07
7.961132e-07
8.347563e-07
8.378239e-07
9.100538e-07
8.847841e-07
8.87793e-07
8.910227e-07
8.29641e-07
7.845128e-07
8.248582e-07
8.205137e-07
8.549903e-07
8.719661e-07
9.124941e-07
8.968306e-07
9.452844e-07
1.050276e-06
1.19174e-06
1.177349e-06
1.074255e-06
1.082089e-06
1.019651e-06
1.140768e-06
1.173466e-06
1.185306e-06
1.250637e-06
1.199179e-06
1.119992e-06
1.188191e-06
1.222339e-06
1.22515e-06
1.258202e-06
1.154905e-06
1.150199e-06
1.09604e-06
1.13638e-06
1.172266e-06
1.129623e-06
1.024295e-06
1.090528e-06
1.15108e-06
1.098282e-06
9.545186e-07
1.0171e-06
9.763265e-07
9.644535e-07
9.52404e-07
1.011086e-06
1.004684e-06
1.071771e-06
1.144559e-06
1.162326e-06
1.203441e-06
1.193449e-06
1.223858e-06
1.142368e-06
1.265025e-06
1.210247e-06
1.172574e-06
1.20486e-06
1.010958e-06
1.008293e-06
9.986759e-07
1.00472e-06
9.207806e-07
9.222686e-07
9.621326e-07
9.696273e-07
1.004741e-06
9.441051e-07
9.373224e-07
1.038511e-06
9.801741e-07
1.023996e-06
1.051071e-06
1.152821e-06
1.142112e-06
1.1224e-06
1.121382e-06
1.207566e-06
1.230007e-06
1.203398e-06
1.199452e-06
1.230279e-06
1.262525e-06
1.254477e-06
1.317797e-06
1.334868e-06
1.28086e-06
1.257154e-06
1.16271e-06
1.088634e-06
1.045083e-06
1.06971e-06
1.102122e-06
1.00809e-06
9.17578e-07
9.30506e-07
1.105157e-06
1.20314e-06
1.218352e-06
1.144391e-06
1.23798e-06
1.248278e-06
1.204263e-06
1.108488e-06
1.027065e-06
1.016063e-06
1.019039e-06
1.079437e-06
9.776014e-07
9.814339e-07
9.78898e-07
9.399744e-07
9.75211e-07
9.732615e-07
9.465851e-07
9.464794e-07
9.527006e-07
1.010581e-06
9.980529e-07
9.329929e-07
8.956116e-07
9.798444e-07
9.685617e-07
9.369931e-07
9.073881e-07
9.163506e-07
9.2314e-07
9.94203e-07
9.728657e-07
9.747511e-07
1.001278e-06
1.08711e-06
1.134876e-06
1.166871e-06
1.26321e-06
1.233151e-06
1.194621e-06
1.152793e-06
1.155797e-06
1.12644e-06
1.228634e-06
1.18508e-06
1.2314e-06
1.219525e-06
1.093602e-06
1.168818e-06
1.131834e-06
1.024093e-06
9.652675e-07
9.827595e-07
1.091241e-06
1.132831e-06
1.160074e-06
1.100578e-06
1.170118e-06
1.206287e-06
1.242011e-06
1.278332e-06
1.29386e-06
1.260564e-06
1.281237e-06
1.219887e-06
1.13645e-06
1.11252e-06
1.158286e-06
1.19195e-06
1.249888e-06
1.24005e-06
1.316408e-06
1.319693e-06
1.251471e-06
1.383706e-06
1.368567e-06
1.301321e-06
1.369813e-06
1.309822e-06
1.335345e-06
1.282403e-06
1.145537e-06
1.103105e-06
1.044785e-06
1.005056e-06
1.094752e-06
1.148586e-06
1.131498e-06
1.088063e-06
1.115235e-06
1.180962e-06
1.157669e-06
1.152982e-06
1.128058e-06
1.107064e-06
1.035379e-06
9.416417e-07
9.381878e-07
9.603829e-07
1.008103e-06
1.072813e-06
1.206889e-06
1.250329e-06
1.224632e-06
1.275651e-06
1.317648e-06
1.466406e-06
1.275598e-06
1.243038e-06
1.283065e-06
1.388647e-06
1.283839e-06
1.347331e-06
1.484399e-06
1.484055e-06
1.395705e-06
1.48348e-06
1.405039e-06
1.288367e-06
1.441803e-06
1.502562e-06
1.304102e-06
1.396586e-06
1.26827e-06
1.234482e-06
1.289656e-06
1.248623e-06
1.248391e-06
1.260748e-06
1.234135e-06
1.268449e-06
1.230839e-06
1.282314e-06
1.154476e-06
1.067075e-06
1.125811e-06
1.165675e-06
1.266667e-06
1.237495e-06
1.229738e-06
1.229034e-06
1.10307e-06
1.176795e-06
1.181736e-06
1.164465e-06
1.168603e-06
1.148022e-06
1.136458e-06
1.085671e-06
1.158661e-06
1.139182e-06
1.120733e-06
1.099167e-06
1.054147e-06
1.062059e-06
1.040618e-06
1.045394e-06
1.011007e-06
1.030226e-06
1.00629e-06
1.063314e-06
1.002858e-06
9.25645e-07
1.087116e-06
1.071057e-06
1.171121e-06
1.170588e-06
1.215948e-06
1.192483e-06
1.189636e-06
1.109402e-06
1.065867e-06
1.144407e-06
1.119493e-06
1.171745e-06
1.247068e-06
1.296384e-06
1.242255e-06
1.14361e-06
1.117418e-06
1.085935e-06
1.180168e-06
1.14629e-06
1.193964e-06
1.277798e-06
1.389483e-06
1.410991e-06
1.380402e-06
1.32911e-06
1.224558e-06
1.225515e-06
1.27934e-06
1.316971e-06
1.295349e-06
1.29212e-06
1.271242e-06
1.297975e-06
1.341836e-06
1.486336e-06
1.61218e-06
1.605356e-06
1.657013e-06
1.484801e-06
1.350325e-06
1.149636e-06
1.249781e-06
1.299721e-06
1.328207e-06
1.425753e-06
1.659661e-06
1.770012e-06
1.730427e-06
1.717118e-06
1.692211e-06
1.653631e-06
1.536355e-06
1.338006e-06
1.396771e-06
1.444763e-06
1.517484e-06
1.498327e-06
1.560265e-06
1.673832e-06
1.818365e-06
1.818321e-06
2.043871e-06
1.913061e-06
1.906935e-06
1.9179e-06
2.020855e-06
1.912497e-06
1.950416e-06
1.930635e-06
1.842257e-06
1.823806e-06
1.794278e-06
1.788849e-06
1.664303e-06
1.552799e-06
1.667274e-06
1.781819e-06
1.966783e-06
2.072811e-06
1.945262e-06
1.986954e-06
1.86859e-06
1.950833e-06
1.836836e-06
1.925566e-06
2.023807e-06
2.231762e-06
2.344444e-06
2.252298e-06
2.430639e-06
2.262122e-06
2.49069e-06
2.482536e-06
2.595308e-06
2.492006e-06
2.313294e-06
2.372682e-06
2.321579e-06
2.367786e-06
2.286055e-06
2.149747e-06
2.222015e-06
2.232462e-06
2.365345e-06
2.253474e-06
2.101433e-06
2.018816e-06
1.998274e-06
2.014741e-06
2.03358e-06
2.200156e-06
2.072204e-06
1.948581e-06
1.679923e-06
1.699341e-06
1.673387e-06
1.594704e-06
1.606165e-06
1.643793e-06
1.581675e-06
1.549343e-06
1.475335e-06
1.423552e-06
1.420633e-06
1.540573e-06
1.624843e-06
1.579972e-06
1.510462e-06
1.488582e-06
1.441966e-06
1.426715e-06
1.390844e-06
1.404669e-06
1.379147e-06
1.318175e-06
1.268748e-06
1.336502e-06
1.399813e-06
1.420558e-06
1.31634e-06
1.176662e-06
1.202461e-06
1.182842e-06
1.176093e-06
1.189983e-06
1.105992e-06
1.105076e-06
1.049321e-06
1.088224e-06
1.135189e-06
1.116008e-06
1.152336e-06
1.125128e-06
1.055114e-06
1.057369e-06
1.018716e-06
1.066241e-06
1.046098e-06
1.06554e-06
9.729585e-07
9.466243e-07
8.885831e-07
9.056616e-07
9.173063e-07
9.96631e-07
1.024255e-06
9.661146e-07
1.041118e-06
1.114387e-06
1.191469e-06
1.167471e-06
1.179219e-06
1.132717e-06
1.113215e-06
1.052216e-06
1.0248e-06
1.00927e-06
9.627028e-07
9.663369e-07
1.04513e-06
1.109499e-06
1.12599e-06
1.061607e-06
1.049499e-06
1.022278e-06
9.092171e-07
8.848096e-07
9.301115e-07
8.914601e-07
9.231851e-07
9.536978e-07
9.966245e-07
1.089841e-06
1.068723e-06
1.139463e-06
1.175184e-06
1.225267e-06
1.203127e-06
1.257552e-06
1.308118e-06
1.326361e-06
1.365927e-06
1.210524e-06
1.236742e-06
1.23579e-06
1.251023e-06
1.085616e-06
1.06102e-06
9.980996e-07
1.02579e-06
1.077117e-06
1.149094e-06
1.179628e-06
1.136432e-06
1.253229e-06
1.164486e-06
1.157007e-06
1.142115e-06
1.169213e-06
1.245616e-06
1.213572e-06
1.174784e-06
1.204545e-06
1.256239e-06
1.144887e-06
1.188364e-06
1.177464e-06
1.207216e-06
1.186841e-06
1.190034e-06
1.13706e-06
1.258923e-06
1.305826e-06
1.2752e-06
1.33822e-06
1.434917e-06
1.550648e-06
1.652866e-06
1.744965e-06
1.533153e-06
1.538087e-06
1.485472e-06
1.365656e-06
1.285433e-06
1.308855e-06
1.445809e-06
1.457732e-06
1.470725e-06
1.549426e-06
1.560543e-06
1.334811e-06
1.25707e-06
1.161819e-06
1.089671e-06
1.067124e-06
1.110018e-06
1.137357e-06
1.071447e-06
1.021036e-06
1.049461e-06
1.083867e-06
1.125396e-06
1.163036e-06
1.243588e-06
1.12526e-06
1.031462e-06
1.015411e-06
1.061475e-06
1.006329e-06
9.599618e-07
8.709754e-07
8.527076e-07
8.658391e-07
8.164893e-07
8.534033e-07
7.845939e-07
8.113765e-07
8.229957e-07
7.753449e-07
7.941682e-07
7.920328e-07
7.617742e-07
6.872423e-07
6.866377e-07
6.329549e-07
6.499409e-07
6.432195e-07
6.392521e-07
6.89149e-07
7.285904e-07
7.091759e-07
7.178758e-07
7.477145e-07
7.534215e-07
8.004509e-07
7.633192e-07
7.836213e-07
8.826181e-07
8.374514e-07
8.465316e-07
7.899853e-07
7.535122e-07
7.68699e-07
8.874938e-07
8.619494e-07
7.960583e-07
8.492287e-07
8.905317e-07
7.888731e-07
8.258864e-07
9.260598e-07
9.838038e-07
1.013426e-06
9.422399e-07
8.576812e-07
8.606055e-07
9.342813e-07
8.88919e-07
9.142328e-07
9.268987e-07
8.965589e-07
8.180394e-07
8.38878e-07
8.865657e-07
8.290812e-07
8.068e-07
8.378313e-07
8.394688e-07
7.799672e-07
7.889264e-07
7.756442e-07
7.54303e-07
8.001546e-07
8.127943e-07
7.759702e-07
7.717109e-07
8.032304e-07
8.014244e-07
8.034151e-07
7.886898e-07
7.774807e-07
7.789333e-07
7.37982e-07
7.986933e-07
8.199927e-07
7.622967e-07
8.139902e-07
8.055174e-07
7.787441e-07
7.586229e-07
7.868773e-07
7.982885e-07
7.878014e-07
7.615898e-07
7.663111e-07
7.495073e-07
7.545366e-07
6.973599e-07
7.288116e-07
7.256681e-07
6.950782e-07
6.93702e-07
6.982113e-07
7.325765e-07
7.135221e-07
7.509913e-07
7.538563e-07
7.417855e-07
7.696832e-07
8.147786e-07
7.849708e-07
8.156924e-07
7.982355e-07
7.724443e-07
8.640785e-07
8.442327e-07
8.565883e-07
8.116962e-07
8.314608e-07
8.335339e-07
8.668239e-07
8.189843e-07
9.284301e-07
9.930253e-07
9.163669e-07
9.075728e-07
8.852095e-07
9.022179e-07
9.486003e-07
8.708542e-07
9.133949e-07
9.322712e-07
8.83584e-07
9.284684e-07
9.636135e-07
1.013955e-06
9.375667e-07
9.24396e-07
8.922897e-07
8.028887e-07
7.918425e-07
7.74016e-07
7.209977e-07
7.400983e-07
7.021928e-07
6.922864e-07
6.452283e-07
6.78922e-07
7.100328e-07
7.739633e-07
7.786822e-07
7.752188e-07
8.225084e-07
8.580914e-07
8.106074e-07
8.681831e-07
8.491295e-07
7.833496e-07
7.136115e-07
6.768047e-07
6.73814e-07
6.83919e-07
6.935018e-07
7.316475e-07
7.436112e-07
7.983906e-07
8.459491e-07
8.811707e-07
8.855916e-07
1.00222e-06
1.039206e-06
1.057891e-06
1.030287e-06
1.000177e-06
1.052312e-06
1.082309e-06
1.184143e-06
1.234498e-06
1.201496e-06
1.297657e-06
1.238319e-06
1.177218e-06
1.139789e-06
1.193457e-06
1.152951e-06
1.241608e-06
1.224285e-06
1.326223e-06
1.307211e-06
1.311054e-06
1.379384e-06
1.459164e-06
1.417726e-06
1.310116e-06
1.293248e-06
1.202387e-06
1.087118e-06
1.108025e-06
1.117038e-06
1.123228e-06
1.052834e-06
1.082418e-06
1.041713e-06
1.09911e-06
1.065366e-06
1.098307e-06
1.084327e-06
9.7884e-07
9.65804e-07
9.87134e-07
9.790009e-07
9.488633e-07
9.800376e-07
9.631692e-07
9.745007e-07
9.071785e-07
9.599359e-07
9.452344e-07
9.498464e-07
9.974172e-07
1.009454e-06
9.846448e-07
9.175069e-07
8.78372e-07
9.284697e-07
9.272916e-07
9.239656e-07
8.626038e-07
8.932663e-07
9.330708e-07
9.03718e-07
9.216306e-07
9.923112e-07
9.567037e-07
9.200515e-07
9.460231e-07
8.674042e-07
8.824665e-07
8.00543e-07
8.543276e-07
9.247578e-07
9.551046e-07
9.466633e-07
9.823534e-07
9.737299e-07
9.608824e-07
9.413686e-07
9.966352e-07
9.841428e-07
1.061814e-06
1.040484e-06
1.037409e-06
1.096727e-06
1.106795e-06
1.093002e-06
1.212853e-06
1.202869e-06
1.234791e-06
1.272523e-06
1.211411e-06
1.221865e-06
1.171454e-06
1.241197e-06
1.205015e-06
1.141539e-06
1.235169e-06
1.233085e-06
1.100855e-06
1.174173e-06
1.118943e-06
1.119336e-06
9.945223e-07
9.783465e-07
9.662729e-07
1.103483e-06
1.059674e-06
1.033722e-06
9.534478e-07
8.591118e-07
8.197726e-07
7.804103e-07
8.912009e-07
8.946476e-07
1.009832e-06
9.714035e-07
9.919312e-07
9.227933e-07
9.212366e-07
9.257625e-07
9.578094e-07
9.260751e-07
8.359791e-07
8.719611e-07
9.336296e-07
9.451977e-07
8.976293e-07
9.188853e-07
9.536198e-07
9.837606e-07
9.792081e-07
1.018634e-06
1.080686e-06
1.11353e-06
1.098936e-06
1.135294e-06
1.142343e-06
1.196831e-06
1.431427e-06
1.485027e-06
1.38044e-06
1.373045e-06
1.343429e-06
1.403581e-06
1.523516e-06
1.48636e-06
1.454061e-06
1.362676e-06
1.449706e-06
1.353153e-06
1.253433e-06
1.237767e-06
1.158125e-06
1.331752e-06
1.34185e-06
1.244922e-06
1.195113e-06
1.228991e-06
1.157664e-06
1.217046e-06
1.159983e-06
1.230753e-06
1.095521e-06
1.098637e-06
1.134772e-06
1.174232e-06
1.214597e-06
1.16439e-06
1.126852e-06
1.154528e-06
1.059297e-06
1.14385e-06
1.095268e-06
1.064194e-06
1.015512e-06
1.024179e-06
1.110807e-06
1.008874e-06
9.770345e-07
9.157711e-07
9.903191e-07
9.980774e-07
9.963227e-07
9.746402e-07
9.260421e-07
9.588999e-07
9.856481e-07
1.01772e-06
9.208647e-07
8.49976e-07
8.739128e-07
8.426055e-07
8.475192e-07
8.69069e-07
8.708787e-07
7.67936e-07
8.120585e-07
8.895749e-07
8.110548e-07
8.106908e-07
7.63376e-07
8.300441e-07
7.885262e-07
7.908978e-07
7.463288e-07
7.438979e-07
7.822208e-07
8.077837e-07
7.702109e-07
7.750568e-07
7.633439e-07
8.366722e-07
7.711052e-07
7.282312e-07
7.239347e-07
7.410969e-07
6.816958e-07
6.917999e-07
6.685565e-07
6.106903e-07
6.017726e-07
6.0275e-07
5.930456e-07
6.848877e-07
6.805618e-07
6.821274e-07
6.623572e-07
7.121221e-07
7.275145e-07
7.681052e-07
7.897737e-07
7.812806e-07
7.326484e-07
7.581027e-07
8.038927e-07
8.541331e-07
7.997927e-07
7.401408e-07
8.000592e-07
7.988372e-07
8.041747e-07
8.178684e-07
8.217758e-07
7.381177e-07
7.907387e-07
8.027217e-07
8.380034e-07
8.298545e-07
8.218716e-07
8.396351e-07
8.245793e-07
8.56352e-07
8.526098e-07
7.826368e-07
8.048495e-07
7.605031e-07
7.85741e-07
7.884709e-07
7.651904e-07
6.95539e-07
6.961233e-07
6.641216e-07
7.216345e-07
7.777571e-07
8.440473e-07
8.584746e-07
8.391882e-07
8.960078e-07
8.168098e-07
8.512195e-07
8.130626e-07
8.649499e-07
8.839633e-07
9.337573e-07
9.486986e-07
8.739475e-07
8.345043e-07
8.21124e-07
8.074107e-07
8.071831e-07
9.00731e-07
8.418357e-07
8.571346e-07
8.501782e-07
8.716058e-07
9.420097e-07
9.746803e-07
9.708949e-07
9.15739e-07
8.343535e-07
7.98233e-07
7.524961e-07
7.805158e-07
7.541883e-07
8.157006e-07
8.291348e-07
8.623174e-07
7.584141e-07
7.453328e-07
6.736243e-07
6.774944e-07
6.375527e-07
6.202776e-07
6.116282e-07
6.641316e-07
7.425003e-07
7.922718e-07
7.348256e-07
7.104188e-07
7.03436e-07
6.765292e-07
6.903087e-07
7.037202e-07
7.231966e-07
7.113509e-07
7.450118e-07
7.329224e-07
7.496192e-07
7.143114e-07
7.296462e-07
8.166477e-07
7.915621e-07
8.717648e-07
9.338031e-07
1.012068e-06
9.368243e-07
9.649361e-07
9.10549e-07
8.778963e-07
8.907631e-07
9.279891e-07
9.087611e-07
9.20561e-07
8.452812e-07
8.493396e-07
8.268736e-07
8.049779e-07
8.165888e-07
8.157521e-07
8.57876e-07
8.114015e-07
8.016948e-07
8.225482e-07
8.008852e-07
7.872227e-07
8.003356e-07
7.506905e-07
7.308946e-07
7.233956e-07
7.544075e-07
7.430681e-07
6.927054e-07
7.414463e-07
6.543608e-07
6.49695e-07
6.361953e-07
6.42442e-07
6.132315e-07
6.98314e-07
7.227528e-07
7.101721e-07
7.217008e-07
7.115418e-07
7.057487e-07
7.585378e-07
7.633204e-07
7.846442e-07
7.575507e-07
6.33868e-07
6.256154e-07
6.130916e-07
6.987574e-07
7.45777e-07
7.388934e-07
6.610707e-07
6.80927e-07
6.364604e-07
6.435706e-07
5.808225e-07
5.422686e-07
5.336196e-07
5.635953e-07
5.320989e-07
5.219691e-07
5.637204e-07
5.666265e-07
5.737548e-07
5.51286e-07
5.218781e-07
5.873789e-07
5.565892e-07
5.81088e-07
5.172004e-07
5.322341e-07
5.380701e-07
5.395989e-07
5.989749e-07
5.914006e-07
5.799142e-07
5.467756e-07
5.442251e-07
5.269995e-07
5.055898e-07
5.412605e-07
5.335391e-07
5.120231e-07
5.188197e-07
5.26862e-07
5.485402e-07
5.928272e-07
6.296187e-07
5.931882e-07
6.07486e-07
6.306927e-07
6.352473e-07
7.415583e-07
7.131403e-07
8.386812e-07
8.660697e-07
8.604017e-07
7.811204e-07
7.602629e-07
7.235564e-07
6.916649e-07
7.260361e-07
7.287366e-07
7.055976e-07
8.024815e-07
8.855596e-07
8.890461e-07
9.551087e-07
9.969196e-07
9.335039e-07
9.254822e-07
8.594124e-07
1.015103e-06
1.066514e-06
1.11738e-06
1.133683e-06
1.070717e-06
1.066402e-06
1.164407e-06
1.04224e-06
1.139773e-06
1.140888e-06
1.179087e-06
1.11892e-06
1.229669e-06
1.256317e-06
1.149531e-06
1.224566e-06
1.076184e-06
1.165383e-06
1.118817e-06
1.133931e-06
1.144154e-06
1.196936e-06
1.240219e-06
1.294922e-06
1.368857e-06
1.316444e-06
1.282217e-06
1.286074e-06
1.299824e-06
1.265117e-06
1.190693e-06
1.192914e-06
1.289843e-06
1.190819e-06
1.175966e-06
1.208764e-06
1.24527e-06
1.287832e-06
1.318688e-06
1.258052e-06
1.293311e-06
1.370556e-06
1.286655e-06
1.130744e-06
1.173653e-06
1.137476e-06
1.152855e-06
1.147738e-06
9.93663e-07
9.897556e-07
1.001008e-06
9.013094e-07
9.086489e-07
9.275817e-07
9.435134e-07
9.875733e-07
9.810017e-07
9.116073e-07
8.347039e-07
8.338215e-07
7.707109e-07
6.930841e-07
6.601711e-07
6.317542e-07
6.600133e-07
7.383383e-07
6.691763e-07
6.512768e-07
6.445037e-07
6.076201e-07
6.231262e-07
6.964185e-07
7.083758e-07
6.996983e-07
7.011572e-07
6.745309e-07
6.470348e-07
6.640822e-07
7.166228e-07
6.172291e-07
7.066754e-07
7.263444e-07
6.997351e-07
6.711978e-07
6.917878e-07
6.572509e-07
6.428488e-07
7.240988e-07
7.513723e-07
7.454476e-07
8.225085e-07
8.563423e-07
8.891183e-07
7.941489e-07
8.00281e-07
8.228133e-07
7.248032e-07
7.013612e-07
7.217414e-07
7.874681e-07
8.943245e-07
8.720147e-07
8.013446e-07
8.556913e-07
8.523269e-07
8.298422e-07
7.892351e-07
7.860021e-07
8.770565e-07
7.792964e-07
7.271951e-07
7.356312e-07
7.340509e-07
7.855895e-07
7.631328e-07
7.560636e-07
8.085879e-07
8.844908e-07
9.099779e-07
9.270368e-07
9.89598e-07
9.960731e-07
9.520327e-07
1.004306e-06
1.070522e-06
1.124322e-06
1.049527e-06
1.068718e-06
1.075071e-06
9.992467e-07
9.521097e-07
9.926663e-07
1.019578e-06
1.001656e-06
1.0278e-06
9.467577e-07
9.403941e-07
9.21392e-07
9.274752e-07
9.159586e-07
8.673875e-07
8.400663e-07
8.465494e-07
8.63146e-07
8.95629e-07
8.622527e-07
8.148896e-07
8.360231e-07
7.917487e-07
7.572388e-07
7.838025e-07
8.151302e-07
8.23392e-07
8.467345e-07
8.104025e-07
8.156473e-07
8.26674e-07
8.387496e-07
8.49816e-07
7.897914e-07
7.916026e-07
8.194789e-07
7.986283e-07
8.133555e-07
8.056171e-07
8.591853e-07
8.464978e-07
7.710396e-07
7.892416e-07
7.750034e-07
7.404909e-07
7.189745e-07
6.38654e-07
6.654078e-07
6.398817e-07
6.089283e-07
6.030552e-07
6.285446e-07
6.947559e-07
7.011633e-07
6.596539e-07
6.810657e-07
7.689152e-07
7.51145e-07
7.177524e-07
6.743158e-07
6.729171e-07
6.877224e-07
6.96853e-07
6.967194e-07
6.421203e-07
6.751449e-07
6.61835e-07
6.398934e-07
6.675072e-07
6.776533e-07
7.042833e-07
7.361299e-07
7.234266e-07
6.9557e-07
6.751423e-07
6.457475e-07
6.0569e-07
5.623328e-07
5.17653e-07
5.565408e-07
5.439066e-07
5.019303e-07
5.232163e-07
5.168698e-07
5.494231e-07
5.599073e-07
5.308118e-07
5.800983e-07
6.283036e-07
6.321852e-07
6.045096e-07
6.133084e-07
5.912467e-07
5.66176e-07
5.958628e-07
5.866893e-07
6.525688e-07
6.780714e-07
6.808999e-07
6.859867e-07
6.98822e-07
6.492629e-07
6.127221e-07
6.398146e-07
6.261615e-07
6.432188e-07
6.742663e-07
6.585269e-07
6.738269e-07
6.976924e-07
6.914825e-07
7.799347e-07
7.744161e-07
7.438812e-07
7.674278e-07
7.73892e-07
8.630327e-07
8.138469e-07
8.155191e-07
8.296131e-07
8.281991e-07
8.45203e-07
8.865744e-07
9.318763e-07
9.537249e-07
9.040918e-07
8.806997e-07
8.721355e-07
9.215128e-07
9.20864e-07
9.309897e-07
8.76192e-07
7.68439e-07
7.992227e-07
7.105257e-07
7.088046e-07
6.908677e-07
7.117277e-07
7.060652e-07
7.42061e-07
7.38231e-07
7.789344e-07
8.152809e-07
8.605829e-07
9.095295e-07
8.561628e-07
8.506383e-07
8.247679e-07
8.437305e-07
8.910486e-07
9.073262e-07
9.399652e-07
8.830434e-07
9.100977e-07
9.359661e-07
9.063225e-07
8.797501e-07
8.424076e-07
9.100038e-07
8.209511e-07
8.332164e-07
7.829019e-07
7.316502e-07
7.593321e-07
7.600333e-07
7.075125e-07
7.57175e-07
7.326592e-07
7.268491e-07
7.064866e-07
6.225389e-07
6.114849e-07
6.231596e-07
5.38457e-07
5.582011e-07
5.783506e-07
5.362723e-07
5.273546e-07
5.647034e-07
5.806074e-07
5.687253e-07
5.546782e-07
5.851724e-07
5.348285e-07
5.702006e-07
5.80655e-07
5.863146e-07
6.111634e-07
5.99465e-07
6.04255e-07
6.137627e-07
6.594736e-07
6.818877e-07
6.54396e-07
6.302551e-07
6.525901e-07
6.981687e-07
6.913921e-07
7.030345e-07
7.31838e-07
7.030288e-07
6.439527e-07
7.005219e-07
7.108815e-07
7.070865e-07
7.576839e-07
8.038399e-07
7.787297e-07
7.856138e-07
7.976994e-07
7.728319e-07
7.484383e-07
7.353209e-07
7.295275e-07
6.682519e-07
6.231571e-07
7.080581e-07
8.158729e-07
7.676434e-07
7.493722e-07
7.062418e-07
7.364501e-07
7.401612e-07
7.312447e-07
7.513633e-07
7.687655e-07
8.053633e-07
7.748867e-07
7.386809e-07
6.96447e-07
7.182449e-07
7.332557e-07
7.475609e-07
7.10397e-07
6.973292e-07
6.668165e-07
7.055028e-07
6.811707e-07
6.730253e-07
6.869637e-07
7.153398e-07
7.203587e-07
7.615238e-07
8.612251e-07
9.060883e-07
9.224615e-07
9.255117e-07
8.795704e-07
8.395964e-07
8.482818e-07
8.469671e-07
8.106622e-07
8.079956e-07
8.456239e-07
8.979265e-07
8.632025e-07
8.499979e-07
8.71005e-07
7.689371e-07
7.990052e-07
7.687517e-07
7.582486e-07
7.824939e-07
8.007115e-07
8.578195e-07
8.747986e-07
8.865589e-07
8.895457e-07
9.213113e-07
9.771041e-07
9.730325e-07
9.194457e-07
1.013127e-06
9.69274e-07
9.369556e-07
9.017687e-07
8.522155e-07
8.706995e-07
9.223945e-07
9.202689e-07
8.956852e-07
7.999848e-07
8.422594e-07
7.412528e-07
7.751681e-07
7.65945e-07
8.207961e-07
8.397371e-07
9.325811e-07
1.03982e-06
1.075212e-06
1.069794e-06
1.090462e-06
1.045528e-06
9.599182e-07
9.828741e-07
1.062396e-06
1.017367e-06
1.010057e-06
9.346526e-07
8.870695e-07
7.768434e-07
7.955706e-07
7.713854e-07
7.918242e-07
7.178808e-07
7.488954e-07
7.293452e-07
8.381449e-07
8.60923e-07
9.571674e-07
9.565852e-07
9.662399e-07
1.040783e-06
1.117161e-06
1.129466e-06
1.145743e-06
1.041611e-06
1.004583e-06
9.808412e-07
1.000473e-06
1.005305e-06
9.203507e-07
9.16144e-07
8.483746e-07
8.630922e-07
9.595363e-07
9.890672e-07
1.105769e-06
1.137575e-06
1.0988e-06
1.117568e-06
1.130459e-06
1.149194e-06
1.234573e-06
1.228551e-06
1.289843e-06
1.34997e-06
1.339114e-06
1.386958e-06
1.49276e-06
1.418872e-06
1.378117e-06
1.346949e-06
1.355739e-06
1.338894e-06
1.401312e-06
1.238756e-06
1.176129e-06
1.095117e-06
1.142762e-06
1.206079e-06
1.308588e-06
1.333569e-06
1.336803e-06
1.388496e-06
1.421452e-06
1.302262e-06
1.381269e-06
1.322531e-06
1.229131e-06
1.24981e-06
1.130165e-06
1.092129e-06
1.051691e-06
9.353829e-07
9.985205e-07
9.8599e-07
9.865279e-07
9.822152e-07
9.759569e-07
1.034295e-06
1.021242e-06
9.532521e-07
8.590199e-07
8.762745e-07
8.959686e-07
8.589528e-07
9.036864e-07
8.402911e-07
8.10885e-07
7.525273e-07
7.642551e-07
7.635649e-07
8.274793e-07
8.374671e-07
8.507916e-07
7.546865e-07
7.484456e-07
7.52843e-07
7.716983e-07
7.98778e-07
7.948656e-07
7.749226e-07
8.459914e-07
8.370337e-07
8.310697e-07
8.77936e-07
8.443291e-07
7.607152e-07
7.840012e-07
7.409653e-07
7.569034e-07
7.466032e-07
7.926601e-07
7.336899e-07
7.661269e-07
7.393494e-07
6.864415e-07
6.312642e-07
6.18883e-07
6.076826e-07
5.946692e-07
6.149598e-07
6.322014e-07
6.288941e-07
6.311503e-07
6.832209e-07
7.107731e-07
7.745677e-07
8.095944e-07
7.732037e-07
7.681726e-07
7.124135e-07
7.207048e-07
6.507641e-07
7.135724e-07
7.554436e-07
7.841502e-07
7.824792e-07
7.227782e-07
7.373411e-07
7.586639e-07
7.83708e-07
7.599269e-07
7.911997e-07
7.553402e-07
7.934057e-07
7.865125e-07
7.726445e-07
8.232473e-07
8.931071e-07
9.214103e-07
8.647661e-07
8.299691e-07
8.858327e-07
7.927138e-07
8.275786e-07
8.93996e-07
8.449563e-07
8.609625e-07
8.27752e-07
8.434382e-07
8.161311e-07
7.915041e-07
8.14415e-07
8.381209e-07
8.199767e-07
8.117611e-07
8.430274e-07
8.331264e-07
9.354769e-07
8.870803e-07
8.973594e-07
9.048624e-07
9.366044e-07
9.225052e-07
8.463849e-07
8.686927e-07
8.988608e-07
9.016629e-07
1.005506e-06
1.058246e-06
1.059385e-06
1.074759e-06
1.206875e-06
1.209331e-06
1.171015e-06
1.198638e-06
1.279593e-06
1.314399e-06
1.277138e-06
1.238767e-06
1.233222e-06
1.239876e-06
1.220937e-06
1.133087e-06
9.912042e-07
1.013946e-06
1.021989e-06
9.937224e-07
9.958162e-07
9.112641e-07
1.022475e-06
1.027645e-06
9.667323e-07
8.973025e-07
9.137425e-07
9.091857e-07
8.481849e-07
7.815614e-07
7.748874e-07
7.268976e-07
7.077053e-07
6.812897e-07
6.645852e-07
6.243697e-07
6.387882e-07
6.157368e-07
6.448366e-07
6.380359e-07
6.679773e-07
7.05747e-07
7.49303e-07
7.955914e-07
8.114576e-07
8.071141e-07
8.270032e-07
8.711249e-07
9.178737e-07
9.553747e-07
1.063885e-06
1.125089e-06
1.141843e-06
1.073022e-06
1.03731e-06
1.000313e-06
1.00482e-06
1.038773e-06
1.128446e-06
1.163164e-06
1.195205e-06
1.285776e-06
1.369686e-06
1.426048e-06
1.38591e-06
1.393681e-06
1.451254e-06
1.358522e-06
1.356161e-06
1.402812e-06
1.337982e-06
1.322618e-06
1.311535e-06
1.199577e-06
1.163258e-06
1.169602e-06
1.179209e-06
1.097045e-06
1.075675e-06
1.015113e-06
9.936731e-07
1.008376e-06
1.033623e-06
1.114783e-06
1.023359e-06
1.058116e-06
1.095174e-06
1.012716e-06
1.098384e-06
1.19387e-06
1.287237e-06
1.256239e-06
1.263991e-06
1.303343e-06
1.210694e-06
1.108205e-06
1.121372e-06
1.108511e-06
1.123927e-06
1.072345e-06
1.103075e-06
1.103871e-06
1.08566e-06
1.131169e-06
1.040709e-06
1.103122e-06
1.030433e-06
9.982576e-07
9.851175e-07
9.671477e-07
9.345612e-07
9.909822e-07
1.096143e-06
1.077585e-06
1.127428e-06
1.137336e-06
1.070339e-06
1.068609e-06
1.062109e-06
1.04284e-06
1.081547e-06
1.011323e-06
8.540801e-07
7.728125e-07
8.60701e-07
9.106128e-07
9.645985e-07
9.005644e-07
9.136974e-07
9.333115e-07
8.926682e-07
9.758181e-07
9.185609e-07
9.452128e-07
9.51262e-07
9.329546e-07
9.636696e-07
9.21786e-07
9.507865e-07
9.491178e-07
1.007726e-06
1.027622e-06
9.443648e-07
9.072759e-07
9.13847e-07
8.868485e-07
8.906794e-07
8.99637e-07
9.511002e-07
9.673635e-07
1.046529e-06
1.080514e-06
1.048968e-06
1.066474e-06
1.02002e-06
1.124325e-06
1.092801e-06
1.058992e-06
1.106223e-06
1.09793e-06
1.073122e-06
1.101089e-06
1.029511e-06
1.092002e-06
1.088305e-06
1.109311e-06
1.050724e-06
8.944439e-07
9.348327e-07
8.644719e-07
8.236538e-07
8.321989e-07
8.497997e-07
9.337931e-07
9.301084e-07
8.960651e-07
8.926827e-07
8.837077e-07
8.878121e-07
9.546328e-07
9.667178e-07
9.608293e-07
9.526598e-07
9.035941e-07
9.469843e-07
9.33068e-07
9.180106e-07
8.626479e-07
8.757345e-07
8.746223e-07
9.180496e-07
8.894682e-07
9.099885e-07
9.046297e-07
9.795341e-07
9.940704e-07
9.815091e-07
1.020503e-06
1.032576e-06
9.987182e-07
1.076756e-06
1.055895e-06
1.083607e-06
1.049342e-06
9.564493e-07
9.289943e-07
9.569814e-07
8.784249e-07
9.399153e-07
1.018024e-06
9.708524e-07
9.41228e-07
9.469596e-07
9.724495e-07
9.712197e-07
1.015171e-06
9.471881e-07
9.689731e-07
9.697409e-07
9.710821e-07
9.795902e-07
9.451958e-07
8.767796e-07
8.614343e-07
8.302853e-07
8.583178e-07
8.450163e-07
8.258738e-07
7.141998e-07
6.910444e-07
7.006583e-07
6.509401e-07
6.690368e-07
6.337579e-07
6.633458e-07
6.393995e-07
5.884859e-07
6.343968e-07
6.069652e-07
5.679231e-07
5.55207e-07
5.393663e-07
5.374726e-07
5.408187e-07
6.071448e-07
6.364717e-07
6.41425e-07
6.49775e-07
5.672971e-07
5.566462e-07
5.776049e-07
5.887402e-07
6.124389e-07
5.595371e-07
6.20945e-07
6.457742e-07
6.55497e-07
6.137202e-07
5.903023e-07
5.928015e-07
5.883186e-07
6.349877e-07
6.290626e-07
6.470465e-07
6.385774e-07
6.305583e-07
5.865758e-07
6.111358e-07
6.138176e-07
6.282186e-07
6.064941e-07
6.227053e-07
5.694624e-07
5.906457e-07
6.054298e-07
6.350918e-07
6.501539e-07
6.989098e-07
6.709273e-07
6.307246e-07
6.627711e-07
6.612303e-07
6.597646e-07
6.736852e-07
7.052719e-07
7.076719e-07
7.011132e-07
7.179548e-07
6.770475e-07
6.159706e-07
6.049367e-07
6.015741e-07
6.729668e-07
6.369974e-07
6.295439e-07
6.060307e-07
5.932616e-07
5.926393e-07
6.191325e-07
5.858199e-07
6.260458e-07
6.145737e-07
6.287296e-07
6.12803e-07
6.113066e-07
5.864364e-07
6.017864e-07
5.716219e-07
6.144814e-07
5.845982e-07
5.775769e-07
5.97785e-07
5.978631e-07
6.350379e-07
6.189901e-07
6.608379e-07
7.104531e-07
7.005825e-07
6.848094e-07
6.777965e-07
6.339755e-07
6.639974e-07
6.006507e-07
5.872315e-07
5.721673e-07
6.007927e-07
5.899285e-07
6.033816e-07
5.552846e-07
5.691465e-07
5.746594e-07
6.439129e-07
6.646429e-07
6.903333e-07
7.302688e-07
6.806533e-07
6.594002e-07
6.684142e-07
6.611142e-07
6.721335e-07
6.997088e-07
6.676928e-07
6.440535e-07
6.146879e-07
6.563862e-07
7.00394e-07
7.480695e-07
7.232608e-07
7.262749e-07
6.799224e-07
7.55672e-07
8.063776e-07
7.866764e-07
8.21565e-07
8.346441e-07
7.712327e-07
8.006489e-07
8.514895e-07
8.8182e-07
9.581149e-07
8.657418e-07
8.351516e-07
7.982922e-07
7.680293e-07
7.568115e-07
8.652029e-07
8.758985e-07
8.87309e-07
9.948317e-07
9.527733e-07
8.935888e-07
9.021354e-07
8.397032e-07
8.206324e-07
7.948759e-07
7.76782e-07
7.365146e-07
7.572044e-07
7.447206e-07
7.609962e-07
8.29173e-07
7.757271e-07
7.420036e-07
7.341534e-07
7.218349e-07
7.787551e-07
7.684519e-07
7.781309e-07
7.808431e-07
8.212375e-07
7.921566e-07
7.723839e-07
8.254556e-07
8.005086e-07
7.654107e-07
8.180064e-07
8.352987e-07
8.7101e-07
8.383591e-07
7.847845e-07
7.581073e-07
7.371514e-07
7.056134e-07
6.633039e-07
6.599308e-07
6.364375e-07
6.072754e-07
6.15181e-07
5.790418e-07
5.618195e-07
5.533846e-07
6.163112e-07
5.827676e-07
6.158239e-07
5.607825e-07
5.746383e-07
5.99012e-07
5.814832e-07
5.933877e-07
6.023782e-07
5.835264e-07
5.703692e-07
5.130704e-07
4.917864e-07
4.634624e-07
4.82791e-07
4.856976e-07
5.140362e-07
5.149347e-07
5.051715e-07
5.402707e-07
5.740577e-07
5.56473e-07
6.080661e-07
6.263667e-07
6.267063e-07
6.347753e-07
6.390787e-07
6.723738e-07
7.329791e-07
7.164909e-07
7.376364e-07
7.039994e-07
6.93814e-07
7.492264e-07
7.726871e-07
8.025179e-07
8.336503e-07
8.882583e-07
8.671384e-07
8.714173e-07
8.516042e-07
8.316306e-07
7.677008e-07
7.362778e-07
8.027284e-07
8.645251e-07
9.02103e-07
8.583337e-07
8.368025e-07
8.342528e-07
7.855848e-07
8.685669e-07
8.925267e-07
8.855925e-07
8.392704e-07
8.360225e-07
8.532115e-07
9.29145e-07
9.656592e-07
1.009369e-06
1.021291e-06
9.409588e-07
9.525315e-07
9.387005e-07
8.352299e-07
8.22121e-07
8.855685e-07
8.929334e-07
8.740556e-07
8.660974e-07
8.630392e-07
8.872192e-07
9.176484e-07
9.976299e-07
8.248098e-07
8.303916e-07
8.189887e-07
8.287027e-07
8.063038e-07
7.302414e-07
6.66722e-07
7.775847e-07
7.773801e-07
8.160554e-07
9.135266e-07
9.182813e-07
9.008659e-07
9.586745e-07
9.629555e-07
1.058119e-06
1.133168e-06
1.14239e-06
1.136143e-06
9.518462e-07
1.034007e-06
9.571083e-07
9.21906e-07
1.021246e-06
1.021268e-06
1.077323e-06
1.102078e-06
1.187912e-06
1.182486e-06
1.106557e-06
1.127675e-06
1.217287e-06
1.147191e-06
1.244903e-06
1.239469e-06
1.262952e-06
1.367716e-06
1.315249e-06
1.390454e-06
1.509008e-06
1.372117e-06
1.372467e-06
1.265228e-06
1.193512e-06
1.217468e-06
1.125145e-06
1.095291e-06
1.089178e-06
1.09659e-06
1.114393e-06
1.012098e-06
1.036676e-06
1.054354e-06
1.061059e-06
1.019103e-06
1.008808e-06
1.008651e-06
1.004151e-06
1.020529e-06
1.023053e-06
1.115646e-06
1.050594e-06
9.407617e-07
1.017277e-06
9.421051e-07
1.009832e-06
9.794298e-07
1.003637e-06
1.110887e-06
1.062514e-06
1.02701e-06
1.040302e-06
1.032853e-06
1.105688e-06
1.111147e-06
1.145386e-06
1.068964e-06
1.063172e-06
1.042723e-06
1.008072e-06
1.018479e-06
9.025014e-07
9.085348e-07
9.116278e-07
9.629236e-07
9.792777e-07
9.489866e-07
9.15586e-07
9.459825e-07
9.195774e-07
9.409373e-07
1.018346e-06
1.120261e-06
1.060923e-06
1.073172e-06
1.02618e-06
9.981391e-07
9.952498e-07
9.714479e-07
9.478243e-07
9.219733e-07
9.476013e-07
9.664917e-07
1.013049e-06
1.100929e-06
1.145621e-06
1.112197e-06
1.10705e-06
1.157792e-06
1.137177e-06
1.083901e-06
1.140355e-06
1.075361e-06
1.159799e-06
1.105353e-06
1.216946e-06
1.366576e-06
1.340842e-06
1.427787e-06
1.475216e-06
1.495556e-06
1.496563e-06
1.45938e-06
1.509126e-06
1.458583e-06
1.386059e-06
1.540525e-06
1.374878e-06
1.50337e-06
1.49485e-06
1.559219e-06
1.43246e-06
1.515998e-06
1.558703e-06
1.578259e-06
1.621455e-06
1.505439e-06
1.384399e-06
1.2365e-06
1.231018e-06
1.259742e-06
1.257086e-06
1.243336e-06
1.251244e-06
1.216844e-06
1.191011e-06
1.167395e-06
1.143881e-06
1.107497e-06
1.04799e-06
1.074511e-06
1.142416e-06
1.218592e-06
1.131543e-06
1.322242e-06
1.373594e-06
1.339607e-06
1.329847e-06
1.434109e-06
1.311614e-06
1.281184e-06
1.320401e-06
1.309523e-06
1.165877e-06
1.096977e-06
1.029154e-06
1.166398e-06
1.182811e-06
1.259244e-06
1.231528e-06
1.192668e-06
1.223951e-06
1.238909e-06
1.230381e-06
1.151916e-06
1.215605e-06
1.177061e-06
1.094376e-06
1.055978e-06
9.718171e-07
9.398572e-07
8.647418e-07
8.319709e-07
8.322132e-07
7.849921e-07
7.83626e-07
8.415165e-07
8.489309e-07
8.788342e-07
8.113901e-07
8.523359e-07
8.697828e-07
8.671821e-07
9.201646e-07
8.831872e-07
8.63727e-07
8.55788e-07
9.554766e-07
9.775335e-07
1.003835e-06
1.027292e-06
9.684275e-07
9.454758e-07
9.391398e-07
9.757474e-07
9.884436e-07
8.961132e-07
9.4289e-07
8.994763e-07
8.515119e-07
8.038088e-07
7.850019e-07
8.136079e-07
9.357002e-07
9.467665e-07
1.003301e-06
9.444095e-07
9.390237e-07
9.545884e-07
8.941421e-07
8.787039e-07
9.149186e-07
9.209201e-07
9.067048e-07
9.873244e-07
9.459025e-07
9.370083e-07
1.004819e-06
9.558675e-07
8.967282e-07
9.089586e-07
8.25079e-07
7.75445e-07
7.549415e-07
7.215402e-07
7.241911e-07
7.010914e-07
6.303081e-07
6.788205e-07
7.161549e-07
6.831439e-07
6.52652e-07
6.178812e-07
6.238506e-07
6.092044e-07
6.189752e-07
6.774516e-07
6.865719e-07
6.777256e-07
7.182431e-07
7.691228e-07
7.778218e-07
7.704506e-07
7.168242e-07
7.188647e-07
7.234935e-07
6.594777e-07
6.982401e-07
6.878444e-07
6.657909e-07
7.082243e-07
7.093325e-07
7.112699e-07
6.904808e-07
6.523258e-07
6.215359e-07
6.076428e-07
6.137726e-07
6.315579e-07
6.579532e-07
6.422806e-07
5.777164e-07
6.17833e-07
6.126629e-07
6.0846e-07
6.544468e-07
7.057483e-07
7.124806e-07
7.177226e-07
7.696412e-07
7.748689e-07
8.676341e-07
8.523055e-07
8.027726e-07
8.083698e-07
9.676646e-07
9.431614e-07
8.123978e-07
8.706387e-07
9.07375e-07
9.480389e-07
9.673005e-07
8.60493e-07
8.608674e-07
9.368083e-07
9.199973e-07
9.599383e-07
1.061171e-06
1.091203e-06
1.049349e-06
1.014807e-06
9.397574e-07
9.372403e-07
9.209389e-07
9.156878e-07
9.176643e-07
8.938632e-07
8.490076e-07
8.658793e-07
9.339595e-07
9.646742e-07
9.134877e-07
9.878208e-07
1.104472e-06
1.15626e-06
1.178897e-06
1.122046e-06
1.040501e-06
1.166002e-06
1.154363e-06
1.188391e-06
1.185827e-06
1.149784e-06
1.184808e-06
1.122702e-06
1.130688e-06
1.211473e-06
1.21936e-06
1.23547e-06
1.176808e-06
1.163773e-06
1.250422e-06
1.354365e-06
1.225976e-06
1.229144e-06
1.288399e-06
1.300652e-06
1.184166e-06
1.216212e-06
1.236877e-06
1.340374e-06
1.428719e-06
1.270817e-06
1.242818e-06
1.150325e-06
1.099703e-06
1.134842e-06
1.151086e-06
1.1265e-06
1.090898e-06
1.062621e-06
1.043313e-06
1.1338e-06
1.093099e-06
1.1179e-06
1.183157e-06
1.15448e-06
1.107999e-06
1.105448e-06
1.129257e-06
1.06097e-06
1.047632e-06
1.157893e-06
1.107936e-06
1.081105e-06
1.11399e-06
1.139567e-06
1.197702e-06
1.156873e-06
1.241705e-06
1.305757e-06
1.266954e-06
1.238603e-06
1.328732e-06
1.270208e-06
1.3926e-06
1.465882e-06
1.437318e-06
1.47679e-06
1.392882e-06
1.401151e-06
1.382342e-06
1.329452e-06
1.402625e-06
1.42797e-06
1.550738e-06
1.497279e-06
1.569866e-06
1.404299e-06
1.324505e-06
1.277812e-06
1.447203e-06
1.267076e-06
1.25655e-06
1.166847e-06
1.20989e-06
1.168585e-06
