6.239961e-05
6.030364e-05
5.213197e-05
4.739845e-05
5.099612e-05
4.937513e-05
4.842716e-05
4.366089e-05
4.431515e-05
4.589412e-05
4.471888e-05
4.537273e-05
4.702414e-05
5.024091e-05
4.706677e-05
5.086309e-05
4.788233e-05
4.872262e-05
4.889052e-05
5.006827e-05
4.96929e-05
4.869171e-05
5.283065e-05
5.25665e-05
4.933676e-05
4.714928e-05
4.534697e-05
4.357183e-05
4.715105e-05
4.643993e-05
4.222454e-05
4.231121e-05
3.953332e-05
3.792467e-05
3.744695e-05
3.555157e-05
3.667616e-05
3.531642e-05
3.820518e-05
4.013045e-05
3.966733e-05
3.892278e-05
3.869169e-05
4.025458e-05
4.323343e-05
4.219087e-05
3.9426e-05
3.816881e-05
3.851819e-05
3.79689e-05
3.817098e-05
3.634691e-05
3.400957e-05
3.316057e-05
3.04035e-05
3.198041e-05
3.059378e-05
3.020604e-05
3.184757e-05
3.140927e-05
3.1643e-05
3.019747e-05
3.184821e-05
3.180273e-05
3.125872e-05
3.272651e-05
3.206916e-05
3.292866e-05
3.324928e-05
3.538963e-05
3.429326e-05
3.321674e-05
3.712746e-05
3.54559e-05
3.989906e-05
3.930303e-05
3.822381e-05
3.680448e-05
3.731433e-05
3.742277e-05
3.616317e-05
3.641032e-05
3.866284e-05
3.778714e-05
3.781675e-05
3.659235e-05
3.552379e-05
3.435052e-05
3.232871e-05
3.327235e-05
3.346862e-05
3.324183e-05
2.99183e-05
3.105524e-05
3.115635e-05
3.114701e-05
3.062105e-05
2.874351e-05
2.853859e-05
2.896149e-05
3.026118e-05
2.867789e-05
3.248354e-05
3.055284e-05
2.996212e-05
2.934861e-05
3.042958e-05
3.224256e-05
3.085352e-05
2.912881e-05
3.111552e-05
3.178811e-05
2.993493e-05
2.96143e-05
3.05913e-05
2.806333e-05
2.92564e-05
2.997752e-05
3.181203e-05
3.187207e-05
3.46531e-05
3.302036e-05
3.456302e-05
3.441213e-05
3.659073e-05
3.707488e-05
3.572772e-05
3.575378e-05
3.327388e-05
3.614486e-05
3.911714e-05
3.923445e-05
3.58874e-05
3.406749e-05
3.251248e-05
3.205092e-05
2.899644e-05
2.890311e-05
2.92842e-05
2.76677e-05
2.478526e-05
2.708851e-05
2.517243e-05
2.280044e-05
2.409823e-05
2.338102e-05
2.376896e-05
2.408352e-05
2.442979e-05
2.697202e-05
2.647296e-05
2.614143e-05
2.585889e-05
2.868776e-05
2.762873e-05
2.911465e-05
2.781115e-05
2.740661e-05
2.674112e-05
2.521422e-05
2.447011e-05
2.341222e-05
2.329966e-05
2.376825e-05
2.400236e-05
2.289769e-05
2.27918e-05
2.023354e-05
2.08265e-05
2.190019e-05
2.150764e-05
2.083602e-05
2.121974e-05
2.302952e-05
2.31469e-05
2.408243e-05
2.249368e-05
2.242944e-05
2.255659e-05
2.15568e-05
2.291525e-05
2.103324e-05
1.97946e-05
1.852002e-05
1.82876e-05
2.036197e-05
2.115226e-05
2.030606e-05
1.911925e-05
1.840252e-05
1.83151e-05
1.979839e-05
2.121869e-05
2.283668e-05
2.308987e-05
2.531023e-05
2.739253e-05
2.832687e-05
2.808865e-05
2.820833e-05
3.030881e-05
2.971381e-05
2.796605e-05
2.81392e-05
2.747422e-05
2.576818e-05
2.673696e-05
3.055448e-05
2.903102e-05
2.878556e-05
2.864564e-05
3.010813e-05
3.038722e-05
3.054267e-05
3.052319e-05
2.864142e-05
2.822629e-05
2.853109e-05
2.864922e-05
2.948046e-05
2.883665e-05
3.159019e-05
3.268504e-05
2.959156e-05
3.309132e-05
3.419359e-05
3.227027e-05
3.186826e-05
3.289418e-05
3.324087e-05
3.185365e-05
3.143738e-05
3.092285e-05
3.200552e-05
3.162038e-05
3.178996e-05
3.328589e-05
3.328922e-05
3.347557e-05
3.650141e-05
3.563296e-05
3.501758e-05
3.573208e-05
3.899851e-05
3.396641e-05
3.423908e-05
3.713658e-05
3.763589e-05
3.877291e-05
4.276243e-05
4.433464e-05
4.048418e-05
3.956231e-05
4.463949e-05
4.384908e-05
4.293844e-05
4.385368e-05
4.355603e-05
3.943804e-05
3.784506e-05
3.566935e-05
3.698902e-05
3.759623e-05
3.676509e-05
3.835105e-05
3.779351e-05
3.639009e-05
3.467721e-05
3.276246e-05
3.119185e-05
3.174695e-05
3.36438e-05
3.465496e-05
3.644018e-05
3.915555e-05
3.776221e-05
3.836079e-05
3.58004e-05
4.022732e-05
3.928003e-05
4.123801e-05
4.079301e-05
4.05665e-05
4.176461e-05
4.083651e-05
4.61246e-05
4.507777e-05
4.539404e-05
4.272482e-05
4.273212e-05
4.221101e-05
4.349842e-05
4.384778e-05
4.336283e-05
4.314545e-05
4.991095e-05
5.081078e-05
5.176509e-05
5.05443e-05
4.874208e-05
5.001206e-05
4.860318e-05
4.582773e-05
4.636318e-05
4.428975e-05
4.246295e-05
4.033988e-05
4.267226e-05
4.479645e-05
4.729748e-05
4.65017e-05
4.643287e-05
4.323869e-05
4.126799e-05
4.057886e-05
3.912601e-05
3.799866e-05
4.072768e-05
3.919495e-05
3.935897e-05
3.656043e-05
3.311264e-05
3.21356e-05
3.020089e-05
2.950737e-05
2.910137e-05
3.083824e-05
3.354228e-05
3.261783e-05
3.263694e-05
3.157519e-05
3.362972e-05
3.105418e-05
3.391237e-05
3.219341e-05
3.358469e-05
3.278368e-05
2.988617e-05
3.072946e-05
3.07723e-05
3.107073e-05
3.112909e-05
3.04289e-05
2.943606e-05
2.929231e-05
2.918308e-05
2.969718e-05
2.994244e-05
3.015608e-05
3.038171e-05
3.081076e-05
2.979315e-05
3.069834e-05
3.303527e-05
3.312058e-05
3.239708e-05
3.26763e-05
3.175908e-05
3.27261e-05
3.345001e-05
3.114911e-05
3.105812e-05
3.177676e-05
3.00537e-05
3.127377e-05
2.794823e-05
2.784616e-05
2.499268e-05
2.470148e-05
2.362304e-05
2.503475e-05
2.375323e-05
2.50003e-05
2.582444e-05
2.469957e-05
2.674179e-05
2.846935e-05
3.122793e-05
3.244531e-05
3.216389e-05
3.500326e-05
3.380521e-05
3.29391e-05
3.22695e-05
3.194459e-05
2.953466e-05
3.179361e-05
3.237835e-05
3.334878e-05
3.205364e-05
3.691046e-05
3.702322e-05
3.928062e-05
4.051282e-05
4.135355e-05
4.149147e-05
4.424813e-05
4.207517e-05
4.006678e-05
3.632237e-05
3.399248e-05
3.61395e-05
3.387553e-05
3.490943e-05
3.655898e-05
3.311635e-05
3.496048e-05
3.54022e-05
3.65893e-05
3.611513e-05
3.739953e-05
4.236097e-05
4.038979e-05
3.639464e-05
3.453162e-05
3.595165e-05
3.667532e-05
3.603013e-05
3.496535e-05
3.202228e-05
2.938428e-05
2.884215e-05
2.798438e-05
2.708466e-05
2.741488e-05
3.009373e-05
2.863424e-05
2.646836e-05
2.636847e-05
2.70794e-05
2.741486e-05
2.668903e-05
2.595474e-05
2.612357e-05
2.733147e-05
2.599374e-05
2.603781e-05
2.640615e-05
2.818774e-05
2.656934e-05
2.570306e-05
2.642698e-05
2.415776e-05
2.396972e-05
2.641777e-05
2.629208e-05
2.589022e-05
2.482362e-05
2.69321e-05
2.856569e-05
2.864985e-05
3.191989e-05
3.391523e-05
3.175974e-05
3.204642e-05
3.431578e-05
3.768412e-05
3.826999e-05
4.049266e-05
4.263207e-05
4.518303e-05
4.78325e-05
4.222389e-05
4.420701e-05
4.717078e-05
4.488191e-05
5.086207e-05
4.6728e-05
4.983018e-05
5.318444e-05
5.221326e-05
4.975481e-05
5.037777e-05
4.924123e-05
5.091817e-05
5.939213e-05
5.280901e-05
5.753244e-05
5.90019e-05
5.699916e-05
5.378159e-05
5.577164e-05
5.476114e-05
5.265963e-05
5.773517e-05
5.672986e-05
5.559438e-05
5.259745e-05
5.175277e-05
5.532491e-05
5.61163e-05
5.388603e-05
5.157132e-05
5.008093e-05
4.763184e-05
4.558222e-05
4.075762e-05
3.825449e-05
3.805691e-05
3.955219e-05
4.184616e-05
4.159342e-05
4.439898e-05
4.548086e-05
4.384352e-05
4.249808e-05
4.621679e-05
4.431795e-05
4.70804e-05
4.7412e-05
4.25997e-05
4.511877e-05
4.440301e-05
4.987059e-05
5.005287e-05
4.929836e-05
5.205637e-05
5.080042e-05
4.333566e-05
3.922634e-05
3.628489e-05
3.747748e-05
3.690848e-05
3.784472e-05
3.908511e-05
3.824058e-05
4.144658e-05
3.78792e-05
3.606204e-05
3.429584e-05
3.346273e-05
3.261223e-05
3.182464e-05
3.363352e-05
3.118015e-05
3.269079e-05
3.383408e-05
3.746795e-05
3.572938e-05
3.920024e-05
4.241566e-05
3.838051e-05
3.466309e-05
3.460814e-05
3.611357e-05
3.474452e-05
3.522768e-05
3.61258e-05
3.612863e-05
3.563056e-05
3.711059e-05
3.855931e-05
3.777383e-05
3.685433e-05
3.56544e-05
4.0095e-05
3.978706e-05
3.863138e-05
3.753001e-05
3.749748e-05
3.613545e-05
4.176039e-05
4.107936e-05
4.292663e-05
3.772164e-05
4.102238e-05
4.025709e-05
3.930657e-05
4.038648e-05
3.578199e-05
3.507009e-05
4.027852e-05
3.889943e-05
3.597161e-05
3.679416e-05
3.20788e-05
3.056921e-05
3.139166e-05
3.492027e-05
3.422449e-05
3.371767e-05
3.285755e-05
3.125605e-05
3.107444e-05
3.3819e-05
3.276532e-05
3.419735e-05
3.068914e-05
3.110358e-05
3.096342e-05
3.244715e-05
3.238106e-05
3.267661e-05
3.176535e-05
3.468858e-05
3.75792e-05
3.643327e-05
3.398187e-05
3.286693e-05
3.39778e-05
3.609014e-05
3.647767e-05
3.552102e-05
3.362799e-05
3.401471e-05
3.478393e-05
3.867881e-05
3.965958e-05
4.025113e-05
3.918704e-05
3.932378e-05
4.361681e-05
4.081784e-05
4.735077e-05
4.766259e-05
5.343792e-05
5.386818e-05
5.249138e-05
5.417691e-05
5.486055e-05
5.895445e-05
5.317322e-05
5.164539e-05
4.960174e-05
4.764244e-05
4.931572e-05
4.790708e-05
4.925209e-05
5.180178e-05
4.804563e-05
4.991361e-05
4.314285e-05
4.551087e-05
4.571806e-05
4.294942e-05
4.233518e-05
4.268657e-05
4.047223e-05
4.080879e-05
4.11404e-05
4.023644e-05
4.039444e-05
4.160436e-05
4.232943e-05
4.428054e-05
4.653811e-05
5.227036e-05
5.359429e-05
5.112836e-05
5.464115e-05
5.270514e-05
5.941439e-05
5.671773e-05
5.004688e-05
5.41832e-05
4.871004e-05
4.905699e-05
5.328176e-05
5.213296e-05
4.721905e-05
4.874206e-05
5.130794e-05
4.977463e-05
5.243291e-05
5.468122e-05
5.637244e-05
5.732969e-05
5.377966e-05
5.192017e-05
5.161427e-05
5.131032e-05
5.464136e-05
5.25924e-05
5.540648e-05
5.452757e-05
5.559155e-05
6.04952e-05
6.122232e-05
6.213601e-05
6.429745e-05
6.606879e-05
6.395406e-05
6.143466e-05
5.585322e-05
5.528073e-05
5.38604e-05
5.346016e-05
5.030885e-05
5.006453e-05
4.854355e-05
5.181924e-05
4.676099e-05
4.830314e-05
4.397773e-05
4.115498e-05
3.951125e-05
3.651522e-05
3.3937e-05
3.53753e-05
3.699582e-05
3.411633e-05
3.471147e-05
3.049949e-05
2.952196e-05
2.786686e-05
2.796533e-05
2.851665e-05
2.951797e-05
3.071301e-05
3.093141e-05
3.121878e-05
3.426925e-05
3.562689e-05
3.476433e-05
3.38347e-05
3.309831e-05
3.219759e-05
3.139807e-05
3.262476e-05
3.444153e-05
3.568823e-05
3.574873e-05
3.979581e-05
4.037086e-05
3.852262e-05
3.664998e-05
3.575606e-05
3.339666e-05
3.342474e-05
3.412516e-05
3.578666e-05
3.879996e-05
3.754506e-05
3.505832e-05
3.581669e-05
3.633164e-05
3.886528e-05
3.866326e-05
3.859691e-05
3.711791e-05
3.575879e-05
3.538961e-05
3.852471e-05
3.861186e-05
3.733429e-05
3.58738e-05
3.36954e-05
3.685957e-05
3.652485e-05
3.624753e-05
3.801508e-05
3.747229e-05
3.540022e-05
3.199518e-05
2.936529e-05
2.66831e-05
2.897504e-05
3.073059e-05
3.170385e-05
3.236713e-05
3.072103e-05
2.817451e-05
2.784733e-05
2.695595e-05
2.723645e-05
2.565621e-05
2.607205e-05
2.890489e-05
3.063741e-05
3.313526e-05
3.461766e-05
3.368987e-05
2.999585e-05
2.840208e-05
3.011337e-05
2.890676e-05
2.970916e-05
3.0766e-05
3.300984e-05
3.142072e-05
3.154766e-05
3.313556e-05
2.85672e-05
2.767178e-05
2.731804e-05
2.727535e-05
2.701859e-05
2.771541e-05
3.017147e-05
2.972239e-05
2.883083e-05
2.890676e-05
3.045505e-05
3.064889e-05
3.359675e-05
3.14412e-05
3.058904e-05
3.233368e-05
3.195408e-05
2.965744e-05
3.066758e-05
3.458495e-05
3.512834e-05
3.474879e-05
3.595745e-05
3.556939e-05
3.686017e-05
3.897577e-05
3.68407e-05
3.507982e-05
3.317924e-05
3.422012e-05
3.561539e-05
3.744361e-05
3.51101e-05
3.61694e-05
3.394955e-05
3.339303e-05
3.422219e-05
3.496625e-05
3.352691e-05
2.953174e-05
3.050918e-05
3.077197e-05
2.996939e-05
2.631663e-05
2.825378e-05
2.810145e-05
2.840065e-05
2.916634e-05
2.963902e-05
2.93744e-05
2.991348e-05
3.291839e-05
3.603449e-05
4.13427e-05
4.027235e-05
4.109951e-05
4.329282e-05
4.474462e-05
4.269975e-05
3.992432e-05
4.036476e-05
4.296577e-05
4.463052e-05
3.987956e-05
4.090366e-05
3.92538e-05
3.998283e-05
3.850279e-05
3.567692e-05
3.819861e-05
3.731479e-05
3.718482e-05
4.057523e-05
4.313428e-05
4.024117e-05
3.450324e-05
3.38537e-05
3.265482e-05
3.097572e-05
3.147627e-05
3.124387e-05
3.0088e-05
3.157238e-05
3.272678e-05
3.00892e-05
2.948442e-05
2.993843e-05
2.88312e-05
2.88573e-05
2.793294e-05
2.937607e-05
3.217522e-05
3.313738e-05
3.083143e-05
3.1253e-05
3.062466e-05
2.979913e-05
2.81024e-05
2.82772e-05
2.902264e-05
2.977026e-05
2.908683e-05
3.206068e-05
3.337825e-05
3.210118e-05
3.40841e-05
3.62891e-05
3.47851e-05
3.54115e-05
3.485891e-05
3.599098e-05
3.370851e-05
3.665255e-05
3.774815e-05
3.719848e-05
3.862926e-05
3.758407e-05
3.79245e-05
3.82884e-05
3.761759e-05
4.041382e-05
3.963964e-05
3.97291e-05
3.89584e-05
3.962898e-05
4.106553e-05
3.872622e-05
3.936315e-05
3.913423e-05
3.528623e-05
3.397213e-05
3.663196e-05
3.893445e-05
3.742319e-05
3.618236e-05
3.916253e-05
3.616093e-05
3.666224e-05
3.903913e-05
4.110004e-05
4.055516e-05
4.043914e-05
3.555452e-05
3.346506e-05
3.163502e-05
3.059483e-05
3.207151e-05
3.117364e-05
2.914992e-05
2.873805e-05
2.854631e-05
3.021028e-05
3.289033e-05
3.492441e-05
3.354104e-05
3.490725e-05
3.125085e-05
2.985292e-05
2.868632e-05
2.686339e-05
2.804659e-05
3.067253e-05
3.318695e-05
3.325137e-05
3.152338e-05
2.812299e-05
2.940489e-05
2.804954e-05
2.95994e-05
2.722629e-05
2.70564e-05
2.668873e-05
2.931501e-05
3.092474e-05
3.302684e-05
3.361974e-05
3.6504e-05
3.641854e-05
3.780022e-05
3.775763e-05
3.804328e-05
3.931563e-05
3.660041e-05
3.681297e-05
3.761674e-05
3.884794e-05
3.524334e-05
3.454408e-05
3.488265e-05
3.411774e-05
3.232224e-05
3.592516e-05
3.633547e-05
3.607194e-05
3.886679e-05
3.839722e-05
3.535604e-05
3.249685e-05
3.240855e-05
3.483689e-05
3.266863e-05
3.273752e-05
3.132706e-05
3.119202e-05
2.904357e-05
3.019964e-05
2.888589e-05
2.683701e-05
2.866085e-05
2.865504e-05
2.763661e-05
2.947601e-05
2.909199e-05
3.074706e-05
2.850217e-05
2.738264e-05
2.638391e-05
2.671043e-05
2.623255e-05
2.594194e-05
2.561743e-05
2.677805e-05
2.801968e-05
2.859474e-05
2.589758e-05
2.779591e-05
2.790915e-05
2.703291e-05
2.765746e-05
2.893046e-05
3.010314e-05
3.096248e-05
3.080689e-05
2.808781e-05
2.686634e-05
2.849655e-05
2.992628e-05
3.050792e-05
3.152211e-05
3.082552e-05
3.090431e-05
3.566861e-05
3.503315e-05
3.42297e-05
3.670572e-05
3.943188e-05
3.902385e-05
3.81469e-05
3.864892e-05
3.94518e-05
4.07775e-05
3.792024e-05
3.668911e-05
3.623564e-05
3.659494e-05
4.206936e-05
4.117902e-05
3.886419e-05
4.008444e-05
4.045542e-05
4.333826e-05
4.200196e-05
4.066439e-05
4.149803e-05
3.85891e-05
4.067449e-05
4.308974e-05
4.100137e-05
3.990248e-05
4.088029e-05
4.132617e-05
4.231102e-05
4.3962e-05
4.376735e-05
4.161318e-05
3.804047e-05
3.649898e-05
3.335607e-05
3.266722e-05
3.320564e-05
3.456282e-05
3.484751e-05
3.388301e-05
3.569236e-05
3.727754e-05
3.44986e-05
3.367469e-05
3.22746e-05
2.896349e-05
2.891446e-05
2.715697e-05
3.001542e-05
3.127092e-05
3.032794e-05
3.260073e-05
3.131925e-05
2.86908e-05
3.078624e-05
3.176558e-05
3.266723e-05
3.161418e-05
2.850657e-05
2.894804e-05
2.906846e-05
2.699045e-05
2.682836e-05
2.834358e-05
2.833721e-05
2.856307e-05
3.059786e-05
3.034177e-05
3.11659e-05
3.046729e-05
3.024156e-05
3.468973e-05
3.512764e-05
3.384767e-05
3.350978e-05
3.408744e-05
3.374496e-05
3.192978e-05
3.201905e-05
3.116321e-05
2.911286e-05
3.040815e-05
3.000072e-05
3.151027e-05
2.956e-05
2.958268e-05
2.965547e-05
2.958246e-05
2.983511e-05
3.229813e-05
3.21329e-05
3.052298e-05
3.102257e-05
3.018129e-05
3.059748e-05
2.780567e-05
2.58123e-05
2.377882e-05
2.514223e-05
2.676884e-05
2.527907e-05
2.614214e-05
2.7691e-05
2.873682e-05
2.766234e-05
2.780863e-05
2.864255e-05
2.862074e-05
2.834035e-05
2.731127e-05
2.728868e-05
2.761775e-05
2.948573e-05
3.015928e-05
3.188996e-05
3.320945e-05
3.516598e-05
3.08274e-05
3.142583e-05
2.845353e-05
3.089209e-05
2.815497e-05
2.690509e-05
2.643825e-05
2.622872e-05
2.427761e-05
2.59516e-05
2.503794e-05
2.403992e-05
2.384691e-05
2.344634e-05
2.320535e-05
2.234354e-05
2.212541e-05
2.196153e-05
2.21968e-05
2.488147e-05
2.415414e-05
2.438868e-05
2.194203e-05
2.193738e-05
2.281162e-05
2.276465e-05
2.180766e-05
2.270158e-05
2.311507e-05
2.278015e-05
2.3271e-05
2.503621e-05
2.356254e-05
2.350494e-05
2.37512e-05
2.415783e-05
2.434043e-05
2.21641e-05
2.343194e-05
2.404317e-05
2.59619e-05
2.766135e-05
2.968581e-05
2.951514e-05
2.949919e-05
2.994982e-05
2.976903e-05
2.91643e-05
2.819674e-05
2.844378e-05
2.893527e-05
2.953042e-05
2.876064e-05
3.151049e-05
3.210834e-05
3.015464e-05
2.98664e-05
3.092774e-05
3.120029e-05
3.179389e-05
3.400507e-05
3.359009e-05
3.495572e-05
3.478259e-05
3.458334e-05
3.358865e-05
3.608203e-05
3.625742e-05
3.541652e-05
3.377665e-05
3.210712e-05
3.312031e-05
3.633816e-05
3.389878e-05
3.165848e-05
3.091405e-05
3.129704e-05
2.921944e-05
2.856439e-05
2.885202e-05
2.808572e-05
2.934045e-05
2.851183e-05
2.872469e-05
2.959865e-05
3.046669e-05
3.052465e-05
2.913671e-05
2.751301e-05
2.925948e-05
2.785365e-05
3.183863e-05
3.333554e-05
3.435689e-05
3.047418e-05
3.161008e-05
3.090168e-05
3.575248e-05
3.437752e-05
3.46548e-05
3.592964e-05
3.667163e-05
3.315423e-05
3.259609e-05
3.234603e-05
3.068328e-05
3.146329e-05
3.50953e-05
3.456262e-05
3.430993e-05
3.222804e-05
3.341989e-05
3.436811e-05
3.440877e-05
3.85033e-05
3.490439e-05
3.319606e-05
3.563775e-05
3.232148e-05
3.577866e-05
3.660059e-05
3.394652e-05
3.248105e-05
3.292679e-05
3.282574e-05
3.401877e-05
3.249858e-05
3.241199e-05
3.477877e-05
3.536583e-05
3.433816e-05
3.378102e-05
3.039593e-05
3.02515e-05
3.246356e-05
3.133695e-05
3.099737e-05
2.932193e-05
2.791221e-05
2.813167e-05
2.953448e-05
3.018733e-05
2.97571e-05
2.77544e-05
2.616369e-05
2.569116e-05
2.581875e-05
2.566881e-05
2.569285e-05
2.467666e-05
2.736662e-05
2.738516e-05
2.838807e-05
2.78781e-05
2.487632e-05
2.525086e-05
2.449675e-05
2.521437e-05
2.533576e-05
2.724583e-05
2.550599e-05
2.397766e-05
2.376385e-05
2.286379e-05
2.459335e-05
2.408888e-05
2.514018e-05
2.609611e-05
2.434562e-05
2.661972e-05
2.818046e-05
3.116919e-05
3.179035e-05
3.114023e-05
3.071702e-05
3.243404e-05
3.324991e-05
3.524871e-05
3.401377e-05
3.189686e-05
3.114516e-05
2.925863e-05
2.832654e-05
2.921048e-05
2.909475e-05
2.937272e-05
2.781832e-05
2.879613e-05
3.239595e-05
3.320368e-05
3.282834e-05
3.266799e-05
3.205642e-05
3.269287e-05
2.993103e-05
2.925327e-05
2.660616e-05
2.865193e-05
2.749241e-05
2.887223e-05
3.065993e-05
3.018504e-05
3.31407e-05
3.357406e-05
3.226198e-05
3.283938e-05
3.099844e-05
3.305203e-05
3.551668e-05
3.850227e-05
4.290942e-05
4.252893e-05
4.216502e-05
4.436952e-05
4.001843e-05
4.104016e-05
4.279724e-05
4.489897e-05
4.247513e-05
4.204762e-05
4.129274e-05
4.442399e-05
4.369335e-05
4.504131e-05
4.644668e-05
4.712858e-05
4.604202e-05
4.899988e-05
4.935534e-05
4.69869e-05
4.650999e-05
4.609739e-05
4.738274e-05
4.75898e-05
4.43309e-05
4.119014e-05
4.074499e-05
4.002015e-05
3.91027e-05
3.743895e-05
3.860581e-05
4.286583e-05
4.163859e-05
4.312428e-05
4.423823e-05
4.764883e-05
4.820305e-05
4.953436e-05
4.893474e-05
5.149167e-05
4.821982e-05
4.448288e-05
4.403933e-05
4.258586e-05
4.345537e-05
4.643303e-05
4.791157e-05
4.737921e-05
4.737893e-05
4.330651e-05
3.967095e-05
3.771861e-05
3.578638e-05
3.425335e-05
3.34509e-05
3.542119e-05
3.466795e-05
3.154697e-05
3.252357e-05
3.633708e-05
3.510985e-05
3.666946e-05
3.471415e-05
3.694586e-05
3.621013e-05
3.490559e-05
3.227137e-05
3.340552e-05
3.341287e-05
3.089372e-05
3.273042e-05
3.258908e-05
3.561754e-05
3.546511e-05
3.144024e-05
3.158391e-05
3.191404e-05
3.382636e-05
3.632355e-05
3.840835e-05
3.671947e-05
3.466366e-05
3.352031e-05
3.106811e-05
3.155073e-05
3.233742e-05
3.483672e-05
3.153002e-05
2.993946e-05
3.039231e-05
3.092742e-05
3.490277e-05
3.409749e-05
3.271101e-05
3.075111e-05
3.43818e-05
3.611952e-05
3.358347e-05
3.264815e-05
2.968285e-05
2.685821e-05
2.747146e-05
2.692544e-05
2.493346e-05
2.559099e-05
2.388085e-05
2.521816e-05
2.467967e-05
2.53142e-05
2.639124e-05
2.918014e-05
2.862107e-05
2.855914e-05
2.866624e-05
3.172106e-05
3.497673e-05
3.275144e-05
3.201193e-05
3.126678e-05
3.029553e-05
3.10644e-05
3.086001e-05
3.053965e-05
3.143104e-05
3.255896e-05
3.162165e-05
3.275615e-05
3.056165e-05
3.025204e-05
2.840987e-05
2.776224e-05
2.667677e-05
2.794098e-05
2.749813e-05
2.580027e-05
2.632518e-05
2.583366e-05
2.827075e-05
3.0265e-05
2.875419e-05
2.996153e-05
2.898402e-05
3.206028e-05
3.32295e-05
3.278382e-05
3.322749e-05
3.212928e-05
3.269446e-05
3.137992e-05
3.012475e-05
2.885194e-05
2.759713e-05
3.016806e-05
3.167374e-05
2.936072e-05
2.893842e-05
3.028228e-05
2.993357e-05
2.883503e-05
2.832131e-05
2.840103e-05
2.986305e-05
3.171485e-05
3.22218e-05
3.055536e-05
3.007866e-05
3.001148e-05
3.206789e-05
3.175541e-05
3.35292e-05
3.17749e-05
3.325978e-05
3.495532e-05
3.404973e-05
3.267088e-05
3.255117e-05
3.483691e-05
3.678092e-05
3.309142e-05
3.479461e-05
3.314113e-05
3.323017e-05
3.391878e-05
3.408183e-05
3.455984e-05
3.562151e-05
3.549446e-05
3.726942e-05
3.208691e-05
3.748465e-05
3.633086e-05
3.568677e-05
3.458332e-05
3.568495e-05
3.551097e-05
3.628099e-05
3.361486e-05
3.389581e-05
3.353263e-05
3.523393e-05
3.591508e-05
3.90605e-05
4.150353e-05
4.184429e-05
4.09005e-05
4.209917e-05
4.618353e-05
4.424212e-05
4.328592e-05
4.140429e-05
3.670294e-05
3.518308e-05
3.220809e-05
3.145854e-05
3.341483e-05
3.190673e-05
3.141698e-05
3.326492e-05
3.332317e-05
3.361271e-05
3.102478e-05
3.085305e-05
2.991539e-05
3.029911e-05
2.950235e-05
3.23429e-05
3.246783e-05
2.976475e-05
3.003291e-05
2.887523e-05
2.910716e-05
2.843926e-05
2.724581e-05
2.779828e-05
2.743246e-05
2.80906e-05
2.884134e-05
2.887253e-05
2.712013e-05
2.532927e-05
2.546946e-05
2.3699e-05
2.541774e-05
2.535922e-05
2.313645e-05
2.309908e-05
2.180867e-05
2.203527e-05
2.388106e-05
2.401744e-05
2.335488e-05
2.430835e-05
2.633756e-05
2.952665e-05
2.834814e-05
2.63259e-05
2.717097e-05
2.613351e-05
2.905129e-05
2.954572e-05
2.798612e-05
2.636264e-05
2.554578e-05
2.680743e-05
2.972738e-05
3.035733e-05
3.139807e-05
2.919599e-05
2.978847e-05
3.0403e-05
3.202118e-05
3.011742e-05
3.101249e-05
3.299071e-05
3.484405e-05
3.732144e-05
3.746765e-05
3.411397e-05
3.563716e-05
3.699778e-05
3.458846e-05
3.323024e-05
3.234747e-05
3.362727e-05
3.579261e-05
3.569863e-05
3.641889e-05
3.527184e-05
3.641847e-05
3.57435e-05
3.597695e-05
3.898485e-05
3.881036e-05
4.19896e-05
3.797036e-05
3.863144e-05
3.860705e-05
3.846706e-05
3.666501e-05
3.590604e-05
3.565868e-05
4.084387e-05
3.792143e-05
3.746271e-05
3.966776e-05
4.016625e-05
4.044054e-05
3.915662e-05
3.828599e-05
3.905988e-05
4.139407e-05
4.409932e-05
4.438766e-05
4.443272e-05
4.162732e-05
4.381918e-05
4.402755e-05
4.142422e-05
4.245036e-05
4.119283e-05
4.059595e-05
4.214705e-05
4.067227e-05
3.915509e-05
4.128296e-05
4.062669e-05
4.775511e-05
4.24672e-05
4.067342e-05
4.295432e-05
4.084294e-05
4.02651e-05
3.996863e-05
3.931223e-05
4.095517e-05
4.128691e-05
4.321026e-05
4.479771e-05
4.551125e-05
4.600473e-05
4.576654e-05
4.206513e-05
4.39749e-05
3.977894e-05
4.067584e-05
3.768822e-05
3.465176e-05
3.668544e-05
3.546295e-05
3.330536e-05
3.135342e-05
3.12334e-05
3.288068e-05
3.166819e-05
2.978955e-05
2.804887e-05
3.004314e-05
3.302338e-05
3.063156e-05
3.115246e-05
3.177407e-05
3.35268e-05
3.193867e-05
3.368493e-05
3.139638e-05
3.321587e-05
3.492825e-05
3.253173e-05
3.064734e-05
3.016831e-05
2.773758e-05
3.236662e-05
3.337691e-05
3.165544e-05
3.216949e-05
2.959032e-05
2.94565e-05
3.210104e-05
3.066758e-05
2.977044e-05
3.130624e-05
3.205474e-05
2.989862e-05
3.149106e-05
3.061877e-05
3.073407e-05
3.083656e-05
3.149118e-05
2.772242e-05
2.742741e-05
2.682806e-05
2.777448e-05
2.743188e-05
2.592045e-05
2.410032e-05
2.439529e-05
2.506347e-05
2.555794e-05
2.652666e-05
2.685596e-05
2.685995e-05
2.708817e-05
2.708075e-05
2.544134e-05
2.510834e-05
2.616769e-05
2.473509e-05
2.484045e-05
2.656516e-05
2.464895e-05
2.594637e-05
2.755395e-05
2.675177e-05
2.798528e-05
3.023939e-05
3.117244e-05
2.823387e-05
2.780332e-05
3.105506e-05
2.821097e-05
2.872751e-05
2.638398e-05
2.735394e-05
2.805941e-05
2.867842e-05
2.649089e-05
2.639742e-05
2.587239e-05
2.699884e-05
3.095859e-05
3.278254e-05
3.610292e-05
3.650695e-05
3.776779e-05
3.583694e-05
3.908596e-05
3.934318e-05
4.184862e-05
4.271873e-05
4.220989e-05
4.189245e-05
4.104731e-05
4.008317e-05
3.914344e-05
3.775175e-05
3.611849e-05
3.723701e-05
3.366146e-05
3.264031e-05
3.579299e-05
3.530809e-05
3.654383e-05
3.881968e-05
3.860879e-05
3.735333e-05
3.775629e-05
4.044427e-05
3.826633e-05
3.924515e-05
3.469679e-05
3.679412e-05
3.868671e-05
3.935547e-05
4.10351e-05
4.056007e-05
3.999259e-05
3.817351e-05
3.935801e-05
3.680188e-05
3.589086e-05
3.644985e-05
3.518871e-05
3.889226e-05
3.90209e-05
4.01045e-05
3.714826e-05
3.334618e-05
3.277952e-05
3.210879e-05
3.324847e-05
2.853861e-05
3.059276e-05
2.990171e-05
2.979484e-05
2.845762e-05
2.81887e-05
2.777041e-05
2.885428e-05
3.006068e-05
3.158488e-05
3.018455e-05
3.126675e-05
2.992203e-05
2.969765e-05
3.030161e-05
3.134733e-05
3.086728e-05
3.011602e-05
3.233213e-05
3.299884e-05
2.978698e-05
2.825848e-05
2.777315e-05
2.915378e-05
2.781577e-05
2.633862e-05
2.642401e-05
2.683095e-05
2.789607e-05
2.694664e-05
2.566183e-05
2.53748e-05
2.583386e-05
2.744189e-05
2.685297e-05
2.584019e-05
2.626173e-05
2.627271e-05
2.825767e-05
2.997119e-05
3.097969e-05
3.365744e-05
3.295483e-05
3.228403e-05
2.903976e-05
2.871398e-05
3.189015e-05
3.175133e-05
3.62573e-05
3.669627e-05
3.790882e-05
3.336441e-05
3.099234e-05
2.878298e-05
3.054207e-05
2.970918e-05
2.82695e-05
3.154291e-05
2.965208e-05
2.890654e-05
3.032132e-05
3.100032e-05
3.219316e-05
3.217956e-05
3.148857e-05
3.138462e-05
3.246864e-05
3.214958e-05
3.109307e-05
3.206033e-05
3.116516e-05
3.28827e-05
3.273876e-05
3.150126e-05
3.134044e-05
3.203891e-05
2.981033e-05
3.02791e-05
3.168013e-05
3.018582e-05
3.189846e-05
3.190997e-05
3.394124e-05
3.446622e-05
3.497171e-05
3.605244e-05
3.418614e-05
3.105854e-05
3.351456e-05
3.377406e-05
3.238689e-05
3.363902e-05
3.344568e-05
2.940209e-05
2.844062e-05
2.83146e-05
3.06975e-05
3.196975e-05
3.102786e-05
2.832521e-05
3.125827e-05
3.066866e-05
2.975644e-05
3.127689e-05
2.998834e-05
3.066561e-05
3.030132e-05
3.177423e-05
3.301475e-05
3.039121e-05
2.966149e-05
2.940362e-05
2.871306e-05
2.87139e-05
2.50726e-05
2.487969e-05
2.528288e-05
2.43941e-05
2.497757e-05
2.461114e-05
2.333935e-05
2.615272e-05
2.652029e-05
2.792645e-05
2.667129e-05
2.89632e-05
3.043284e-05
2.983184e-05
3.044204e-05
3.167866e-05
3.002747e-05
3.081691e-05
3.233451e-05
3.086023e-05
3.001548e-05
3.003862e-05
3.132097e-05
3.359577e-05
3.593812e-05
3.450288e-05
3.330748e-05
3.50464e-05
3.767177e-05
3.480593e-05
3.709028e-05
3.895171e-05
4.001073e-05
4.019581e-05
4.207373e-05
4.276274e-05
4.624075e-05
4.95073e-05
4.710959e-05
4.762856e-05
4.679228e-05
4.831583e-05
4.998941e-05
5.239884e-05
5.532626e-05
5.578434e-05
5.392542e-05
5.505965e-05
5.567025e-05
5.78247e-05
5.984424e-05
6.298346e-05
6.133287e-05
5.733095e-05
5.612968e-05
5.211218e-05
5.299439e-05
5.491488e-05
5.166266e-05
5.301405e-05
5.217631e-05
5.315375e-05
5.026371e-05
4.891195e-05
4.751498e-05
4.917673e-05
4.954667e-05
4.999025e-05
5.259222e-05
4.934779e-05
4.944186e-05
5.10931e-05
5.639739e-05
5.579553e-05
6.114336e-05
5.502398e-05
5.524486e-05
5.312698e-05
5.611178e-05
6.195634e-05
7.079811e-05
7.04622e-05
6.592203e-05
6.758096e-05
6.360314e-05
6.205318e-05
5.845196e-05
6.122619e-05
5.96753e-05
6.19277e-05
5.969308e-05
5.998632e-05
6.116987e-05
6.793094e-05
6.289873e-05
6.004792e-05
6.496645e-05
6.502152e-05
6.322847e-05
5.778406e-05
5.481462e-05
5.274696e-05
5.105059e-05
4.615517e-05
4.435278e-05
4.18184e-05
4.203855e-05
3.889265e-05
3.83279e-05
3.858755e-05
3.886676e-05
4.156887e-05
3.803191e-05
3.743854e-05
3.583066e-05
3.991729e-05
3.765176e-05
3.353586e-05
3.167158e-05
2.925079e-05
2.757759e-05
2.568676e-05
2.521974e-05
2.41296e-05
2.500065e-05
2.472212e-05
2.418304e-05
2.514869e-05
2.55908e-05
2.479959e-05
2.468761e-05
2.535765e-05
2.355784e-05
2.63303e-05
2.718615e-05
2.655083e-05
2.584011e-05
2.330978e-05
2.282802e-05
2.365751e-05
2.327656e-05
2.152629e-05
2.178751e-05
2.437979e-05
2.373332e-05
2.675501e-05
2.620304e-05
2.687575e-05
2.784329e-05
2.623363e-05
2.387975e-05
2.342024e-05
2.492963e-05
2.596226e-05
2.512106e-05
2.493491e-05
2.379278e-05
2.273006e-05
2.033273e-05
2.015565e-05
2.008708e-05
2.257945e-05
2.044998e-05
2.062603e-05
1.957396e-05
1.896689e-05
1.767376e-05
1.729528e-05
1.780848e-05
1.809399e-05
1.872454e-05
1.83263e-05
1.786452e-05
1.76389e-05
1.900694e-05
2.048062e-05
2.085127e-05
2.139629e-05
2.042623e-05
1.955113e-05
1.889575e-05
1.854494e-05
1.909002e-05
1.968212e-05
1.880241e-05
2.01807e-05
1.902602e-05
1.979013e-05
2.033583e-05
2.047816e-05
2.139576e-05
2.180416e-05
2.133351e-05
2.338789e-05
2.426378e-05
2.507268e-05
2.523513e-05
2.466868e-05
2.52089e-05
2.458979e-05
2.238321e-05
2.144263e-05
2.269481e-05
2.265423e-05
2.206362e-05
2.433044e-05
2.411055e-05
2.479587e-05
2.321193e-05
2.239732e-05
2.137861e-05
1.982439e-05
2.114566e-05
2.264692e-05
2.178293e-05
1.997183e-05
2.07074e-05
2.161529e-05
2.089565e-05
2.116311e-05
2.256076e-05
2.287033e-05
2.186069e-05
2.400374e-05
2.385881e-05
2.238938e-05
2.24603e-05
2.449361e-05
2.522692e-05
2.610763e-05
2.68883e-05
2.776196e-05
2.839757e-05
2.644311e-05
2.829158e-05
2.612759e-05
2.506074e-05
2.228202e-05
2.163496e-05
2.334352e-05
2.630991e-05
2.791665e-05
3.164215e-05
3.266601e-05
3.325544e-05
3.136846e-05
3.557248e-05
3.617948e-05
3.148037e-05
3.085274e-05
3.321559e-05
3.499825e-05
3.78726e-05
4.244713e-05
4.412897e-05
4.429148e-05
4.65319e-05
4.89682e-05
5.50481e-05
5.080606e-05
4.833817e-05
4.717757e-05
4.105435e-05
4.097921e-05
4.087706e-05
4.02574e-05
3.950443e-05
3.939378e-05
3.950086e-05
3.628633e-05
3.82158e-05
3.71279e-05
4.059966e-05
4.156172e-05
3.886151e-05
3.452187e-05
3.343615e-05
3.397488e-05
3.747824e-05
3.881088e-05
3.613746e-05
3.819088e-05
3.604572e-05
3.697999e-05
3.786467e-05
4.318282e-05
4.310858e-05
4.47354e-05
4.349496e-05
4.071113e-05
4.330549e-05
4.121773e-05
3.795153e-05
3.496348e-05
3.774141e-05
3.908251e-05
4.54779e-05
4.513618e-05
4.487922e-05
4.312654e-05
4.13942e-05
4.493164e-05
4.381331e-05
4.526187e-05
4.418376e-05
4.428504e-05
4.145485e-05
4.108542e-05
4.079262e-05
3.948491e-05
3.910121e-05
3.824298e-05
3.56695e-05
3.630806e-05
3.800473e-05
4.058866e-05
3.896572e-05
3.920166e-05
3.568592e-05
3.599252e-05
3.533552e-05
3.658857e-05
3.745529e-05
3.458435e-05
3.245507e-05
3.313915e-05
3.19436e-05
3.28324e-05
2.843062e-05
3.047164e-05
3.142878e-05
3.140832e-05
2.965047e-05
2.854683e-05
2.961734e-05
2.778546e-05
2.832055e-05
2.565391e-05
2.713809e-05
2.613587e-05
2.553427e-05
2.529821e-05
2.594206e-05
2.611853e-05
2.538871e-05
2.39459e-05
2.580494e-05
2.587428e-05
2.686089e-05
2.483922e-05
2.367476e-05
2.506356e-05
2.609369e-05
2.678201e-05
2.76482e-05
3.046512e-05
2.861312e-05
3.226217e-05
3.289098e-05
3.468838e-05
3.500117e-05
3.418323e-05
3.42787e-05
3.464828e-05
3.489841e-05
3.527201e-05
4.079718e-05
4.304769e-05
4.292738e-05
4.380934e-05
4.124169e-05
3.976323e-05
3.961796e-05
3.843689e-05
3.742049e-05
3.678606e-05
3.922595e-05
3.94502e-05
3.944993e-05
3.663379e-05
4.002316e-05
3.814656e-05
3.660117e-05
3.518808e-05
3.535564e-05
3.527886e-05
3.448622e-05
3.304574e-05
3.179263e-05
3.071663e-05
3.270521e-05
3.366272e-05
3.336986e-05
3.428718e-05
3.385753e-05
3.280676e-05
3.480611e-05
3.272428e-05
3.189841e-05
3.321508e-05
3.479942e-05
3.388787e-05
3.317489e-05
3.208563e-05
3.353544e-05
3.627953e-05
3.726127e-05
4.139141e-05
4.059335e-05
4.063929e-05
4.388912e-05
4.309153e-05
4.54718e-05
4.907484e-05
4.766542e-05
4.746268e-05
4.697838e-05
4.862566e-05
4.900281e-05
4.768201e-05
4.964826e-05
4.363966e-05
4.5082e-05
4.37981e-05
4.722699e-05
4.366447e-05
4.357702e-05
4.007116e-05
4.178666e-05
3.974966e-05
4.021199e-05
3.613292e-05
3.701131e-05
3.347461e-05
3.388908e-05
3.257636e-05
3.652462e-05
3.700546e-05
3.906393e-05
3.823846e-05
3.810712e-05
3.641064e-05
3.899521e-05
3.817577e-05
3.740481e-05
3.694524e-05
3.72995e-05
3.584267e-05
3.681204e-05
3.898468e-05
3.74979e-05
3.889965e-05
3.717888e-05
3.950375e-05
4.243592e-05
3.810841e-05
3.955688e-05
4.142077e-05
4.100266e-05
3.960886e-05
3.942531e-05
4.495438e-05
4.472362e-05
4.249154e-05
3.960114e-05
3.564053e-05
3.771682e-05
3.709515e-05
3.582436e-05
3.548679e-05
3.70369e-05
3.891317e-05
3.592987e-05
3.600268e-05
3.313348e-05
2.928427e-05
2.964924e-05
3.017045e-05
2.984259e-05
3.064656e-05
3.026085e-05
2.957686e-05
2.981777e-05
3.171153e-05
3.223997e-05
3.0897e-05
2.935409e-05
2.950943e-05
2.957898e-05
2.834938e-05
3.133474e-05
3.460574e-05
3.093098e-05
3.313299e-05
3.373922e-05
3.553178e-05
3.536074e-05
3.484512e-05
3.457866e-05
3.506249e-05
3.204681e-05
2.855784e-05
2.941515e-05
2.810502e-05
2.731408e-05
2.913168e-05
2.825828e-05
2.889912e-05
2.723452e-05
2.872009e-05
2.918082e-05
2.860183e-05
3.082693e-05
2.942285e-05
2.974839e-05
3.31747e-05
3.43332e-05
3.55096e-05
4.003091e-05
4.320509e-05
4.123289e-05
4.181623e-05
4.144759e-05
4.305803e-05
4.107518e-05
4.306539e-05
3.866127e-05
3.876172e-05
3.547981e-05
3.554403e-05
3.729446e-05
3.857724e-05
3.696681e-05
3.600378e-05
3.773976e-05
3.997454e-05
3.793514e-05
3.647446e-05
3.67503e-05
3.569695e-05
3.436009e-05
3.079625e-05
3.261871e-05
3.384864e-05
3.34017e-05
3.216416e-05
3.309083e-05
3.236695e-05
3.310109e-05
3.540954e-05
3.571277e-05
3.160749e-05
2.930951e-05
3.239752e-05
3.004738e-05
2.703969e-05
2.701889e-05
2.591515e-05
2.563459e-05
2.554491e-05
2.506766e-05
2.65623e-05
2.756007e-05
2.629356e-05
2.735709e-05
2.733583e-05
2.554952e-05
2.546354e-05
2.365508e-05
2.366154e-05
2.210866e-05
2.242022e-05
2.339147e-05
2.304383e-05
2.343355e-05
2.428048e-05
2.291187e-05
2.308393e-05
1.972721e-05
2.035613e-05
2.027594e-05
1.856726e-05
2.06465e-05
1.989922e-05
2.090715e-05
2.038617e-05
2.206299e-05
2.257676e-05
2.300986e-05
2.164465e-05
2.02271e-05
2.009651e-05
2.113293e-05
2.07693e-05
2.044706e-05
1.94973e-05
2.192152e-05
2.184548e-05
2.338398e-05
2.366861e-05
2.396796e-05
2.479717e-05
2.525132e-05
2.513942e-05
2.432799e-05
2.555984e-05
2.721179e-05
2.887123e-05
2.718534e-05
2.935602e-05
3.054717e-05
3.082911e-05
3.077681e-05
2.92557e-05
2.826498e-05
2.792647e-05
2.850351e-05
2.958561e-05
3.044123e-05
2.790254e-05
2.775252e-05
2.720862e-05
2.399945e-05
2.362782e-05
2.621311e-05
2.755269e-05
3.027572e-05
2.831694e-05
2.593758e-05
2.569311e-05
2.772868e-05
2.83919e-05
2.603317e-05
2.647538e-05
2.752395e-05
2.680508e-05
2.609781e-05
2.648226e-05
2.488341e-05
2.372794e-05
2.257483e-05
2.179007e-05
1.927895e-05
1.814403e-05
1.813959e-05
1.748405e-05
1.951498e-05
1.857641e-05
1.706471e-05
1.746503e-05
1.816192e-05
1.973933e-05
1.798426e-05
1.924355e-05
1.89955e-05
1.920827e-05
1.801424e-05
1.682176e-05
1.590294e-05
1.553785e-05
1.557238e-05
1.667938e-05
1.689257e-05
1.673865e-05
1.650973e-05
1.750433e-05
1.679694e-05
1.593404e-05
1.62099e-05
1.90346e-05
2.101545e-05
2.089771e-05
2.165162e-05
2.337368e-05
2.441232e-05
2.553771e-05
2.46671e-05
2.534354e-05
2.504037e-05
2.562145e-05
2.464638e-05
2.504028e-05
2.438477e-05
2.319362e-05
2.489029e-05
2.331268e-05
2.459466e-05
2.303894e-05
2.071775e-05
2.101414e-05
2.224012e-05
2.184707e-05
2.422574e-05
2.500139e-05
2.621118e-05
2.71995e-05
2.572459e-05
2.834936e-05
3.129336e-05
3.224477e-05
3.388146e-05
3.358445e-05
3.533508e-05
3.39772e-05
3.369242e-05
3.43163e-05
3.412013e-05
3.27671e-05
3.529847e-05
3.345202e-05
3.304754e-05
3.285686e-05
3.096574e-05
2.917483e-05
2.981042e-05
3.000738e-05
2.961488e-05
2.76574e-05
2.739604e-05
2.874151e-05
2.97975e-05
2.874054e-05
2.855401e-05
3.091678e-05
3.0379e-05
2.918452e-05
2.83706e-05
2.829624e-05
2.912855e-05
3.224046e-05
2.857127e-05
2.729027e-05
2.846086e-05
2.860675e-05
2.830409e-05
2.793573e-05
2.927773e-05
2.844824e-05
2.647903e-05
2.68887e-05
2.581696e-05
2.474922e-05
2.581866e-05
2.696831e-05
2.886845e-05
2.571084e-05
2.879276e-05
3.117776e-05
3.089146e-05
3.475814e-05
3.579694e-05
3.661407e-05
3.191455e-05
3.40926e-05
3.010257e-05
2.928425e-05
3.087922e-05
3.223131e-05
3.206555e-05
3.5485e-05
3.407333e-05
3.631609e-05
3.628924e-05
3.685201e-05
3.860055e-05
3.550784e-05
3.430798e-05
3.21801e-05
3.205237e-05
3.190165e-05
3.057556e-05
3.033532e-05
3.120364e-05
2.762933e-05
2.714638e-05
2.796664e-05
2.942111e-05
3.175158e-05
3.255217e-05
3.166237e-05
3.123818e-05
2.959971e-05
3.027961e-05
3.230289e-05
3.173499e-05
3.271949e-05
3.079891e-05
3.100313e-05
3.295168e-05
3.127966e-05
2.774093e-05
2.622335e-05
2.770498e-05
2.539812e-05
2.640408e-05
2.791446e-05
2.858433e-05
2.960287e-05
2.995997e-05
2.969327e-05
3.116901e-05
3.403405e-05
3.589047e-05
3.574068e-05
3.602429e-05
3.324657e-05
3.78847e-05
3.711246e-05
3.654398e-05
3.861528e-05
3.541982e-05
3.46709e-05
3.219058e-05
2.931024e-05
3.275729e-05
3.399737e-05
3.453459e-05
3.424552e-05
3.824148e-05
4.097518e-05
3.946645e-05
4.185639e-05
4.237067e-05
4.33335e-05
4.385061e-05
4.120315e-05
3.969874e-05
4.075494e-05
3.937263e-05
3.985747e-05
4.105393e-05
4.174297e-05
3.847892e-05
3.813018e-05
3.7142e-05
4.062612e-05
3.999974e-05
3.620085e-05
3.679755e-05
3.653519e-05
3.591365e-05
3.790111e-05
3.938667e-05
4.048471e-05
3.991815e-05
3.900087e-05
3.660886e-05
3.531894e-05
3.725398e-05
3.863326e-05
3.883685e-05
4.109742e-05
4.205869e-05
4.061592e-05
4.348537e-05
4.270043e-05
4.371799e-05
4.421743e-05
4.244667e-05
4.07723e-05
4.155585e-05
4.488895e-05
4.73861e-05
4.369293e-05
4.430108e-05
4.279898e-05
3.938054e-05
4.135804e-05
3.983506e-05
3.877401e-05
3.782646e-05
3.897648e-05
3.727837e-05
3.508547e-05
3.301536e-05
3.186242e-05
3.027262e-05
3.129756e-05
2.65086e-05
2.734444e-05
2.955376e-05
3.393521e-05
3.470139e-05
3.622593e-05
3.992624e-05
4.070195e-05
4.165707e-05
4.049101e-05
4.001932e-05
4.068926e-05
4.149265e-05
4.058675e-05
4.283965e-05
4.04616e-05
3.83177e-05
4.048895e-05
3.88725e-05
3.685013e-05
3.729141e-05
3.59963e-05
3.412985e-05
3.236759e-05
3.32855e-05
3.219661e-05
3.380776e-05
3.265676e-05
3.442232e-05
3.509936e-05
3.628645e-05
3.572679e-05
3.293105e-05
3.254787e-05
3.488845e-05
3.693426e-05
3.872893e-05
3.980815e-05
4.009671e-05
4.19469e-05
4.008874e-05
4.106326e-05
4.499966e-05
4.083744e-05
3.966633e-05
4.295629e-05
4.27799e-05
4.170175e-05
4.049958e-05
4.261622e-05
3.959472e-05
4.136857e-05
3.926979e-05
4.087276e-05
4.010716e-05
4.079597e-05
3.986912e-05
4.050956e-05
4.048847e-05
4.002235e-05
3.931738e-05
3.76962e-05
3.843719e-05
3.657343e-05
3.721787e-05
3.615373e-05
3.727395e-05
3.687776e-05
3.682171e-05
3.779659e-05
4.026155e-05
3.878575e-05
3.919184e-05
3.864145e-05
4.229461e-05
3.890996e-05
3.786986e-05
3.820677e-05
3.953343e-05
4.110114e-05
4.147296e-05
3.91811e-05
3.690591e-05
3.480964e-05
3.104993e-05
3.19866e-05
3.127789e-05
2.852391e-05
2.913215e-05
2.943092e-05
3.041469e-05
2.540833e-05
2.606937e-05
2.620225e-05
2.617089e-05
2.517224e-05
2.61918e-05
2.636856e-05
2.973156e-05
2.846121e-05
2.74737e-05
2.608147e-05
2.606701e-05
2.724227e-05
2.675739e-05
2.988765e-05
2.866968e-05
2.748772e-05
2.783705e-05
2.828626e-05
3.029581e-05
2.768131e-05
2.728995e-05
2.846486e-05
2.795163e-05
2.771199e-05
2.837404e-05
2.670808e-05
2.677613e-05
2.691753e-05
2.860434e-05
2.710365e-05
2.80558e-05
2.769256e-05
2.693729e-05
2.776914e-05
2.668947e-05
2.611079e-05
2.808159e-05
2.869114e-05
2.612262e-05
2.863876e-05
2.977486e-05
2.704839e-05
2.77401e-05
2.683033e-05
2.872677e-05
2.778606e-05
2.913922e-05
3.166681e-05
3.005628e-05
2.840729e-05
2.93806e-05
2.942563e-05
2.575484e-05
2.769703e-05
3.076216e-05
3.000968e-05
2.86313e-05
3.12375e-05
3.175938e-05
3.170474e-05
3.080855e-05
2.898021e-05
2.987173e-05
2.91537e-05
2.743091e-05
2.73002e-05
2.640823e-05
2.567342e-05
2.499543e-05
2.742195e-05
2.981438e-05
3.129493e-05
3.143339e-05
2.991665e-05
3.048469e-05
3.183839e-05
3.257208e-05
3.379117e-05
3.504137e-05
3.619628e-05
3.475911e-05
3.40545e-05
3.393967e-05
3.458889e-05
3.42067e-05
3.288239e-05
3.590139e-05
3.487926e-05
3.50586e-05
3.705944e-05
3.457723e-05
3.547424e-05
3.511612e-05
3.415937e-05
3.334083e-05
3.444162e-05
3.348902e-05
3.361587e-05
3.207499e-05
3.087963e-05
3.198687e-05
3.404121e-05
3.516846e-05
3.389031e-05
3.477695e-05
3.299348e-05
3.262126e-05
3.248783e-05
2.79004e-05
2.7261e-05
2.797922e-05
2.843168e-05
2.729537e-05
2.988276e-05
3.249274e-05
2.900889e-05
2.90048e-05
3.241858e-05
3.405082e-05
3.198459e-05
3.403175e-05
3.210421e-05
3.225801e-05
2.988902e-05
2.86505e-05
2.852774e-05
2.794458e-05
2.812677e-05
3.109953e-05
2.905162e-05
3.17143e-05
3.485991e-05
3.735696e-05
3.761723e-05
4.104005e-05
4.116613e-05
4.077348e-05
3.955884e-05
3.892369e-05
4.227312e-05
3.924899e-05
3.914192e-05
4.282486e-05
4.094202e-05
4.018108e-05
3.964942e-05
3.732933e-05
3.424072e-05
3.435208e-05
3.79988e-05
3.960536e-05
4.171578e-05
4.01135e-05
4.277986e-05
4.380213e-05
4.344402e-05
4.06082e-05
4.051095e-05
3.95507e-05
4.219882e-05
4.350775e-05
4.559923e-05
4.664353e-05
4.465182e-05
4.31502e-05
4.303824e-05
4.239799e-05
4.318654e-05
3.950269e-05
3.998566e-05
4.073453e-05
3.921766e-05
4.013891e-05
3.823028e-05
3.35914e-05
3.466554e-05
3.650686e-05
3.785551e-05
3.376746e-05
3.532668e-05
3.408023e-05
3.338158e-05
3.139939e-05
3.093454e-05
3.174249e-05
3.481021e-05
3.488587e-05
3.865427e-05
4.028388e-05
3.873512e-05
3.985793e-05
3.783731e-05
3.61366e-05
3.960392e-05
4.352888e-05
4.362291e-05
4.758218e-05
4.535042e-05
4.4965e-05
4.056572e-05
4.083373e-05
4.080531e-05
4.145756e-05
4.287727e-05
4.240159e-05
4.217019e-05
3.984094e-05
4.205624e-05
3.966227e-05
4.375699e-05
4.17974e-05
3.773323e-05
3.454047e-05
3.35936e-05
3.311626e-05
3.391273e-05
3.399332e-05
3.212266e-05
3.241316e-05
3.171967e-05
2.939802e-05
3.081796e-05
3.302488e-05
3.232904e-05
3.177925e-05
3.087069e-05
3.348625e-05
3.333062e-05
3.417775e-05
3.047916e-05
3.120633e-05
3.011052e-05
3.137029e-05
3.232509e-05
3.16776e-05
3.397427e-05
3.0874e-05
3.003413e-05
2.86051e-05
2.775651e-05
2.813624e-05
2.902547e-05
3.064858e-05
2.93041e-05
3.121051e-05
3.098651e-05
3.197519e-05
3.075469e-05
3.339847e-05
3.443591e-05
3.491126e-05
3.531113e-05
3.599739e-05
3.822458e-05
3.685094e-05
3.949107e-05
3.610165e-05
3.940809e-05
4.005201e-05
3.574032e-05
3.615254e-05
3.57458e-05
3.74405e-05
4.115177e-05
4.075857e-05
3.872445e-05
3.992686e-05
4.043423e-05
3.79489e-05
3.943808e-05
3.917844e-05
3.865445e-05
4.242718e-05
4.24781e-05
4.195101e-05
4.057938e-05
3.940477e-05
3.452626e-05
3.823883e-05
3.743134e-05
3.777074e-05
3.573774e-05
3.700258e-05
3.584341e-05
3.450306e-05
3.207689e-05
3.225865e-05
3.569658e-05
3.209274e-05
3.13977e-05
2.955883e-05
2.678128e-05
2.651187e-05
2.662392e-05
2.709671e-05
2.891905e-05
3.147553e-05
3.240816e-05
3.127979e-05
3.405172e-05
3.465896e-05
3.426719e-05
3.303882e-05
3.487986e-05
3.438479e-05
3.735555e-05
3.649148e-05
3.860775e-05
3.709496e-05
4.10238e-05
4.109411e-05
4.269657e-05
3.974617e-05
3.83186e-05
3.949078e-05
3.878875e-05
3.884808e-05
3.587966e-05
3.425263e-05
3.495963e-05
3.336606e-05
3.115899e-05
3.159118e-05
3.287744e-05
3.118238e-05
3.359715e-05
3.407851e-05
3.089644e-05
3.038042e-05
2.677721e-05
2.518526e-05
2.322004e-05
2.292042e-05
2.132523e-05
2.283897e-05
2.310257e-05
2.261559e-05
2.258625e-05
2.180144e-05
2.386941e-05
2.444255e-05
2.629688e-05
2.456676e-05
2.767209e-05
2.787123e-05
2.878067e-05
2.873149e-05
2.684569e-05
2.897188e-05
3.023152e-05
2.960629e-05
3.328931e-05
3.282055e-05
3.537157e-05
3.719559e-05
3.476753e-05
3.309102e-05
3.217557e-05
3.601127e-05
3.318623e-05
3.478874e-05
3.470552e-05
3.184388e-05
3.310847e-05
3.02722e-05
3.029426e-05
2.84123e-05
2.751746e-05
2.56352e-05
2.212354e-05
2.166338e-05
2.238972e-05
2.414537e-05
2.320029e-05
2.376933e-05
2.2878e-05
2.617956e-05
2.599004e-05
2.505742e-05
2.431102e-05
2.806519e-05
2.656926e-05
2.694763e-05
2.950247e-05
3.007417e-05
3.153561e-05
3.146401e-05
3.356627e-05
3.619582e-05
3.779515e-05
4.147999e-05
4.163414e-05
4.333043e-05
4.40781e-05
4.409803e-05
4.006249e-05
4.130717e-05
4.306843e-05
4.302437e-05
4.124644e-05
3.970431e-05
4.215297e-05
3.974885e-05
3.909533e-05
3.757153e-05
3.82112e-05
3.826967e-05
3.801062e-05
3.478985e-05
3.339141e-05
3.441949e-05
3.319334e-05
3.090949e-05
2.977498e-05
3.076228e-05
3.035036e-05
2.870878e-05
2.775849e-05
2.714201e-05
2.924938e-05
3.069536e-05
3.170656e-05
3.019664e-05
3.041893e-05
3.165022e-05
3.054687e-05
2.977661e-05
2.825682e-05
2.929747e-05
2.922843e-05
2.856068e-05
2.688132e-05
2.849189e-05
2.694409e-05
2.832128e-05
2.73236e-05
2.610536e-05
2.604726e-05
2.641202e-05
2.543621e-05
2.368726e-05
2.240556e-05
2.284247e-05
2.335498e-05
2.355504e-05
2.222831e-05
2.500536e-05
2.583994e-05
2.740671e-05
2.874532e-05
2.998946e-05
3.087339e-05
3.031235e-05
3.263744e-05
3.202307e-05
3.19026e-05
3.22954e-05
3.293492e-05
2.939182e-05
2.814426e-05
3.090887e-05
2.983414e-05
3.26732e-05
3.303411e-05
3.454681e-05
3.659055e-05
3.180645e-05
3.380734e-05
3.383233e-05
3.463863e-05
3.371472e-05
3.410822e-05
3.297629e-05
3.643711e-05
3.427434e-05
3.184948e-05
3.221653e-05
3.38219e-05
3.715949e-05
3.677203e-05
3.639324e-05
3.162593e-05
3.048663e-05
3.191063e-05
3.083804e-05
3.089857e-05
3.307802e-05
3.111866e-05
3.351066e-05
3.22163e-05
3.316853e-05
2.888712e-05
2.757837e-05
3.365009e-05
3.642116e-05
3.41939e-05
3.749109e-05
3.639621e-05
3.577347e-05
3.344438e-05
3.428405e-05
3.427633e-05
3.341595e-05
3.00847e-05
3.040015e-05
2.870235e-05
2.742527e-05
2.56807e-05
2.620058e-05
2.588237e-05
2.263498e-05
2.240188e-05
2.367371e-05
2.236778e-05
2.44764e-05
2.541977e-05
2.543808e-05
2.745005e-05
2.903944e-05
3.060364e-05
2.944134e-05
3.017595e-05
3.064668e-05
3.109034e-05
2.907321e-05
2.810758e-05
2.719028e-05
2.667807e-05
2.683064e-05
2.664475e-05
2.586748e-05
2.312997e-05
2.387605e-05
2.2978e-05
2.472337e-05
2.32287e-05
2.278255e-05
2.285677e-05
2.396786e-05
2.688281e-05
2.721829e-05
2.68808e-05
2.671352e-05
2.714314e-05
2.388408e-05
2.568514e-05
2.641684e-05
2.976099e-05
2.855171e-05
2.894536e-05
3.018866e-05
2.981198e-05
2.935277e-05
2.849507e-05
2.751074e-05
2.596651e-05
2.55154e-05
2.50335e-05
2.529156e-05
2.499362e-05
2.593885e-05
2.887239e-05
3.134821e-05
3.529768e-05
3.419095e-05
3.462658e-05
3.265278e-05
3.407883e-05
3.361466e-05
3.497136e-05
3.964491e-05
3.687853e-05
3.793678e-05
3.471766e-05
3.414969e-05
3.098524e-05
3.161449e-05
3.460347e-05
3.309097e-05
3.287474e-05
3.518642e-05
3.483598e-05
3.384246e-05
3.169646e-05
3.265939e-05
3.352218e-05
3.563054e-05
3.619563e-05
3.722632e-05
3.648451e-05
3.52057e-05
3.269864e-05
3.279408e-05
3.206965e-05
3.177018e-05
2.804341e-05
2.53135e-05
2.606139e-05
2.793819e-05
2.675027e-05
2.69541e-05
2.924974e-05
2.808624e-05
2.632385e-05
2.55753e-05
2.366871e-05
2.622327e-05
2.499229e-05
2.168064e-05
2.014544e-05
1.925742e-05
1.923389e-05
2.021237e-05
2.327278e-05
2.459999e-05
2.280761e-05
2.277973e-05
2.478478e-05
2.559308e-05
2.481637e-05
2.546224e-05
2.334362e-05
2.414717e-05
2.444549e-05
2.628862e-05
2.770682e-05
2.895246e-05
2.774249e-05
2.808968e-05
3.175877e-05
3.234679e-05
3.311949e-05
3.470899e-05
3.69643e-05
3.87714e-05
4.337944e-05
4.080097e-05
4.058856e-05
3.962933e-05
3.89714e-05
3.868615e-05
4.056515e-05
3.784905e-05
3.91906e-05
4.208451e-05
4.731786e-05
4.801956e-05
4.867662e-05
4.952982e-05
4.792968e-05
4.474289e-05
4.650136e-05
4.252908e-05
4.422394e-05
4.528247e-05
4.789061e-05
5.146566e-05
5.246851e-05
5.128569e-05
5.190873e-05
5.245751e-05
5.135513e-05
4.470529e-05
4.326447e-05
4.239034e-05
4.209023e-05
4.187283e-05
4.282089e-05
4.124556e-05
4.283123e-05
4.536255e-05
4.847851e-05
4.594088e-05
4.487449e-05
4.815964e-05
5.001349e-05
5.097674e-05
5.333323e-05
5.453967e-05
5.304432e-05
5.200281e-05
5.074491e-05
4.582884e-05
4.350181e-05
4.40204e-05
4.550444e-05
4.206226e-05
4.276907e-05
3.999685e-05
4.199742e-05
4.368917e-05
4.225716e-05
4.073731e-05
3.867072e-05
3.778747e-05
3.99399e-05
4.002312e-05
3.567701e-05
3.634076e-05
3.826821e-05
3.869583e-05
3.899979e-05
3.795677e-05
3.75197e-05
3.469244e-05
3.697883e-05
3.913625e-05
3.928933e-05
3.620852e-05
3.331324e-05
3.17796e-05
3.085879e-05
3.445755e-05
3.345388e-05
3.419725e-05
3.371001e-05
3.550317e-05
3.631652e-05
3.784661e-05
3.744253e-05
3.751733e-05
3.953102e-05
4.153697e-05
4.316207e-05
4.747455e-05
5.217115e-05
5.066011e-05
4.602768e-05
4.290046e-05
4.018205e-05
3.884649e-05
3.760692e-05
3.665072e-05
3.203104e-05
3.232823e-05
3.723221e-05
3.580858e-05
3.269616e-05
3.442266e-05
3.313093e-05
3.426829e-05
3.19448e-05
3.325427e-05
3.178381e-05
3.099449e-05
3.028741e-05
2.946663e-05
3.15086e-05
3.426225e-05
3.429097e-05
3.703109e-05
3.394288e-05
3.533109e-05
3.336599e-05
3.373858e-05
3.194443e-05
3.149494e-05
3.289028e-05
3.195717e-05
3.627504e-05
3.629354e-05
4.088649e-05
3.948177e-05
4.195953e-05
3.96917e-05
3.992428e-05
3.928008e-05
4.027528e-05
3.761161e-05
3.974393e-05
3.920874e-05
3.840223e-05
4.069955e-05
3.71605e-05
3.762523e-05
4.017931e-05
3.307995e-05
3.514015e-05
3.503421e-05
3.614069e-05
3.708163e-05
3.271617e-05
3.156792e-05
3.400975e-05
3.738122e-05
3.536522e-05
3.704107e-05
3.965328e-05
4.103941e-05
3.988557e-05
3.96525e-05
3.797979e-05
3.718911e-05
3.713844e-05
3.936334e-05
4.004188e-05
3.997289e-05
4.008969e-05
3.962192e-05
4.152697e-05
4.071538e-05
4.165014e-05
3.930071e-05
4.067842e-05
3.754074e-05
3.766109e-05
3.690111e-05
3.516318e-05
3.689069e-05
3.566733e-05
3.364054e-05
3.438147e-05
3.347995e-05
3.676938e-05
3.232132e-05
2.922076e-05
2.913021e-05
2.855553e-05
2.90925e-05
2.935562e-05
2.989156e-05
3.282124e-05
3.521471e-05
3.786533e-05
3.784314e-05
4.075311e-05
3.744701e-05
3.652024e-05
3.833618e-05
3.967727e-05
3.580853e-05
3.567971e-05
3.361534e-05
3.144701e-05
3.187731e-05
3.38945e-05
3.749823e-05
3.233945e-05
3.007869e-05
2.992279e-05
3.097796e-05
3.096671e-05
3.04717e-05
3.123858e-05
3.199081e-05
3.399871e-05
3.585218e-05
3.246123e-05
3.271555e-05
3.398697e-05
3.265431e-05
3.227076e-05
3.185843e-05
3.104277e-05
3.046199e-05
3.215471e-05
3.203806e-05
3.040455e-05
2.998168e-05
3.048508e-05
3.562741e-05
3.553384e-05
3.707365e-05
3.632678e-05
3.624996e-05
3.902628e-05
3.788209e-05
4.026808e-05
4.066064e-05
3.703714e-05
3.455758e-05
3.2833e-05
3.299986e-05
3.252823e-05
3.143643e-05
2.967779e-05
3.099668e-05
3.023136e-05
2.984594e-05
2.799615e-05
3.030494e-05
3.003955e-05
2.887457e-05
2.995545e-05
2.842442e-05
2.986889e-05
2.753761e-05
2.692447e-05
2.733764e-05
2.585229e-05
2.574545e-05
2.444574e-05
2.389018e-05
2.455511e-05
2.500578e-05
2.55799e-05
2.49777e-05
2.596184e-05
2.629642e-05
2.530729e-05
2.550589e-05
2.434523e-05
2.572991e-05
2.609501e-05
2.492043e-05
2.489836e-05
2.433371e-05
2.360568e-05
2.348452e-05
2.212804e-05
2.105928e-05
2.189172e-05
2.352434e-05
2.451e-05
2.413785e-05
2.684836e-05
2.539151e-05
2.563759e-05
2.726319e-05
2.81142e-05
2.930625e-05
2.868065e-05
2.830091e-05
2.763497e-05
2.70221e-05
2.881602e-05
2.96721e-05
2.876367e-05
2.834785e-05
2.876178e-05
3.155789e-05
3.479881e-05
3.930234e-05
3.952099e-05
3.845228e-05
4.105007e-05
3.985775e-05
3.811438e-05
3.864334e-05
3.76352e-05
4.091743e-05
4.237207e-05
4.09396e-05
3.948109e-05
4.183638e-05
4.368125e-05
4.259649e-05
4.492394e-05
4.288379e-05
4.082188e-05
4.157971e-05
4.317112e-05
4.368006e-05
4.47751e-05
4.220087e-05
4.086216e-05
4.185992e-05
4.409714e-05
4.720239e-05
4.664851e-05
4.545562e-05
4.321683e-05
4.261137e-05
4.19624e-05
4.493314e-05
4.389686e-05
4.633613e-05
4.634803e-05
4.179913e-05
4.564366e-05
4.657264e-05
4.838004e-05
5.054751e-05
4.999313e-05
5.074899e-05
4.51469e-05
4.162167e-05
4.465377e-05
4.651507e-05
4.831468e-05
5.528656e-05
5.254528e-05
5.131494e-05
5.333816e-05
5.249598e-05
5.698117e-05
5.811218e-05
5.603288e-05
5.257407e-05
5.116724e-05
4.60209e-05
4.141315e-05
4.206984e-05
4.268955e-05
3.899906e-05
3.666931e-05
3.967164e-05
4.009497e-05
4.107324e-05
3.943376e-05
3.444917e-05
3.543066e-05
3.592749e-05
3.50429e-05
3.348624e-05
3.436796e-05
3.487287e-05
3.557211e-05
3.460057e-05
3.563605e-05
3.292566e-05
3.163885e-05
3.255387e-05
3.073677e-05
3.136759e-05
2.930078e-05
2.954849e-05
2.951791e-05
3.103319e-05
2.908688e-05
3.111025e-05
2.974742e-05
2.974328e-05
2.772821e-05
2.882152e-05
2.801082e-05
3.011718e-05
3.005141e-05
3.086667e-05
3.190154e-05
3.291449e-05
3.323938e-05
3.201328e-05
3.018144e-05
3.210616e-05
3.661582e-05
3.392398e-05
3.161513e-05
3.351132e-05
3.775219e-05
3.816924e-05
3.856739e-05
4.450406e-05
4.196058e-05
4.353141e-05
4.211715e-05
4.549388e-05
4.247561e-05
4.189297e-05
3.854743e-05
3.575624e-05
3.618396e-05
3.883578e-05
3.84225e-05
3.695029e-05
3.630102e-05
3.581322e-05
3.81434e-05
4.032103e-05
4.065075e-05
3.857435e-05
3.656047e-05
3.57596e-05
3.38407e-05
3.446298e-05
3.505076e-05
3.683552e-05
3.71269e-05
3.750924e-05
3.563066e-05
3.382964e-05
3.249531e-05
3.352603e-05
3.271113e-05
3.144778e-05
2.934889e-05
2.852116e-05
2.739063e-05
2.786475e-05
2.531342e-05
2.539248e-05
2.539073e-05
2.771739e-05
2.827605e-05
3.359448e-05
3.407589e-05
3.356339e-05
3.342589e-05
3.209652e-05
3.440615e-05
3.92381e-05
3.975809e-05
4.124969e-05
4.114801e-05
4.129903e-05
4.131069e-05
4.473867e-05
4.445785e-05
4.215589e-05
4.417494e-05
4.879168e-05
4.589966e-05
4.496351e-05
4.73717e-05
4.708872e-05
4.811423e-05
5.151353e-05
5.187462e-05
4.907808e-05
4.975746e-05
5.217171e-05
5.008758e-05
5.119188e-05
4.998374e-05
4.76826e-05
4.545488e-05
4.724265e-05
4.570076e-05
5.107405e-05
5.074059e-05
4.99138e-05
4.852374e-05
5.130359e-05
5.044369e-05
4.914168e-05
4.616606e-05
4.694183e-05
4.493048e-05
4.896472e-05
4.928758e-05
4.676825e-05
4.847469e-05
4.569978e-05
4.343418e-05
4.402955e-05
4.506303e-05
4.384579e-05
4.490828e-05
4.341363e-05
4.418422e-05
4.601603e-05
4.583684e-05
4.729566e-05
5.19463e-05
5.291859e-05
5.259482e-05
5.135588e-05
5.518114e-05
5.355164e-05
5.589154e-05
5.222209e-05
5.798074e-05
6.003255e-05
6.172735e-05
6.272803e-05
6.559591e-05
6.56404e-05
6.343544e-05
6.01457e-05
5.887808e-05
5.71707e-05
5.540044e-05
5.435124e-05
5.487428e-05
5.303202e-05
5.04713e-05
4.799749e-05
4.30658e-05
4.874354e-05
4.922013e-05
4.923175e-05
4.995371e-05
4.860667e-05
4.825205e-05
4.494421e-05
4.521588e-05
4.56109e-05
4.289961e-05
4.382844e-05
4.452472e-05
4.181294e-05
4.3531e-05
4.811915e-05
4.594813e-05
4.550305e-05
4.177321e-05
3.97247e-05
4.022742e-05
3.873448e-05
3.819019e-05
3.848937e-05
3.667128e-05
3.783696e-05
3.593236e-05
3.506391e-05
3.233555e-05
3.151571e-05
3.249129e-05
3.539095e-05
3.533543e-05
3.383649e-05
3.490134e-05
3.695393e-05
3.595268e-05
3.771351e-05
3.450543e-05
3.463299e-05
3.364493e-05
3.360212e-05
3.468829e-05
3.577083e-05
3.508971e-05
3.849481e-05
3.881155e-05
3.715583e-05
4.231042e-05
4.420906e-05
4.521452e-05
4.649731e-05
4.533863e-05
4.419948e-05
4.001442e-05
3.997729e-05
4.576449e-05
4.74185e-05
4.528727e-05
4.573436e-05
4.633902e-05
4.824522e-05
4.735554e-05
4.984685e-05
4.731068e-05
4.378469e-05
4.508796e-05
4.251312e-05
4.307046e-05
3.97073e-05
3.888139e-05
3.660427e-05
3.780543e-05
3.747677e-05
4.091567e-05
3.847192e-05
3.456062e-05
3.339592e-05
3.110178e-05
3.226001e-05
3.472206e-05
3.499469e-05
3.079556e-05
3.384683e-05
3.311468e-05
2.983567e-05
3.269892e-05
3.450175e-05
3.40734e-05
3.2936e-05
3.317519e-05
2.972265e-05
3.158773e-05
3.074131e-05
3.07212e-05
3.02226e-05
3.037002e-05
3.08331e-05
3.493096e-05
3.19265e-05
3.161347e-05
3.188447e-05
3.123446e-05
3.016695e-05
3.330297e-05
3.206285e-05
3.084355e-05
3.065895e-05
2.918658e-05
2.789215e-05
2.700187e-05
2.793979e-05
2.720962e-05
3.009286e-05
2.921078e-05
2.828628e-05
2.684256e-05
2.756607e-05
2.669294e-05
2.795102e-05
2.674686e-05
2.571639e-05
2.54799e-05
2.342357e-05
2.464918e-05
2.40851e-05
2.534687e-05
2.605481e-05
2.835805e-05
2.81579e-05
2.776318e-05
2.6125e-05
2.566196e-05
2.589026e-05
2.378457e-05
2.310138e-05
2.269846e-05
2.055965e-05
2.132591e-05
2.205862e-05
2.275538e-05
2.34767e-05
2.348157e-05
2.376213e-05
2.513773e-05
2.512388e-05
2.505187e-05
2.64468e-05
2.459846e-05
2.433411e-05
2.288813e-05
2.488166e-05
2.633871e-05
2.696526e-05
2.64243e-05
2.641601e-05
2.591116e-05
2.61949e-05
2.462353e-05
2.544408e-05
2.671831e-05
2.746324e-05
2.825858e-05
2.711252e-05
2.894338e-05
2.91187e-05
2.84289e-05
2.723839e-05
2.505657e-05
2.725759e-05
2.641057e-05
2.49934e-05
2.367114e-05
2.277346e-05
2.448304e-05
2.405251e-05
2.151207e-05
2.189804e-05
2.153935e-05
2.166809e-05
1.985575e-05
1.956672e-05
1.894616e-05
1.922829e-05
2.194645e-05
2.242475e-05
2.299717e-05
2.35412e-05
2.492631e-05
2.648306e-05
2.463362e-05
2.668518e-05
2.843304e-05
3.012158e-05
2.830856e-05
2.567908e-05
2.465843e-05
2.362483e-05
2.312378e-05
2.36055e-05
2.119375e-05
2.324046e-05
2.197165e-05
2.273988e-05
2.258134e-05
2.31588e-05
2.347035e-05
2.038124e-05
2.154499e-05
2.18856e-05
2.153154e-05
2.187541e-05
2.321619e-05
2.286049e-05
2.245299e-05
2.200546e-05
2.018472e-05
2.123298e-05
2.00685e-05
2.046028e-05
2.307226e-05
2.220298e-05
2.107008e-05
2.169888e-05
2.103976e-05
2.063263e-05
1.882821e-05
1.804589e-05
2.022242e-05
1.942907e-05
2.03847e-05
2.196635e-05
2.280297e-05
2.302378e-05
2.410213e-05
2.248073e-05
2.262265e-05
2.157822e-05
2.232964e-05
2.325341e-05
2.341469e-05
2.272752e-05
2.217939e-05
2.351191e-05
2.535692e-05
2.461309e-05
2.428607e-05
2.453553e-05
2.343476e-05
2.277195e-05
2.268854e-05
2.296415e-05
2.160299e-05
2.090985e-05
2.200376e-05
2.063888e-05
2.007693e-05
1.982277e-05
1.921382e-05
2.139574e-05
2.165371e-05
2.357913e-05
2.448861e-05
2.504552e-05
2.678601e-05
2.741944e-05
3.026193e-05
2.852731e-05
2.921866e-05
3.038364e-05
3.198841e-05
3.120221e-05
3.128238e-05
3.008153e-05
2.992682e-05
2.919868e-05
2.734367e-05
2.590338e-05
2.542743e-05
2.593676e-05
2.829473e-05
2.870896e-05
2.813037e-05
2.815885e-05
3.018673e-05
2.860552e-05
3.184933e-05
3.15069e-05
3.120345e-05
2.871534e-05
2.773366e-05
2.669247e-05
2.941256e-05
2.824766e-05
2.982906e-05
3.010651e-05
3.266035e-05
3.372819e-05
3.193879e-05
3.396833e-05
3.419357e-05
3.640159e-05
3.581516e-05
3.602971e-05
3.474884e-05
3.670612e-05
3.439795e-05
3.489412e-05
3.460074e-05
3.560734e-05
3.595733e-05
3.296371e-05
3.521783e-05
3.732517e-05
3.651684e-05
3.490276e-05
3.5083e-05
3.74607e-05
3.691133e-05
3.561285e-05
3.438087e-05
3.24058e-05
3.259886e-05
3.392597e-05
3.510167e-05
3.779092e-05
3.699416e-05
3.416197e-05
3.354697e-05
3.51523e-05
3.193808e-05
3.274083e-05
3.496304e-05
3.431014e-05
3.515571e-05
3.603986e-05
3.528518e-05
3.604927e-05
3.508187e-05
3.391469e-05
3.414449e-05
3.44177e-05
3.271845e-05
3.304222e-05
3.273522e-05
3.254303e-05
3.064019e-05
3.183171e-05
2.929748e-05
3.222558e-05
3.057796e-05
3.007148e-05
3.260572e-05
3.244513e-05
3.361318e-05
3.201054e-05
3.384843e-05
3.7073e-05
3.578201e-05
3.830456e-05
3.892399e-05
3.654953e-05
3.759673e-05
3.583906e-05
3.554839e-05
3.375988e-05
3.214535e-05
3.111321e-05
2.894427e-05
2.782412e-05
2.953683e-05
2.962534e-05
2.797407e-05
2.773516e-05
2.73865e-05
2.679539e-05
2.827256e-05
2.994194e-05
2.972507e-05
3.004066e-05
2.801688e-05
2.80186e-05
2.670932e-05
2.457556e-05
2.905926e-05
2.933895e-05
2.791185e-05
3.053924e-05
3.422321e-05
3.537344e-05
3.619897e-05
3.554334e-05
3.566967e-05
3.547419e-05
3.572603e-05
3.575033e-05
3.768025e-05
3.788011e-05
3.888581e-05
3.759613e-05
4.071751e-05
4.264725e-05
4.223088e-05
3.89319e-05
3.469096e-05
3.492254e-05
3.385055e-05
3.340731e-05
3.135245e-05
3.101931e-05
3.101821e-05
2.97974e-05
3.251494e-05
3.295246e-05
3.073661e-05
3.116807e-05
2.965498e-05
3.095854e-05
3.248024e-05
3.383548e-05
3.554032e-05
3.438921e-05
3.732007e-05
3.625976e-05
3.60206e-05
3.441686e-05
3.357168e-05
3.56406e-05
3.77915e-05
3.712143e-05
3.875676e-05
3.800781e-05
3.634499e-05
3.542677e-05
3.783109e-05
3.450487e-05
3.49691e-05
3.283962e-05
3.067711e-05
3.154722e-05
2.928679e-05
3.138613e-05
3.29333e-05
3.09754e-05
3.331673e-05
3.496635e-05
3.610949e-05
3.560267e-05
3.403923e-05
3.235966e-05
2.967829e-05
3.073775e-05
3.039184e-05
2.968566e-05
3.0349e-05
3.298889e-05
3.321399e-05
2.870332e-05
2.827885e-05
2.785071e-05
2.808068e-05
2.880227e-05
2.671122e-05
2.938129e-05
2.858509e-05
3.084214e-05
3.406886e-05
3.039654e-05
3.154386e-05
3.475906e-05
3.604167e-05
3.583872e-05
3.566435e-05
3.890393e-05
3.684991e-05
3.74494e-05
3.652179e-05
3.306343e-05
3.375197e-05
3.246435e-05
3.294661e-05
3.167094e-05
3.410747e-05
3.48878e-05
3.516063e-05
3.314791e-05
3.081013e-05
3.305268e-05
3.374885e-05
3.369838e-05
3.156101e-05
3.239277e-05
3.303299e-05
3.247632e-05
3.334742e-05
3.167961e-05
3.418919e-05
3.492839e-05
3.389605e-05
3.002615e-05
3.010604e-05
2.678845e-05
2.772853e-05
2.818179e-05
2.993475e-05
2.878349e-05
2.727855e-05
3.051097e-05
3.126403e-05
3.046506e-05
3.164476e-05
3.203252e-05
3.199017e-05
3.234732e-05
3.138063e-05
3.236826e-05
3.408571e-05
3.494871e-05
3.368007e-05
3.501455e-05
3.308347e-05
3.021264e-05
3.016339e-05
2.938569e-05
2.875386e-05
2.924083e-05
2.65399e-05
2.614277e-05
2.775287e-05
2.730373e-05
2.720351e-05
2.808066e-05
2.919683e-05
2.984347e-05
3.240618e-05
3.18348e-05
3.510939e-05
3.684026e-05
3.44849e-05
3.489656e-05
3.542473e-05
3.342706e-05
2.687542e-05
2.726503e-05
2.599989e-05
2.612639e-05
2.787356e-05
2.805289e-05
2.674734e-05
2.60192e-05
2.492609e-05
2.448341e-05
2.491921e-05
2.411568e-05
2.253816e-05
2.175055e-05
2.250205e-05
2.295978e-05
2.330261e-05
2.224639e-05
2.338508e-05
2.2769e-05
2.480545e-05
2.616959e-05
2.717585e-05
2.778562e-05
2.761939e-05
2.818184e-05
2.760046e-05
2.590121e-05
2.636175e-05
2.63299e-05
2.711094e-05
2.651555e-05
2.689997e-05
2.819152e-05
2.750047e-05
2.962837e-05
2.711379e-05
2.72117e-05
2.740109e-05
2.721951e-05
2.693226e-05
2.551701e-05
2.494478e-05
2.501572e-05
2.557616e-05
2.663706e-05
2.71054e-05
2.778722e-05
2.571779e-05
2.533578e-05
2.48636e-05
2.580247e-05
2.507832e-05
2.528471e-05
2.753829e-05
2.952464e-05
2.925954e-05
3.11171e-05
3.365411e-05
2.843504e-05
2.812291e-05
2.612477e-05
2.834683e-05
2.846264e-05
2.677383e-05
2.562965e-05
2.563764e-05
2.610012e-05
2.590962e-05
2.395101e-05
2.539521e-05
2.457614e-05
2.335285e-05
2.555158e-05
2.552e-05
2.738822e-05
2.705729e-05
2.622299e-05
2.478559e-05
2.596881e-05
2.802562e-05
2.636691e-05
2.729588e-05
2.768808e-05
2.632329e-05
2.496548e-05
2.64262e-05
2.673951e-05
2.745704e-05
2.687774e-05
2.658545e-05
2.505458e-05
2.591391e-05
2.328802e-05
2.159374e-05
2.135485e-05
2.057308e-05
2.152528e-05
2.031126e-05
2.063639e-05
2.032187e-05
2.08147e-05
2.105124e-05
2.069162e-05
2.250015e-05
2.243154e-05
2.294339e-05
2.200149e-05
2.267421e-05
2.261889e-05
2.336224e-05
2.323862e-05
2.111069e-05
2.136534e-05
2.058268e-05
2.231983e-05
2.24288e-05
2.219334e-05
2.346373e-05
2.54876e-05
2.401142e-05
2.49834e-05
2.605964e-05
2.577109e-05
2.682473e-05
2.556018e-05
2.625621e-05
2.564798e-05
2.641694e-05
2.515414e-05
2.565395e-05
2.558576e-05
2.45573e-05
2.209338e-05
2.191429e-05
2.229046e-05
2.23814e-05
2.144193e-05
2.332636e-05
2.298364e-05
2.527719e-05
2.464599e-05
2.507605e-05
2.822763e-05
2.908735e-05
3.17519e-05
3.246341e-05
3.223018e-05
3.261823e-05
3.15812e-05
3.305899e-05
3.251114e-05
3.357588e-05
3.403548e-05
3.048577e-05
3.119676e-05
3.221681e-05
3.146614e-05
2.934635e-05
3.136166e-05
3.263037e-05
3.159587e-05
2.805116e-05
2.889729e-05
3.108083e-05
3.458268e-05
3.230322e-05
3.383502e-05
3.783393e-05
3.739923e-05
4.170437e-05
3.926351e-05
3.477921e-05
3.581064e-05
3.861294e-05
3.993881e-05
4.143506e-05
4.002284e-05
3.699426e-05
3.431841e-05
3.587574e-05
3.375343e-05
3.3876e-05
3.213828e-05
3.24215e-05
3.16107e-05
2.916754e-05
3.06487e-05
3.376831e-05
3.52173e-05
3.782012e-05
4.203552e-05
4.376689e-05
4.54916e-05
4.263411e-05
4.092195e-05
4.127884e-05
4.079364e-05
3.812772e-05
3.620268e-05
3.647909e-05
3.424198e-05
3.190447e-05
3.375476e-05
3.443877e-05
3.278869e-05
3.2775e-05
3.468851e-05
3.81643e-05
3.915391e-05
4.063052e-05
4.592375e-05
4.25013e-05
4.27715e-05
3.969718e-05
4.001647e-05
4.238791e-05
4.372202e-05
4.093021e-05
4.034761e-05
4.094287e-05
3.760896e-05
3.897476e-05
3.618955e-05
3.520159e-05
3.581227e-05
3.35201e-05
3.399956e-05
3.162878e-05
3.001051e-05
3.018633e-05
2.833099e-05
2.739465e-05
2.703285e-05
2.770849e-05
2.778348e-05
2.801923e-05
2.741938e-05
2.808703e-05
2.731415e-05
2.602217e-05
2.48541e-05
2.473019e-05
2.41308e-05
2.471271e-05
2.355288e-05
2.046963e-05
2.071862e-05
2.277794e-05
2.276101e-05
2.383462e-05
2.511367e-05
2.601858e-05
2.478927e-05
2.364135e-05
2.389009e-05
2.140901e-05
2.059768e-05
2.041066e-05
1.979797e-05
2.111047e-05
2.089307e-05
2.084879e-05
2.157071e-05
2.259016e-05
2.310773e-05
2.369172e-05
2.501942e-05
2.319026e-05
2.27246e-05
2.12181e-05
2.059264e-05
2.151763e-05
2.374048e-05
2.375113e-05
2.317038e-05
2.543558e-05
2.85884e-05
2.772561e-05
2.924396e-05
2.692335e-05
2.758795e-05
2.799504e-05
2.864829e-05
2.759549e-05
2.832544e-05
2.684821e-05
2.772766e-05
2.760986e-05
2.755065e-05
2.604522e-05
2.515946e-05
2.655675e-05
2.574714e-05
2.737737e-05
2.525283e-05
2.644242e-05
2.545763e-05
2.359885e-05
2.25515e-05
2.1646e-05
2.417007e-05
2.343577e-05
2.471634e-05
2.545e-05
2.567275e-05
2.902454e-05
3.062162e-05
3.1798e-05
3.140638e-05
3.381518e-05
3.160292e-05
3.300613e-05
3.52301e-05
3.111254e-05
3.287815e-05
3.272005e-05
3.336819e-05
3.364185e-05
3.55724e-05
3.571964e-05
4.060132e-05
3.799118e-05
3.746569e-05
3.623943e-05
3.822221e-05
3.722987e-05
3.711041e-05
3.829973e-05
3.749256e-05
4.060736e-05
4.130331e-05
4.086143e-05
4.504326e-05
4.009485e-05
4.101402e-05
4.1147e-05
4.25974e-05
4.304754e-05
4.479193e-05
4.589913e-05
4.526689e-05
4.38664e-05
3.78365e-05
3.819313e-05
3.861862e-05
3.983763e-05
4.134687e-05
4.075108e-05
3.803872e-05
3.81225e-05
3.811228e-05
3.613678e-05
3.629993e-05
3.267201e-05
3.102886e-05
3.14451e-05
3.14534e-05
3.212651e-05
3.154907e-05
2.978166e-05
2.871146e-05
2.797953e-05
2.726607e-05
2.905626e-05
3.042527e-05
2.847469e-05
2.860173e-05
2.560247e-05
2.665071e-05
2.495484e-05
2.514266e-05
2.68151e-05
2.630911e-05
2.542644e-05
