9.25219
9.39744
9.082425
9.206869
9.111232
8.957789
9.305178
9.504832
9.479661
9.423966
9.517741
9.127835
8.72874
8.732409
8.306007
8.254203
8.304251
8.429224
8.363166
8.176752
8.335577
8.628763
8.906814
9.789595
9.240422
9.307499
9.33685
9.338518
9.399371
9.092539
9.253763
8.960834
8.920599
9.43349
9.104025
9.314036
9.122536
8.705574
8.952358
8.89374
8.591169
9.075297
9.147344
9.502911
9.265636
9.33783
9.233681
9.38436
9.574058
9.419257
9.123476
9.213895
9.175998
9.61909
9.444659
9.466032
9.0491
9.16982
9.949184
9.89631
9.933793
10.06597
10.13381
9.975051
9.136123
9.136739
9.868254
9.992616
10.35354
10.62323
10.38303
10.36228
9.551113
10.10419
10.68096
10.74733
10.84942
10.71967
11.013
10.7374
10.6106
10.53123
10.78078
11.00971
11.02763
11.16067
11.29416
11.76328
11.4936
11.7261
11.6172
11.68968
11.66199
10.94212
11.15046
10.98889
10.70382
10.71701
10.98132
10.57554
10.8246
10.5487
10.2454
10.40635
10.15867
10.14194
10.14337
10.6827
10.80794
11.20564
11.29017
11.34533
11.06658
10.93581
9.768001
9.386983
8.792154
9.131344
9.470931
9.513114
9.351975
9.667603
9.897074
9.601535
9.796836
9.409831
9.636255
9.546414
9.728447
9.741292
9.977661
10.49865
10.47439
10.96598
10.96494
11.48117
11.51933
11.34003
11.08057
10.91259
11.21261
10.5655
10.3329
10.93949
11.15434
11.18658
11.26072
11.04847
11.12206
10.62388
10.32629
10.34333
10.66373
10.67708
10.74517
10.51738
10.26571
10.20093
10.16742
10.41517
10.2941
10.11502
10.0019
9.818494
9.435584
8.939207
8.499911
8.047372
8.451457
8.420478
8.445007
8.409098
8.10631
7.893314
7.857468
7.949386
8.121109
7.948994
7.990715
8.102418
8.10898
8.428128
8.626261
8.373015
8.131023
7.741491
8.033265
8.044019
8.056813
8.04383
8.029503
7.98346
7.811891
8.277215
8.302946
8.582669
8.520388
8.951124
9.000943
9.344463
9.170545
8.987185
9.391373
9.873201
9.967843
9.914602
10.09974
10.25431
10.21634
10.22597
10.25358
10.00797
9.636473
9.930534
10.0057
10.2749
10.19864
10.27272
10.08606
10.11324
10.20398
10.01379
10.717
11.01544
11.17994
11.82321
12.09401
12.31732
12.18532
12.47333
12.6001
12.67606
13.34579
13.60435
13.39268
13.42711
13.1669
13.13123
13.17019
13.08161
13.0545
12.81541
12.77469
13.45926
13.06564
13.06978
12.88412
13.15673
13.05587
13.21672
13.68775
13.76091
13.33555
12.77112
13.35699
13.32905
13.14372
13.38106
13.44474
13.32515
13.21169
12.87929
12.64816
12.0936
12.08474
12.57319
12.87425
13.22872
13.3102
13.40024
13.39765
14.27961
14.30556
14.34234
13.92067
13.54742
13.6281
13.77068
13.45061
13.04685
12.91883
13.2198
13.17168
13.10469
13.30475
13.35333
13.64067
13.7604
13.76102
13.91416
14.18272
14.47444
15.09241
15.20789
15.12819
15.08501
15.09824
15.1408
15.36096
15.21565
15.88358
16.07719
15.91695
15.89753
15.90278
15.75295
15.46083
15.73696
15.63089
15.39462
15.49837
15.41122
14.98465
15.16784
14.92822
14.11741
14.6097
15.10775
14.83183
14.93034
15.01858
14.90831
14.96105
14.74117
14.97023
14.76298
14.59595
14.40539
14.76928
14.96933
15.25792
14.85942
15.23132
15.1936
15.31553
15.18253
15.32806
14.84107
14.17939
14.75237
15.0211
15.06067
15.67981
15.21162
15.18151
14.82019
14.66293
14.40002
14.30053
14.09517
14.08991
13.98443
13.7078
13.43935
14.19768
14.0335
14.16929
14.16376
14.51665
14.60484
15.00395
15.4397
14.93691
14.89053
15.39284
15.46702
15.39494
15.22228
15.10471
14.58102
14.45881
14.66361
14.53875
14.57114
14.457
14.12202
13.91739
13.53562
13.52269
13.81076
13.8485
13.53825
13.39301
13.38164
13.73882
13.81238
13.32938
13.31511
13.04652
13.48569
12.75237
12.49758
12.47598
12.40271
12.07673
11.94845
11.58421
11.51154
11.67735
11.96304
11.86273
11.76728
11.07677
10.57362
10.73931
10.57047
10.87414
10.40046
10.11811
9.974732
10.70217
10.66253
10.68162
11.0796
11.34784
11.52953
12.40123
12.39589
12.3603
12.70405
12.8585
13.59108
13.23869
13.26093
12.77154
12.51783
12.7801
12.80562
12.65939
13.04282
12.93608
13.0853
12.41615
12.48449
11.96488
11.90283
11.84852
12.17717
12.08006
12.21413
11.88987
11.67358
11.55037
11.29992
11.62382
12.18329
12.86181
12.81766
12.94229
13.20236
12.96353
12.98986
13.08858
12.61492
12.70757
12.55197
12.42051
12.34007
12.48081
12.27596
12.12689
12.05751
12.23265
12.4063
13.00374
13.19064
13.86903
13.63919
13.31779
13.39466
13.80718
13.83145
14.15399
13.7322
13.48635
13.01887
13.09393
12.97234
12.70942
12.81189
12.93017
13.235
13.18496
13.31848
13.73721
13.345
13.30179
13.27307
13.01003
13.07466
12.19093
11.61914
11.76318
11.7579
12.24193
12.31794
12.53989
12.37509
12.65569
12.86034
12.56364
12.32812
11.83073
11.98505
12.32758
12.35296
11.97433
12.29647
12.15627
12.25501
11.96295
11.97336
11.45611
11.51978
11.81002
11.57227
11.60717
11.31595
11.61063
11.17913
11.08202
11.24736
11.40199
11.68675
11.51093
11.76002
11.75314
11.85935
11.87693
11.98801
11.70787
11.6666
11.97984
11.51329
11.05784
10.73067
10.58565
11.05002
10.83118
10.66887
10.9759
10.91913
10.90644
10.98079
11.18525
10.98719
11.17916
11.02134
11.21014
10.88538
10.91151
11.38204
11.53052
11.53314
11.09488
11.04613
10.96443
10.32765
9.80527
10.37665
10.73579
10.81061
10.45717
10.86427
10.63984
10.27842
10.2758
10.53343
10.60763
10.58696
10.95451
11.12186
11.34712
11.91615
12.09619
12.35941
12.84609
12.91095
12.79646
12.60603
12.62686
12.14031
12.09959
12.56481
13.04478
13.16526
13.53815
13.88576
14.02132
14.02421
14.51053
14.19811
13.89469
13.84596
14.16244
14.24653
14.21806
13.56291
13.64497
14.02652
13.90677
13.91261
13.8151
13.61414
13.49489
13.46282
13.64112
13.7887
13.57648
13.73257
13.93564
14.24704
14.09105
13.94147
13.72182
13.99882
13.5519
13.68387
13.52111
12.94551
13.07933
12.88238
13.04385
13.29305
13.73922
13.6219
13.69914
13.91967
13.81714
13.32966
13.22957
13.25048
13.20308
12.75303
12.49107
12.73654
12.37829
12.31345
12.14287
12.05719
11.76078
11.9832
11.66051
11.96664
12.32722
12.43279
12.79064
12.81502
13.21316
12.93942
12.67892
12.99381
13.03966
13.2831
13.77786
13.95463
13.99422
13.78101
13.65616
13.83744
13.95579
13.64022
13.46624
13.5234
13.37397
13.10452
13.33867
13.01718
13.20072
13.97016
14.21999
14.39856
13.9782
13.80569
13.97852
14.03279
14.04745
13.85188
13.80175
13.81606
13.41931
13.41585
13.79541
13.83109
14.2323
14.92512
14.95472
15.19603
15.34778
14.75076
15.17538
15.98552
16.22615
16.2408
16.84809
17.36606
17.47047
17.55652
17.78501
18.01753
17.79297
18.27359
18.30391
18.33129
18.83005
18.89268
19.4255
19.50185
19.80805
19.34715
19.22056
19.57961
19.85075
19.99966
20.76919
20.99805
21.05362
20.85307
21.06698
20.94619
20.57004
20.90678
20.69983
20.59548
20.85624
20.4277
19.94631
19.86052
19.36875
18.93105
19.42495
19.0757
18.93462
18.89975
18.9488
18.73334
18.85876
18.86872
18.78428
18.97423
19.15912
19.3563
19.57419
19.85054
19.26416
18.82241
18.70566
18.86541
18.90231
18.46624
18.5431
18.59332
17.92443
17.28648
17.64991
17.55712
17.00173
17.27804
17.02981
16.67885
16.60305
16.25345
16.11261
16.50511
16.59392
16.90003
16.54353
16.88802
16.8647
17.25124
16.828
16.48895
16.07594
15.7657
15.48189
15.47785
15.49892
16.18954
15.98362
15.91304
15.73759
16.23924
16.41315
16.39547
16.6584
16.90122
17.39005
17.3953
17.52765
17.33295
17.78617
17.9742
18.00169
17.94718
17.35972
17.32268
16.70137
16.57089
16.47452
16.08716
16.55831
16.43549
16.85079
16.69514
16.9227
16.95031
17.02269
17.22359
16.75104
16.49242
16.58282
16.80338
16.27352
16.45418
16.49615
16.34929
16.6368
16.69128
16.39863
16.5347
17.1126
17.42695
17.40277
17.58668
17.61991
17.69459
18.06087
18.42817
18.08908
18.29824
18.44721
18.45746
18.15507
17.60856
17.91796
17.74701
17.57776
17.59772
17.57904
17.30933
17.34746
17.42429
17.3855
17.23431
16.78648
16.45066
16.55637
16.48698
15.74139
15.77143
15.75623
15.34111
15.02422
15.22599
15.17759
15.43812
15.13872
14.53869
14.54511
14.63456
15.00049
14.73889
14.86335
14.47144
14.68338
14.63083
14.64185
14.79765
14.56017
14.26488
13.80154
14.2339
14.67002
14.23745
14.31465
14.14363
13.44487
13.11693
13.40958
13.3346
13.0893
13.13385
12.98751
13.72127
13.65231
13.53514
13.6135
13.51704
13.58111
13.68654
13.83614
13.65175
13.85546
13.96725
14.01163
14.40368
14.53273
14.64944
14.37394
14.34535
14.41004
15.16946
15.3057
15.46006
15.48976
15.11964
15.67499
15.4771
15.81195
15.51945
15.61496
15.4371
15.20219
15.05335
14.75649
14.87369
14.35572
14.51312
14.57418
14.29754
14.15247
14.34136
14.41731
14.50981
14.69872
14.28452
13.95493
13.6929
13.41062
13.90065
13.72047
13.36802
13.66828
14.19055
14.09904
13.83362
13.34364
13.22979
13.06835
12.86239
13.17792
13.4188
13.52483
13.19597
13.46026
13.42243
13.8578
13.93979
13.43333
12.9875
13.14734
12.92936
12.68901
12.45131
12.54472
12.29876
12.24231
11.86121
11.68321
11.76089
12.19157
12.34439
12.07481
11.72843
11.99262
11.75484
11.71873
11.15298
10.89117
10.87051
10.96261
10.90963
10.52155
10.80892
10.94579
11.06169
11.43524
11.68063
11.55194
11.39543
11.90507
11.94748
11.97674
11.92602
12.09514
12.01839
11.9941
12.32192
12.56544
12.77982
12.32329
11.92811
11.96654
11.54004
11.46199
11.63717
11.9496
11.96889
11.85514
11.22445
11.1462
11.19668
10.73767
10.76512
10.45619
10.8428
11.12599
11.16992
10.74171
11.17682
11.21143
11.14968
10.66779
10.09808
9.79485
9.899608
10.07946
10.18782
10.76113
10.95235
10.66108
10.26762
9.824025
9.757545
9.568626
9.825813
9.741454
10.02852
9.888096
10.03722
10.05462
9.651334
9.510048
9.727356
9.985384
10.03595
10.16156
10.64575
11.33444
11.68693
11.62708
11.66479
11.83871
12.2632
12.19079
12.41189
12.57919
12.40233
12.42256
11.99112
12.57192
12.80912
12.32271
12.41607
12.04774
11.8122
11.69936
11.69777
11.69227
11.89621
11.83752
12.2074
12.75294
13.05818
13.40436
13.47776
13.34671
12.8488
12.85728
12.85398
13.20339
13.30393
13.37502
14.13272
14.35032
14.10576
13.48804
13.66846
13.36716
13.67028
13.61925
13.13481
13.37329
13.38817
13.53797
13.1302
13.15216
13.94846
13.60217
13.88255
13.77252
13.75463
13.60382
13.78361
13.89811
13.66741
13.39032
13.34978
13.71496
13.25825
13.26981
13.30133
13.37246
13.16706
12.9926
12.44465
12.25274
12.6948
12.12783
12.09012
11.91256
12.34607
12.86788
12.61051
12.17139
12.26698
12.13739
12.1573
12.06567
12.21085
12.16907
12.26597
12.1
12.4305
12.25621
12.13166
12.19263
12.25011
12.75172
12.72888
12.1949
12.16196
11.79106
11.79323
11.39208
11.21271
11.20022
11.36667
11.41408
11.7567
11.9638
11.69241
11.58439
11.79784
11.74817
11.77186
12.19293
12.06069
11.85661
11.92697
11.94508
12.13897
12.14664
12.42377
12.8469
12.56433
12.5004
12.41559
12.23335
12.37339
13.34519
13.33847
13.32589
12.9726
12.76494
12.57084
12.73955
12.89036
12.9242
12.99561
13.3523
13.40684
13.23485
13.39474
13.387
13.69992
13.34397
13.67108
13.36025
13.52036
13.46587
13.69397
13.31593
13.20816
13.36591
13.74327
13.4084
13.35244
13.31324
12.70317
12.40159
12.26635
12.71836
12.89059
12.70718
12.94965
12.80387
12.88207
12.69245
12.50921
12.6891
12.6757
12.67977
12.74524
13.24238
13.19041
12.86639
12.78298
12.69604
12.14294
12.30574
12.01454
12.21954
12.57392
12.629
12.43537
12.31003
12.10028
12.1716
12.51396
12.01913
11.51897
11.4306
11.31677
11.41149
11.93154
11.70786
11.77376
11.89737
12.28575
12.23637
11.80209
11.69006
11.73557
11.97295
12.35887
12.25661
11.9994
11.93286
11.8926
11.8474
11.94806
11.83458
11.94772
12.13107
12.02166
11.74952
11.68051
11.28185
11.23708
10.92238
10.64155
10.43331
10.58124
10.70017
10.91271
11.04983
10.95473
10.64582
10.90355
11.03793
11.05615
11.28153
11.49105
11.83065
11.89733
11.20505
10.96335
10.86979
11.10408
11.18579
11.47621
11.5036
12.01132
11.77435
11.73045
11.82773
11.57151
11.21269
10.80012
10.54918
10.5266
10.62403
10.69917
10.89009
10.96414
11.10432
10.70393
10.64212
10.44117
10.26303
10.57657
10.33611
10.27789
10.59117
10.64671
10.73102
10.99809
10.47293
10.38794
10.42893
10.40134
10.37539
10.6838
10.64188
10.29444
10.34665
10.12722
10.27909
10.65715
10.81354
10.8345
10.66634
10.48246
10.57619
10.83258
10.60033
10.75955
10.77805
10.55837
10.12752
10.09046
10.15371
10.16171
9.913804
9.872342
9.892871
9.605657
9.514248
8.967339
8.885397
8.240428
8.085297
8.226024
8.325425
8.403227
8.282842
8.381454
8.284157
7.984743
7.991361
7.650479
7.663507
7.959646
7.890204
8.440949
8.975144
9.159589
9.278326
9.203338
9.071751
8.830515
9.268894
8.872297
9.178527
9.503154
9.643291
9.58342
9.766474
9.704629
9.227485
9.557672
9.818896
9.706459
9.484625
9.916855
9.918378
9.592589
9.170784
9.089123
8.859407
9.239032
9.220221
9.588106
9.80698
10.25936
9.948
9.953013
9.782312
9.884755
9.360498
9.347397
9.454843
9.085467
8.947926
8.956966
8.720566
8.826412
8.819919
9.184256
9.622636
9.672449
9.720973
9.994666
10.35944
10.0258
9.819748
10.34082
10.15372
10.80529
10.82017
10.83002
10.33852
10.13013
10.16388
10.04212
9.507996
9.782048
9.644105
9.735896
9.559013
9.813598
9.313847
9.488722
9.569359
9.593327
10.07334
10.13481
10.58292
10.56403
10.84152
10.66926
10.55915
10.50188
10.32239
10.26983
10.70369
10.73151
10.71171
11.08839
11.27391
11.69973
11.74568
11.6259
11.949
11.89306
12.13937
11.56548
11.22558
11.09534
11.20614
11.30011
11.30367
11.56937
11.03116
10.7635
10.52355
10.71429
10.34054
11.01625
11.47475
11.76412
11.60969
11.74818
11.9734
11.43651
11.7579
11.80836
12.24896
12.06226
12.05376
11.92459
11.56834
11.42796
11.31103
11.34009
10.89489
11.25558
11.22165
10.78429
10.79148
10.81934
10.92332
10.7227
11.05563
10.63732
10.7117
10.38349
10.25875
9.819594
10.01559
10.35828
10.91206
11.10256
10.6966
10.26
10.43241
10.41024
10.3299
10.48994
10.24062
10.81859
10.87093
10.59048
10.27324
9.751899
9.768749
10.18305
10.48744
10.48263
10.88588
11.28348
11.04785
11.26159
11.5608
11.80125
11.99379
11.9702
11.42797
11.46005
11.62256
11.54473
11.11448
11.10742
11.12682
11.02997
10.34288
10.15539
9.954044
9.711443
9.604299
9.545487
9.382891
9.336153
9.338742
9.666389
10.46473
10.63966
10.12021
10.34745
9.718458
9.975384
10.16188
10.33011
10.10476
10.00697
10.24263
10.52637
10.73259
10.40364
10.24706
9.996148
9.762065
9.433072
9.368874
10.11585
9.870841
10.03553
10.08892
10.04616
10.00113
10.08092
10.48703
11.0287
11.38253
11.47227
11.1905
11.23281
11.30471
11.5251
11.21581
11.48751
11.72679
11.84201
11.36387
11.07561
11.38867
11.51593
11.75735
11.47654
11.92846
12.03194
12.01536
11.91639
11.41736
11.015
10.97984
10.32839
10.78609
10.80785
11.11655
11.08382
11.00027
11.25139
11.34115
10.8179
10.92799
10.86806
11.14748
11.01423
11.23606
11.08646
10.79354
10.33682
10.54097
10.75603
10.86447
11.05174
10.73781
10.78955
10.91822
10.79157
10.81894
11.10336
11.04719
11.34126
11.11369
11.32576
11.91064
12.23346
12.23833
12.00685
11.8785
11.78162
11.32958
11.06053
10.54405
10.63654
10.78015
10.59108
10.73994
10.84828
10.83727
11.05036
11.14212
11.40955
10.81514
10.52119
10.64068
11.00852
11.28829
11.64363
11.76064
11.93968
12.12878
12.2336
12.57916
13.21226
13.02142
12.77501
12.64288
12.20361
12.22681
12.53166
12.28364
12.50653
12.71981
13.26076
13.68261
13.95707
14.39357
14.26022
14.10201
14.15291
13.85405
13.96366
13.91761
13.68343
13.34274
13.3873
12.8318
12.59804
12.98227
12.73644
12.33088
12.21381
11.88008
11.84837
12.05398
12.40252
12.12631
12.20362
11.97245
11.97171
12.06815
11.33537
11.46312
11.34567
11.56101
11.62062
11.35404
11.41638
11.17491
11.22589
11.7982
12.10314
12.12342
12.24148
11.45904
11.30744
11.41347
11.88506
11.63916
11.49267
11.81525
12.39246
12.63368
12.75263
12.84394
12.84858
12.91098
12.65452
12.65558
12.4837
12.72043
12.47722
12.64035
12.4719
12.28571
12.50317
12.48448
12.39462
12.5293
12.64595
12.51111
12.38623
12.33515
12.12709
12.03707
12.38688
12.58004
12.45091
12.08306
11.97942
12.22795
12.64003
12.47716
12.23772
12.02998
12.29756
12.25043
12.46719
12.31723
12.3438
12.63234
12.78414
13.31973
13.33232
13.79681
14.13111
14.51812
14.03675
13.34437
13.3738
13.26433
13.33877
13.368
13.64528
13.23698
13.65565
13.36702
13.43146
13.33701
13.01205
13.09509
13.25555
13.06795
12.65893
12.44233
12.08166
12.02238
12.30013
12.28831
12.23364
12.0637
12.12877
11.96554
12.08101
11.89712
11.59981
11.54884
11.75519
12.16207
12.02542
12.11001
12.43475
12.82478
12.71623
12.81994
12.75731
12.97345
13.3388
13.16337
12.92057
13.13303
13.36618
13.3399
13.39509
13.72553
13.53701
13.28294
13.73312
14.50112
14.9085
14.84708
14.82831
14.81699
14.85208
14.87342
15.29428
14.91879
14.99028
15.23642
14.99765
15.35229
15.56122
15.02385
14.61423
14.80151
15.11545
15.10861
15.32451
15.33998
15.25815
15.36756
15.31654
15.2489
15.29463
15.21852
15.22325
15.22206
14.84936
15.18527
15.08786
15.06163
15.22782
14.92686
14.52432
14.49983
14.3001
14.15247
14.11097
14.49112
15.26524
15.43396
15.35117
15.911
16.5143
16.47791
16.24021
16.65101
16.62478
16.4305
16.62267
16.1671
16.20199
16.00889
15.41308
15.91079
16.23414
16.21383
16.27838
16.2861
16.42238
16.59245
16.54143
16.86579
16.86433
16.90528
16.77469
17.16117
17.31272
17.64667
17.80437
17.64049
17.90729
17.8278
17.70733
17.77708
18.06668
17.95713
17.8819
17.56434
17.7325
17.49627
17.81585
17.25736
17.35974
17.53828
17.9832
17.87997
18.54612
18.72579
18.34249
18.46143
17.55973
17.48327
17.67298
17.88128
18.27303
18.13564
18.33272
18.60378
18.59741
18.37201
18.44196
18.77668
19.23841
19.10986
18.78633
18.83115
18.96562
18.86711
19.08219
19.21474
19.42427
19.95984
20.23039
20.33389
20.12281
20.0961
20.33242
20.49266
20.60167
20.71097
20.85172
20.72895
20.47725
20.73825
20.66428
20.22361
19.87812
19.48775
19.88209
19.74857
19.36893
18.88772
19.22159
19.16837
19.06361
19.31797
19.33758
19.09089
19.29887
19.65826
19.87429
19.33727
19.32872
19.08668
19.40077
19.42518
19.52365
19.5819
19.60739
19.55009
19.46842
19.55756
19.88991
19.78655
19.7764
19.48471
19.57817
19.53368
19.11081
18.63504
18.43282
18.29563
18.27938
18.21738
18.20147
17.78107
17.34559
17.37385
17.60286
17.81732
17.87836
18.03771
18.44669
18.26293
18.09287
17.87205
17.57393
17.60396
17.88716
17.71493
17.75563
18.21615
18.65842
18.40453
18.2931
18.54328
18.62412
17.99713
18.16096
18.96452
19.02281
19.34242
19.12624
19.43633
19.53604
19.68835
19.72725
19.75965
20.02855
20.015
19.92116
19.67489
19.59104
19.46458
19.27727
19.15995
19.86112
20.54067
21.0667
21.16296
21.12956
20.83797
20.54979
20.51895
20.63604
21.11903
21.20932
21.10093
21.02623
20.65995
21.08202
20.60187
19.82608
19.54862
20.23932
20.31169
20.60624
20.81753
21.1137
21.23682
21.45068
21.30344
21.04565
21.09304
21.55307
21.26384
21.48863
21.34851
21.32071
21.58335
21.69857
21.62022
21.6198
22.01127
22.12672
21.82561
21.52884
21.37361
21.69069
21.88821
21.83558
22.16389
21.92404
22.29788
22.31537
22.53235
22.51509
22.05759
21.692
21.20486
20.83389
20.62081
20.39117
20.25012
20.55542
20.46039
20.47398
20.32868
20.55281
20.52486
20.56941
20.80608
21.14914
21.23445
21.51925
21.70643
21.43925
21.82814
22.04849
21.96558
22.01174
21.72229
20.9886
21.18194
20.96026
20.52711
20.29011
19.98521
20.18299
20.08899
20.07068
19.74332
19.24911
19.45872
19.63896
20.06998
19.64779
19.58213
19.68325
19.96708
19.97721
19.76049
19.86033
19.35795
19.10718
19.21506
19.25198
19.54374
19.27218
19.13009
18.95511
19.14343
19.64263
19.42401
19.51155
19.04285
19.34595
19.69929
20.34015
20.69794
20.99112
21.35744
21.32527
21.02107
20.9147
21.12473
20.66938
20.40237
20.29686
20.45344
20.47483
20.21929
19.86365
19.96932
19.60783
19.50393
19.29376
19.42276
20.06977
20.06839
20.03544
20.02785
19.96699
20.07149
19.74992
19.57195
19.90473
19.91204
19.93883
19.66028
19.49556
19.69658
19.51416
19.75418
19.64561
19.67402
19.36858
19.23717
18.5096
18.74223
18.38828
18.31565
19.10746
18.7352
18.94405
18.73544
18.72815
18.2607
17.85713
17.54565
17.38584
17.24938
17.36477
17.17523
17.0566
16.64669
16.36311
16.14539
16.59501
16.54504
16.57848
16.3747
16.71112
17.14191
16.8528
17.09931
17.22144
16.91171
16.99093
17.08181
16.68262
16.67673
16.49542
16.52301
16.46097
16.24367
16.06537
16.31864
16.31717
15.88088
15.52208
15.27947
14.89156
14.97195
14.80208
14.71618
14.97693
15.26153
15.58586
15.33445
15.8192
15.49317
14.72999
14.69504
14.08493
14.23257
14.25932
13.93291
13.51935
13.67964
13.57162
13.38721
13.4691
14.06304
14.08483
14.12497
14.22224
13.99947
13.95975
14.02039
14.23383
14.21942
14.45883
14.54662
14.64792
14.59134
15.11692
15.03857
15.0306
15.72106
15.71779
15.95248
15.71242
15.74629
15.66503
15.42044
15.50276
15.37051
15.25416
15.59642
16.33345
15.93303
16.2184
16.12759
15.21022
15.27629
15.3661
15.49959
15.21757
15.72802
16.19413
15.84758
15.82226
15.6234
15.44743
15.74978
15.79907
15.62323
15.37562
15.11607
15.0139
15.29158
15.87449
16.31447
16.64827
16.61598
16.86701
16.92336
17.25458
17.35486
17.66585
17.74902
17.80224
17.71774
17.70876
17.44629
17.69383
17.68847
17.71531
17.56886
17.68225
17.7395
18.04905
18.40896
18.2016
18.19752
18.04055
17.5783
17.52177
16.75484
16.62781
16.63219
16.54844
16.6118
16.49766
16.31066
16.67565
17.05698
17.17371
17.06198
16.94177
17.26568
17.32019
17.9508
17.2184
16.9551
17.20371
16.95429
16.84419
16.91262
17.04966
17.28447
17.47986
17.56227
18.00497
17.55291
17.58277
17.35392
17.12482
17.02953
16.99469
16.72409
17.2482
17.28295
16.5089
16.74387
16.43771
16.12753
16.08529
16.602
16.79174
16.60132
16.92617
17.30378
17.9882
18.22385
18.05052
17.96598
17.98677
18.4494
18.07526
17.82144
17.69133
17.70942
17.62857
17.8627
18.34094
18.24158
18.52003
18.95605
19.61927
19.65417
19.85206
19.72468
19.46455
19.19384
19.24223
18.78634
18.6464
18.75237
18.768
18.69474
18.15323
17.92565
18.01527
18.04531
17.91839
18.09959
18.09047
18.00277
17.77242
17.37517
16.77904
16.37852
16.65213
16.59546
16.9528
17.14033
16.96829
17.38642
17.47595
17.7425
17.67237
17.30332
17.26795
17.56311
17.69773
17.80451
18.17946
18.20355
18.07981
18.35118
18.4637
18.41609
18.31722
18.37621
18.1571
18.33807
18.22599
18.54192
18.59033
18.53728
18.57804
18.82084
18.86803
19.06033
18.99956
19.17761
19.42705
18.8992
18.68103
18.12606
17.80745
17.3171
16.90272
17.34901
17.31673
17.26645
17.22486
17.27057
16.98769
17.18707
17.1687
16.80138
17.08012
17.07528
16.75067
16.91408
17.40463
17.25434
17.35799
17.25347
17.14307
17.68976
17.55361
17.663
17.66867
17.54936
17.32227
17.59642
17.45829
17.53493
17.48141
17.7322
17.82686
17.75016
17.38255
17.20931
17.12558
16.86227
17.24213
17.56018
17.24216
17.02079
16.62575
16.77447
16.93212
17.00224
16.80039
16.63283
16.96955
16.93867
16.5612
16.39684
15.94691
15.47238
15.2542
15.65168
16.14975
16.54082
16.84716
16.7288
16.95515
17.41073
17.18179
17.43543
17.54685
17.60045
17.84324
18.06058
18.16845
17.4651
17.4264
17.87294
17.79005
17.32123
17.50203
17.05637
16.805
16.71159
16.55638
16.63232
16.73346
16.7036
16.87563
17.46442
17.30233
17.46424
17.41693
17.52174
17.37304
17.43856
17.94386
17.9495
18.24376
17.81089
17.50307
17.67216
17.51151
17.56283
17.15281
16.71518
16.75948
16.93997
17.54268
17.7075
17.78296
17.99951
18.08509
18.00927
18.35996
17.99479
17.77243
17.96532
18.40399
18.52677
18.47268
19.05533
19.90282
20.09133
20.30212
21.05957
20.7268
20.49735
20.55436
20.33703
20.34186
20.38024
20.13072
19.75648
19.74025
19.28442
19.33194
19.28183
18.81941
18.01651
18.07352
18.17311
17.9493
17.77339
17.68229
17.64534
17.82887
17.98488
18.43194
18.21291
18.2725
17.9971
17.79002
18.22226
17.94977
17.7587
17.82657
17.57569
17.37525
17.3055
17.91271
17.8201
18.2464
18.21756
18.21374
18.16591
18.13128
17.53317
17.56357
17.43188
17.21669
17.24744
16.91027
17.25299
17.16666
17.21726
17.31299
17.62875
17.71446
17.83984
17.7681
17.77377
17.76166
18.05786
18.66244
19.1276
19.24405
19.25081
19.39107
18.9936
19.10757
19.65466
19.58196
19.62307
19.84417
19.70519
19.81642
19.13737
18.5095
18.577
18.17255
18.6779
18.5023
18.41046
18.61315
18.49452
18.60204
18.13851
18.0158
17.80121
18.13892
17.51226
17.09196
16.93506
17.02723
17.46384
17.44596
17.16609
17.68309
17.35894
17.6798
17.52574
17.27502
16.60444
16.41897
16.36128
16.50625
16.39077
16.11433
16.19847
16.20587
16.25873
16.40455
16.51486
16.40335
16.64165
16.24078
16.55409
16.28794
15.97592
15.59737
15.27909
15.19712
15.34605
15.16929
15.28096
15.72666
16.28256
16.38316
17.17775
16.93045
16.76619
16.89767
16.90645
16.37221
16.43781
16.60273
16.86951
17.19359
16.97401
16.39159
16.32863
16.70875
16.87014
16.65507
16.38481
16.01446
15.70065
15.50766
14.83087
14.94714
15.07843
14.31413
14.19924
14.48211
14.70381
14.6721
14.77989
14.35421
13.81682
13.58778
12.86952
12.92787
13.17769
12.79669
12.90495
12.97412
13.06529
12.84809
12.68556
13.51558
13.58806
13.3401
13.33401
13.03751
12.59811
12.36471
12.72086
12.66299
12.80983
12.87483
12.77203
12.75808
12.5456
12.42061
12.37286
12.49477
12.45325
12.06746
11.8202
11.81069
11.84353
12.1328
12.11321
11.77562
11.47145
11.18526
11.54873
11.32348
11.36281
11.26875
11.39274
11.09559
10.98121
11.21405
10.69031
10.00565
10.03312
9.706432
9.674371
10.28096
10.03823
9.820401
9.855834
9.669597
10.11864
10.09916
9.974755
9.604551
9.48288
9.480538
9.786538
9.432415
9.545818
9.255594
9.298696
9.527486
9.625233
9.886782
9.965992
10.01646
9.78619
9.642765
9.462938
8.884934
8.823873
8.988824
9.507964
10.0934
10.40221
10.7264
11.0163
10.63259
11.07099
10.46271
10.68546
10.76604
11.19663
11.44099
11.77124
12.16583
12.41786
12.79423
13.02558
13.04729
12.84262
12.76056
12.93057
12.64623
12.30586
12.11201
11.74834
11.55493
11.35974
11.14418
11.231
11.17148
11.1818
11.18573
11.29082
11.88391
11.79977
11.34696
11.40164
11.3469
11.01027
10.89824
10.98061
10.82539
10.98321
10.50318
10.22427
10.31502
10.02264
10.16105
10.02217
9.677159
9.441111
9.86384
9.911069
9.400316
9.359736
9.209982
8.6778
8.456799
8.695027
8.430005
8.53583
8.520783
8.365405
8.096772
7.940727
8.446593
7.907146
7.540353
7.208981
7.410011
7.057892
7.307244
7.005275
7.108561
7.365285
6.623749
6.303751
6.506133
6.840694
6.816821
7.251953
7.113493
7.428753
7.676492
8.09622
8.066827
7.977684
7.795134
7.578641
7.219818
6.812677
6.895715
6.966038
7.233657
7.298969
7.025836
7.375672
7.298866
6.844383
6.817655
6.585735
6.493355
6.627242
6.854387
6.842982
6.650801
6.535549
6.341676
6.21174
6.094485
5.967323
6.230857
5.912188
5.832037
5.591753
5.616976
5.656817
5.720014
5.70529
5.525923
5.671435
5.567026
6.072535
5.858122
5.921481
6.044211
6.531448
6.766794
6.95258
7.08203
6.871311
6.884838
7.488446
7.457501
7.601592
8.034825
8.038157
7.519756
7.352908
7.915096
8.159261
8.205334
8.101133
8.451888
8.549039
8.715343
8.788172
8.96493
9.576876
8.979733
9.143747
8.991134
8.940772
8.485104
8.672787
8.170264
8.076263
8.004609
7.554867
7.579074
7.427791
7.686767
8.211913
8.529971
8.605978
8.827034
8.329776
8.237875
8.363571
8.437704
8.85014
8.977081
8.949857
8.854048
8.750386
8.946105
8.862319
9.002016
9.198073
9.248214
9.429457
9.821312
10.01145
10.38783
10.32327
10.48393
10.77353
10.84529
10.43139
10.44286
10.06745
9.495725
10.05615
10.31157
10.4816
10.52733
10.29601
10.24777
10.24959
9.833489
9.791939
9.844834
9.628137
9.303194
9.576919
9.51641
9.938458
9.73222
9.407089
8.95064
8.38311
8.603146
9.24819
9.175206
9.242408
9.578704
9.297129
9.260733
9.964824
9.913757
9.882642
9.815181
9.790285
9.918605
10.24506
10.5278
10.56423
10.25143
9.931658
10.17272
9.541669
9.711082
10.23084
10.30361
10.79847
10.99313
10.96098
10.79993
11.00745
10.90193
10.61256
10.79859
10.82743
10.42948
10.41862
10.48409
10.72998
10.62163
10.73115
11.18709
11.32536
11.00999
10.67422
10.74964
11.01055
10.80912
10.63491
10.99462
11.32246
11.16205
11.01668
10.89239
10.81457
10.91742
11.00518
11.42764
11.30307
11.32767
11.56373
11.5889
11.89026
12.09283
12.06147
11.88181
11.75551
11.59582
11.28713
11.08772
11.08978
11.0998
10.98387
10.56724
10.74263
10.3595
10.26878
10.16425
10.617
10.56773
10.03154
10.09381
9.927642
10.31969
10.61585
10.70689
10.76754
10.90874
11.0408
11.44685
11.44
10.70873
10.53163
10.42934
10.49858
10.28481
10.33297
10.38419
10.04898
9.657047
9.273254
8.902767
9.14084
9.323675
9.376128
9.403732
9.606324
9.659593
9.738338
9.822046
9.907961
10.12528
10.11887
10.12321
9.962434
9.659902
9.547954
9.855952
9.507151
9.396874
9.246753
9.235059
9.129304
8.996362
9.094671
9.472323
9.63877
9.624323
9.830276
10.23443
10.13537
10.62887
10.09787
10.32066
10.86802
10.34403
10.14997
10.15995
10.35253
10.75033
10.92644
10.6341
10.63867
10.3831
10.32083
10.32686
10.67555
11.05886
11.14976
10.90111
11.05711
11.11909
10.80456
11.28488
11.26197
11.14283
10.41395
10.33601
10.70289
11.33141
11.47717
11.81127
11.71545
11.83998
12.02604
12.49346
12.94449
13.15918
13.07641
12.35312
12.32966
12.37316
12.37534
12.75956
12.42757
12.84408
12.87625
13.0506
13.30994
13.57183
13.57199
13.80812
13.80668
14.1242
14.45367
14.4612
14.57283
14.85466
15.09993
15.51359
15.377
15.20472
14.69801
15.158
15.00076
14.8735
15.072
14.95003
14.89399
15.22656
15.11012
15.23794
15.20541
14.93405
15.10447
15.19438
15.33338
15.74963
15.06021
15.71722
15.942
16.69185
16.76764
16.84139
16.71581
17.01135
16.43634
15.87519
15.41781
15.35425
15.49668
15.22642
15.56181
15.62861
15.82194
15.76309
15.47817
15.53873
15.61349
15.94291
15.95935
16.0176
15.95391
15.51657
15.4759
15.97001
15.87255
16.12912
16.5537
16.19205
15.96137
16.01675
16.24583
16.11069
15.60011
15.61082
15.71341
16.10347
15.56781
15.48828
14.67806
15.02497
15.503
15.83789
15.59313
15.51133
15.25194
15.35002
15.42547
15.68154
15.86787
15.69163
15.5148
15.72689
15.82533
16.04087
15.77232
16.24711
15.82592
15.92405
16.61012
16.57554
16.66362
16.27333
16.11677
16.28634
16.67894
16.51686
16.79072
16.79365
16.94688
17.06181
18.18947
17.98456
18.19014
18.197
18.09503
17.80046
18.13785
17.94864
18.33815
18.67437
18.65259
18.73356
18.755
18.95675
19.24162
19.37707
19.60937
18.97902
19.02573
18.87955
18.89653
18.91869
18.6444
18.97644
19.44283
19.00397
19.26893
18.8088
18.43985
18.33903
18.5466
18.09951
18.35945
19.14607
18.87579
18.56898
18.36632
18.51349
18.6533
18.75147
18.07197
18.67039
18.8135
19.04112
18.71051
18.62999
18.7153
18.98883
19.27291
19.73391
20.26599
20.2157
20.37095
20.3901
20.39808
20.84375
21.16284
21.42539
21.53876
21.57091
21.61852
22.02826
22.06037
22.40202
22.40633
22.62246
22.81116
22.89019
23.11366
22.81835
22.71657
22.76886
23.07424
23.36996
23.18346
23.04531
22.71748
22.61398
23.01693
23.10819
23.32631
23.35801
23.33092
23.7397
23.70065
23.98469
24.09034
23.92875
23.69772
23.71132
24.14804
24.07542
23.84663
24.16762
23.93307
23.52249
23.02626
22.96659
22.86601
22.53682
22.71152
22.85119
23.17554
22.71151
23.25167
23.39613
23.4359
23.204
23.38792
23.44941
23.66565
23.80279
23.57954
23.63234
23.72697
23.64163
23.61189
23.37492
23.83086
23.82977
23.96742
24.08945
23.96816
24.13166
24.34595
24.50195
24.50324
24.81618
24.46686
25.20781
25.00726
25.04262
24.72581
25.12491
24.91327
24.87167
24.77802
24.89777
25.09125
25.58348
25.90704
26.17784
25.79695
25.56095
24.89662
24.45976
24.7615
24.61468
24.34773
24.13577
24.74741
25.13648
25.45767
25.49754
25.03296
25.18185
24.60218
24.41424
24.14977
23.93048
24.01354
23.70371
23.60108
23.03828
22.77605
22.87669
22.51583
22.45895
22.53356
22.49037
22.52551
22.17388
22.26552
21.79549
21.55443
21.76123
21.86849
22.05845
21.73199
21.94035
22.0898
22.27998
21.93622
21.89014
21.86817
22.35472
22.64684
22.71951
22.67196
22.46014
22.83053
23.11076
23.22978
23.06337
22.47922
22.19712
21.9702
21.73191
22.1597
22.63962
22.5591
22.57147
22.10198
22.34599
22.22859
21.89439
21.75672
21.55511
21.51389
21.62904
21.27625
21.3507
21.34485
21.21768
20.98722
21.24422
20.74342
20.17486
20.35273
20.16265
20.26916
20.35037
20.35585
20.33432
20.5823
20.65353
20.82682
20.63319
20.7053
20.42708
20.18615
20.04818
20.62071
20.40844
20.15133
20.00222
20.07674
20.35395
20.50471
20.20729
20.05754
19.51388
19.22763
19.1064
19.65552
19.59592
19.42221
19.82832
19.50658
19.9507
19.69631
20.37084
20.20827
19.86185
20.12053
19.73831
19.56506
19.7572
20.19852
20.79038
21.02461
21.06089
21.46824
21.29524
21.30554
21.12163
20.81006
21.08746
21.50011
21.63068
21.63809
21.72256
22.1514
22.46203
22.01015
22.05706
21.87603
21.77172
21.7814
21.14136
21.49256
21.80178
21.14765
20.86582
21.10393
21.00386
21.03553
21.28547
21.35164
20.73317
20.66453
20.88335
20.73636
20.56423
20.6827
21.013
20.92427
20.55644
20.68847
20.9532
20.97137
21.35788
21.73377
21.5783
21.4623
21.34566
21.17302
20.86071
21.19514
21.32666
21.52716
21.77643
21.77686
21.53532
21.14619
20.80056
20.83365
21.29553
21.81669
21.61223
21.19199
20.75696
20.51101
20.66078
20.49672
20.13532
20.10656
20.03153
19.91484
20.25573
19.79926
20.00895
20.15487
20.00582
19.70768
19.64004
20.02284
20.23083
20.25091
19.96145
20.18954
20.0519
20.23452
20.07934
20.01993
20.14878
19.97442
19.65832
19.68974
19.66191
19.71568
19.34729
19.53159
19.61244
19.60232
19.88305
19.7628
19.3341
19.26432
18.89703
18.38432
18.16736
18.76551
19.01874
19.2621
19.11447
19.15644
18.99648
19.287
19.26571
19.34776
19.72958
19.52517
19.7104
19.65592
19.83219
19.52496
19.60418
19.88353
19.68167
20.04704
19.93331
20.55813
20.28319
20.25475
20.32152
20.67524
20.90728
20.91163
20.53584
20.45124
20.40169
20.70945
20.65658
20.88583
20.92026
21.32482
21.24416
21.44001
21.47577
21.15618
21.24593
21.80277
22.25727
22.59718
21.997
22.01194
22.02372
21.47549
21.45188
21.25166
21.269
21.5641
22.08308
22.25834
22.65803
22.37538
22.29325
22.70043
22.84459
22.51481
22.38999
22.77324
22.73003
22.84862
22.82594
22.54904
22.97027
22.90992
22.34703
21.98721
22.00241
21.81904
21.90915
21.85114
21.64735
21.08686
20.75759
20.83212
21.05483
20.51325
20.65197
20.60438
20.88632
21.10163
21.32525
21.19092
21.31327
21.35987
21.1264
21.40407
21.77508
21.57521
21.2485
21.06395
20.7105
20.45639
20.01422
19.66114
19.66275
19.53063
19.70229
20.12966
20.32227
20.43779
20.29216
20.43598
20.38704
20.96025
21.26646
21.3996
21.53996
20.88918
20.49582
20.13041
19.80666
19.6784
20.04244
20.11591
19.78533
19.55093
19.43181
19.25034
19.20752
18.75538
18.88392
19.08233
19.4185
18.97085
18.9984
19.55513
20.24051
20.53414
19.87516
19.75232
19.75143
19.93526
19.53031
19.27912
18.52268
18.5914
18.41391
18.13298
18.05405
18.1016
18.19701
18.38282
18.22208
18.76738
18.16235
17.8167
17.50206
17.21175
16.99784
16.84556
17.35795
17.12202
17.42314
17.28012
17.54543
17.24361
17.3922
17.51537
17.58757
17.53036
17.56982
17.37848
16.86999
16.78719
16.63778
16.4601
16.49558
16.50791
16.16087
15.94608
15.70928
15.88149
15.48028
15.68413
15.84007
16.14202
16.49102
16.99992
17.09079
17.49272
18.03747
18.01588
17.74639
17.80253
17.75899
17.97094
17.872
18.21318
18.38585
17.6931
17.52918
17.2987
17.43323
17.10879
17.46678
17.43248
17.53053
16.73199
17.00995
16.55644
16.6155
17.1155
17.0031
16.87869
17.21362
16.81685
17.44896
17.19123
16.92284
17.58566
18.06687
17.87258
17.85425
17.8602
17.89711
18.01146
18.17662
18.67996
18.52398
18.69899
18.38091
18.3433
18.15356
17.85357
17.53906
17.42905
17.93389
17.80664
17.63531
17.46811
17.44421
17.72708
17.98269
17.98956
17.85762
17.96098
17.7015
17.50737
17.41563
17.12129
17.52349
17.49421
17.40465
17.36193
16.81023
16.91007
16.86935
17.16035
17.10833
17.21638
17.34638
17.8809
17.99381
17.83464
18.03457
18.11831
17.29583
17.70035
17.24131
17.24766
17.08565
17.54891
18.12327
18.25991
17.59022
17.52264
17.93744
18.2554
18.26595
18.75948
18.92015
19.24665
19.57268
19.55233
19.45494
19.77637
20.1008
20.05907
20.02262
20.5708
20.18125
20.10415
20.4194
20.43204
20.49575
20.58729
20.86382
20.61432
20.68533
20.66903
21.16148
20.87231
20.38719
20.25952
19.97214
19.95514
19.93214
19.58191
19.70731
19.70434
19.93898
20.07196
20.09542
19.87758
19.9297
20.14758
20.17127
20.76533
20.44808
19.7664
19.41029
19.28693
19.13243
18.8284
18.80694
18.68199
18.58704
18.34058
17.83062
17.61557
17.53447
17.67065
17.70334
17.86447
18.03026
18.24367
17.81809
17.43695
17.49027
17.29773
17.61484
17.04112
16.87059
16.83235
16.56238
16.71818
17.33735
17.34326
17.24582
16.63712
16.49497
16.62872
16.40105
16.66331
16.69656
17.05924
17.38966
17.40419
17.91997
17.96468
17.17664
16.86527
17.45341
17.9152
17.5666
17.73374
17.76365
18.15301
17.82045
17.91541
17.94524
17.7537
17.21069
16.94911
16.96706
16.84783
16.71369
15.86368
15.78436
15.64221
15.85404
15.6068
16.07413
16.16658
16.43664
16.36158
16.67304
16.58857
16.60593
17.18607
17.37434
17.5322
17.84192
18.08638
18.39305
18.49652
18.50424
18.52694
18.11823
18.15478
18.01057
17.91
18.05305
18.06072
18.30318
18.00139
17.71695
17.74513
17.32507
17.12479
17.36509
17.253
17.08
17.3583
17.55228
17.48915
16.76867
16.20889
16.37701
16.63135
16.81239
16.9006
16.7215
16.53013
16.77617
16.70042
16.71906
16.20772
16.27697
16.59687
17.26875
17.37993
17.62817
17.15466
16.98243
17.49926
17.43421
17.68394
17.32961
17.79509
18.06912
17.65299
17.72652
17.71559
17.74868
18.0636
17.43359
16.84787
16.69045
16.95429
17.2798
17.24003
17.36686
17.10087
17.74077
17.5045
16.84993
16.20736
16.29312
16.25995
15.92976
16.00864
15.85531
15.45303
15.30351
15.37947
15.5695
15.54707
15.3544
15.68429
15.57404
15.2603
15.66439
15.50865
15.1896
15.43518
15.42229
15.61067
16.19475
16.08358
16.42332
16.61361
16.69394
16.96282
17.29272
17.37613
17.14936
16.95073
16.76158
16.02982
15.97253
15.99297
15.99275
15.76779
15.74175
16.30549
16.53351
16.7921
16.99722
17.75536
17.94463
18.6927
18.72243
19.19696
19.87045
20.0436
19.66535
19.69837
19.6314
20.22755
20.38715
20.78506
20.92339
20.54511
20.38436
20.45419
20.06283
20.05128
20.0169
19.85406
19.61571
19.21606
18.72496
18.64257
18.91182
18.70023
18.53903
18.36393
18.1641
18.24704
18.36147
18.32957
18.02892
18.07271
17.88306
18.00583
18.13172
18.18848
18.33291
17.38221
17.77468
17.51437
17.57932
17.0008
17.12631
17.46408
18.44479
18.72599
18.41698
18.18184
17.69644
18.23451
18.27566
18.06985
17.4005
16.94054
16.93588
17.37713
17.44978
17.20891
17.26068
17.12521
17.051
17.03714
17.23545
17.51618
17.84933
17.97666
17.6658
17.66799
17.86761
18.12109
17.99947
18.39483
18.17727
18.83922
18.41106
18.27041
18.28941
18.07195
17.70899
17.49758
17.8036
17.38103
17.26922
17.2927
17.4881
17.46959
17.69783
17.6601
17.34907
17.00133
16.65888
17.33546
17.54179
17.34895
17.08508
17.22287
17.30062
17.14823
17.13477
17.11617
16.85353
17.03184
16.78026
16.94018
16.71547
17.13204
17.24903
17.77811
17.99877
17.69163
17.72343
17.58275
17.42996
17.74924
18.06975
18.31824
18.16715
17.96529
18.44715
18.53938
18.60014
18.25363
18.552
18.66408
18.54767
18.37752
18.47373
18.33936
18.54544
18.71078
18.83254
18.79252
18.7219
18.81905
18.61041
18.33711
18.50028
18.88378
19.078
19.05945
18.58991
18.30935
18.00725
17.31151
17.32265
16.99931
16.65591
17.10195
17.04031
16.85863
16.20988
15.90925
16.25277
15.93114
16.09567
15.99312
15.76165
15.7976
16.48975
16.63233
16.62148
16.88232
16.88024
16.69769
16.4955
16.2309
16.22982
16.49466
16.61242
16.7262
17.14945
17.39874
17.18555
17.0458
17.25671
17.74359
17.52557
17.22981
17.51411
17.44097
17.38362
17.19846
17.25367
17.17793
17.17743
17.14146
16.87706
16.96209
17.10052
17.1352
17.56025
17.26852
17.51276
17.34451
17.05864
16.76108
16.67926
17.06467
17.25776
17.10605
16.76602
17.11295
17.41828
18.2543
18.19124
18.21233
18.08545
17.85465
18.05966
18.0927
17.89541
18.47099
18.38241
18.25443
18.94792
19.42165
19.7081
19.77318
19.56055
19.35636
19.02878
18.92958
18.98823
18.37288
18.55156
17.86189
17.6206
17.54153
17.67465
17.87113
17.41826
17.07873
16.8948
16.80364
16.52685
15.99627
15.94054
15.67577
15.97726
16.14591
16.51217
16.30365
16.08479
15.80739
15.9694
15.97711
16.05206
15.79
15.77616
15.74502
15.84839
15.492
15.27932
15.38298
15.23147
15.00163
15.069
14.82317
14.68748
14.51155
14.70701
14.58135
14.80139
14.42072
14.31149
14.7392
14.92444
14.84871
15.26379
15.28637
15.58452
15.09616
14.74684
15.02139
15.30907
15.26419
14.93735
14.87739
14.21053
14.16305
14.1841
14.76271
14.4745
14.24386
14.24266
13.5049
13.36755
12.95331
13.08516
12.81091
13.3306
13.43274
13.49993
13.46306
13.2793
13.47684
13.24196
13.56685
13.40238
13.33827
13.51556
13.57274
13.39143
13.457
13.50801
12.83338
12.5385
12.41885
12.26086
12.44825
12.3591
12.56634
12.46441
12.73256
12.59817
12.75721
12.86498
12.58563
13.36386
13.40425
13.18457
12.90938
12.37192
11.82291
11.4624
12.04069
11.82458
11.95922
11.85612
12.01245
11.72268
11.49163
11.42833
11.24237
10.93698
10.91227
10.71621
10.80112
10.94306
11.25686
11.63119
11.56367
11.64902
11.37576
11.64368
12.03252
12.17511
12.37294
12.21929
12.59356
12.50927
12.69095
11.99917
12.17937
12.75826
12.622
12.80668
12.47969
12.52164
12.50952
12.24286
11.98789
12.43036
12.56954
12.57862
12.62876
12.63804
12.41018
12.41661
12.46207
12.50201
12.37347
12.46472
12.73344
13.5675
13.72597
13.55716
13.39981
12.74974
12.6524
11.85482
11.74835
11.94926
11.90847
11.81677
11.6984
11.66967
11.80026
11.87448
12.05968
12.29954
12.60302
12.59685
12.65892
12.91077
12.84555
13.15855
13.08074
13.56522
13.87551
13.83209
14.09446
14.38388
14.55649
14.43424
14.23025
14.55577
14.78609
14.67091
14.6747
14.80921
14.56204
14.85338
14.73649
14.40901
14.69863
14.71951
14.80166
14.73612
14.5477
14.80324
14.99698
15.1739
15.64536
15.52132
14.97123
15.10257
14.89992
15.05394
15.27655
15.04293
15.02315
15.09252
15.24482
14.98298
15.37599
15.91423
16.06436
16.03191
15.93138
15.42514
15.32318
15.57932
15.90576
16.00236
15.54398
15.20606
14.77674
15.13184
14.80852
14.31055
13.90059
14.0895
14.10167
13.90532
13.91988
13.46566
13.87718
14.18812
14.01523
13.84525
14.37033
14.26421
14.41773
14.57875
14.51835
14.59183
14.50451
14.75288
14.73836
14.29976
14.06527
14.02864
13.88383
14.01944
14.35836
14.24685
13.73084
13.68903
13.52699
13.4074
13.23083
13.47297
13.51284
13.71281
13.83026
13.91684
13.77061
13.66639
13.84908
13.93422
13.96438
14.58095
14.4792
14.37224
13.96884
14.11264
14.42681
14.41748
14.56131
14.34712
14.45458
14.76992
14.81504
14.39029
14.78492
15.19353
15.57533
15.50165
15.33958
15.20422
14.80591
14.5532
14.85076
14.58295
14.38288
14.20074
14.2281
13.98249
13.83361
14.136
14.42066
14.3146
14.18279
14.51706
14.58193
14.77755
14.87088
14.65326
14.23104
14.41278
14.5147
14.66208
14.90649
15.02962
15.30764
15.75063
16.29519
16.43555
16.31457
16.3236
16.02342
16.11928
16.54924
17.0126
16.4797
16.72622
16.93183
17.14231
16.93301
16.82
16.7207
16.53599
16.8538
16.76947
17.30129
17.62535
17.21202
17.04576
17.09433
17.51119
17.55308
17.11961
16.80883
17.1653
17.03411
16.93122
16.66522
16.23493
15.73255
15.48148
15.13129
15.33038
15.29055
15.59282
15.88888
15.94928
16.06155
16.13479
16.07243
15.88349
15.49021
15.66164
16.32839
16.22158
16.14209
16.79007
17.22784
17.48581
17.50326
17.98367
17.75193
17.65689
17.96715
18.01984
17.69553
17.97284
17.54029
17.58136
17.68519
17.48407
17.45537
17.35711
17.44944
17.82074
17.41911
17.14609
17.26447
16.71244
16.63968
16.74329
16.3922
16.58197
16.58883
16.68169
16.62765
16.72177
16.39613
16.51873
16.47727
16.15291
16.6918
16.43511
16.36419
16.14995
16.21988
16.24018
16.38588
16.46925
16.72461
17.25529
17.62828
17.75103
17.86301
17.81285
17.84068
17.63988
17.14959
16.73987
16.08875
16.86226
17.41555
17.42438
17.34664
17.56417
17.6396
17.22055
17.51047
17.57457
17.92452
18.29769
18.07644
18.04783
18.53522
18.00187
17.81798
17.72615
17.78462
18.06725
17.70188
18.191
18.05615
18.10672
17.44888
17.01623
16.37336
16.60874
16.64189
16.513
16.14018
16.50927
16.5812
16.83912
16.57762
16.31263
16.73561
16.73737
16.40925
16.21349
16.34369
15.81978
15.69272
15.50746
15.33305
14.96787
15.15936
15.21851
14.66078
14.72001
14.80275
14.98953
14.9456
14.98248
14.93511
14.91291
14.96698
15.10881
14.87943
14.76523
14.2211
14.42127
14.61388
14.3323
14.78141
15.36363
15.78528
16.01096
15.70994
15.8802
16.59107
16.49795
16.44775
16.88068
16.44813
16.64411
16.70331
16.81094
16.58676
16.26154
16.62748
16.16953
16.53215
16.44409
16.9284
17.30344
16.86451
16.88463
16.74685
16.85928
16.89198
17.11196
16.91585
16.88133
16.67202
17.04062
17.6523
17.48735
17.48758
17.36754
17.21995
16.98108
17.06088
17.75749
18.26233
18.4786
18.06921
17.97024
17.88174
17.9967
18.25579
18.12443
17.8751
18.22962
18.39566
18.50437
18.10248
17.68227
18.07945
17.93177
17.64934
18.38069
18.73083
18.7601
19.18589
19.0469
18.68119
18.82457
18.9566
18.74605
18.33695
18.43799
18.72897
18.49335
18.65103
18.7768
18.7577
18.82381
18.61762
18.71506
18.7062
18.78963
18.38636
18.08232
17.75834
17.86853
17.83212
17.90837
17.48054
17.19831
17.17228
17.2627
17.01152
16.83224
16.33581
16.3445
16.69066
16.39032
16.47748
16.59886
16.81449
16.75374
17.06356
17.23001
17.27496
17.24331
17.58
18.11786
18.59536
18.23279
17.49512
16.95679
16.59319
16.80306
17.00498
17.25222
17.09742
16.89004
17.24498
17.01301
17.34501
17.38092
17.33219
17.50381
17.69382
17.97386
17.76601
17.67284
18.01231
18.16501
17.71968
18.03913
17.80373
17.76885
17.94439
18.11193
18.45856
18.40414
18.34106
18.02748
17.93651
18.27255
18.32513
18.15954
17.79067
17.6493
17.41351
17.3352
17.41875
17.14549
17.44801
17.52693
17.42064
17.01766
17.3011
17.36908
17.83612
17.95114
17.9115
18.43908
18.09188
17.70993
17.53401
17.51688
17.1551
17.20631
17.36463
17.71115
17.1374
17.33761
17.47606
17.82358
17.8793
17.88951
17.86063
17.56026
17.69479
17.8772
18.15759
18.27862
18.19378
17.825
17.96767
17.95189
17.55411
17.32576
