1.489358
1.323228
1.378755
1.417399
1.389131
1.38901
1.226454
1.419707
1.354588
1.461786
1.319395
1.407248
1.363756
1.326025
1.483352
1.211504
1.48783
1.331548
1.370391
1.394093
1.532155
1.470595
1.381501
1.481418
1.331097
1.403828
1.543556
1.438395
1.429682
1.378736
1.401691
1.371557
1.423049
1.287471
1.505731
1.439201
1.349683
1.485445
1.456215
1.287556
1.416204
1.353817
1.511989
1.416036
1.417771
1.494599
1.287377
1.368108
1.46576
1.435896
1.342911
1.376111
1.338561
1.212642
1.42774
1.399138
1.361228
1.509194
1.33253
1.380286
1.320041
1.398587
1.437341
1.369874
1.27561
1.433977
1.396059
1.527104
1.423582
1.359277
1.516821
1.386055
1.421931
1.477573
1.485724
1.458876
1.368441
1.441059
1.373647
1.466434
1.423158
1.473342
1.397957
1.36348
1.408445
1.522058
1.53387
1.346943
1.445186
1.446152
1.357189
1.376235
1.51716
1.316428
1.353235
1.624405
1.478445
1.611822
1.440143
1.312799
1.348333
1.456718
1.657655
1.293909
1.383885
1.338632
1.337462
1.475868
1.361157
1.350977
1.483815
1.390583
1.447185
1.556781
1.509992
1.372277
1.363112
1.379748
1.375162
1.455978
1.413472
1.294683
1.4834
1.466103
1.356443
1.493741
1.385944
1.463624
1.371593
1.337448
1.463706
1.465088
1.288962
1.531926
1.526992
1.324927
1.412526
1.337262
1.423612
1.404365
1.446958
1.454958
1.402291
1.592117
1.392422
1.60132
1.374787
1.333635
1.455602
1.39341
1.476203
1.385837
1.590936
1.35428
1.383713
1.541261
1.39056
1.405585
1.522195
1.381091
1.567374
1.63749
1.388487
1.312113
1.510133
1.508373
1.446026
1.47406
1.358949
1.529665
1.558026
1.455313
1.307979
1.417985
1.463191
1.340762
1.504939
1.407616
1.438786
1.36337
1.450314
1.529807
1.506338
1.297912
1.435027
1.426189
1.546514
1.477846
1.589351
1.340369
1.4459
1.343671
1.376687
1.443646
1.404239
1.365896
1.366189
1.483414
1.431177
1.34749
1.464601
1.277463
1.450691
1.341052
1.365978
1.548612
1.321854
1.265255
1.363471
1.241004
1.55536
1.441034
1.531009
1.37136
1.384603
1.311776
1.379847
1.403839
1.371934
1.436905
1.518611
1.359331
1.366974
1.349374
1.505081
1.385774
1.340211
1.379431
1.376472
1.396265
1.471827
1.409145
1.458673
1.338898
1.457131
1.472711
1.310437
1.457066
1.483841
1.397888
1.256325
1.466868
1.360718
1.309913
1.325001
1.457091
1.54226
1.429457
1.486281
1.489072
1.484479
1.472349
1.471317
1.285026
1.451941
1.372897
1.60791
1.372679
1.332153
1.458559
1.421312
1.506303
1.65535
1.41547
1.334832
1.41371
1.364362
1.489982
1.413484
1.368747
1.30906
1.545542
1.544385
1.412991
1.484435
1.368027
1.333999
1.467786
1.418339
1.477562
1.425863
1.402964
1.497062
1.416306
1.456357
1.449747
1.302218
1.525866
1.359883
1.49486
1.398811
1.388544
1.400786
1.448686
1.3932
1.387205
1.429198
1.327186
1.474339
1.325682
1.461225
1.411978
1.566577
1.405501
1.344609
1.628023
1.438128
1.588322
1.425658
1.458551
1.518425
1.553417
1.405012
1.266223
1.319284
1.489864
1.425744
1.456664
1.400055
1.330784
1.411352
1.518416
1.39779
1.37924
1.251677
1.339794
1.540875
1.492809
1.436687
1.442092
1.479057
1.323566
1.358866
1.402534
1.254221
1.42008
1.300931
1.439544
1.356678
1.306453
1.458376
1.349553
1.432328
1.456353
1.321236
1.446399
1.461584
1.43284
1.315252
1.388081
1.382893
1.360413
1.394391
1.476616
1.53408
1.473711
1.412454
1.369797
1.272469
1.587591
1.532224
1.347371
1.370976
1.472209
1.486812
1.480252
1.383275
1.41771
1.370638
1.613144
1.315752
1.480571
1.428871
1.462598
1.520068
1.561376
1.269041
1.586136
1.35077
1.365933
1.340021
1.421911
1.495969
1.407324
1.380875
1.424931
1.379421
1.346162
1.348133
1.570066
1.507085
1.483545
1.444247
1.521033
1.428247
1.449995
1.366025
1.401018
1.399037
1.475728
1.482634
1.304316
1.389949
1.533498
1.43623
1.306593
1.339028
1.435651
1.448701
1.506025
1.375146
1.383103
1.443264
1.443035
1.493098
1.450258
1.416007
1.383907
1.423405
1.488436
1.415277
1.32672
1.34672
1.403207
1.573098
1.446663
1.470409
1.610681
1.43196
1.451897
1.399692
1.517862
1.489542
1.514313
1.377726
1.299194
1.446678
1.528144
1.381823
1.419007
1.44379
1.503662
1.376
1.471502
1.500017
1.441941
1.499583
1.497216
1.47298
1.355079
1.382713
1.499234
1.551319
1.506613
1.481566
1.435903
1.398696
1.492493
1.424762
1.365596
1.48288
1.248078
1.230057
1.479354
1.345864
1.410384
1.402425
1.475532
1.353123
1.388716
1.246476
1.363088
1.405212
1.456999
1.436854
1.387822
1.443111
1.404462
1.380871
1.315681
1.447538
1.372567
1.392195
1.340228
1.522755
1.40114
1.524727
1.330048
1.400912
1.400411
1.485786
1.485329
1.3437
1.395712
1.428106
1.412617
1.484434
1.592167
1.336075
1.409271
1.553752
1.523538
1.488831
1.340593
1.400816
1.40589
1.466362
1.473494
1.342128
1.421636
1.488925
1.529028
1.433928
1.429408
1.446165
1.41016
1.566862
1.447179
1.395171
1.568089
1.539427
1.308578
1.391267
1.324638
1.429417
1.469036
1.486411
1.350909
1.573481
1.569422
1.430567
1.449412
1.315212
1.415168
1.592425
1.316405
1.392346
1.514043
1.321774
1.419466
1.400111
1.251169
1.473189
1.472169
1.392513
1.291385
1.495665
1.264393
1.418531
1.342947
1.32922
1.432113
1.369331
1.550752
1.453514
1.432811
1.425517
1.356149
1.394424
1.557741
1.492058
1.588527
1.387494
1.501983
1.377928
1.512779
1.447177
1.447964
1.551617
1.490767
1.333502
1.34118
1.433168
1.441583
1.407724
1.399824
1.525708
1.328419
1.424616
1.314253
1.274077
1.450009
1.400216
1.488387
1.4202
1.407702
1.416326
1.389508
1.383997
1.546595
1.404727
1.502576
1.302115
1.512491
1.512771
1.480063
1.315282
1.48105
1.440026
1.418287
1.389592
1.38221
1.424245
1.446703
1.432679
1.478133
1.465983
1.312956
1.458309
1.349453
1.513257
1.389509
1.453106
1.579386
1.316964
1.28614
1.439797
1.407487
1.534301
1.494384
1.502207
1.327071
1.455922
1.381963
1.479483
1.361336
1.320561
1.484676
1.586239
1.456355
1.467608
1.338756
1.514774
1.513774
1.420618
1.342175
1.404527
1.381905
1.574998
1.378668
1.485592
1.535656
1.347278
1.460525
1.494218
1.427894
1.265765
1.494623
1.512181
1.459155
1.52928
1.368249
1.567772
1.294019
1.418081
1.491901
1.499604
1.424443
1.316469
1.484657
1.395636
1.640528
1.656255
1.342506
1.383173
1.54052
1.42373
1.503354
1.39652
1.245325
1.368756
1.352102
1.427486
1.577901
1.512919
1.365473
1.589272
1.42613
1.28469
1.454625
1.361836
1.33043
1.466124
1.395323
1.406545
1.45571
1.496526
1.565128
1.325316
1.423705
1.499953
1.303809
1.39735
1.464455
1.356507
1.540884
1.444365
1.445521
1.421637
1.502641
1.415247
1.445231
1.47581
1.437193
1.52743
1.568032
1.380107
1.409059
1.3966
1.45772
1.372755
1.349525
1.406287
1.33217
1.529098
1.419204
1.463662
1.382061
1.592184
1.546808
1.556868
1.419386
1.531185
1.396549
1.543232
1.474714
1.392456
1.51006
1.391897
1.547451
1.406964
1.521727
1.457352
1.459183
1.374339
1.608917
1.435109
1.527879
1.613709
1.52827
1.396331
1.472825
1.570771
1.453234
1.379021
1.433126
1.391052
1.399552
1.566142
1.43637
1.296448
1.333039
1.47032
1.384896
1.416643
1.54809
1.551744
1.473872
1.563116
1.492027
1.478905
1.478092
1.46445
1.513957
1.364222
1.5545
1.491441
1.273464
1.397675
1.329836
1.575861
1.453699
1.414023
1.432867
1.389694
1.426331
1.471263
1.510516
1.51011
1.344203
1.453935
1.3686
1.364861
1.313715
1.326538
1.443676
1.417861
1.446234
1.450554
1.478385
1.540945
1.443
1.236859
1.337415
1.447981
1.340991
1.473434
1.412158
1.441071
1.468264
1.544823
1.544729
1.510812
1.35275
1.321718
1.455842
1.31939
1.276014
1.344308
1.407359
1.299654
1.497644
1.388398
1.43236
1.390124
1.449137
1.442694
1.325636
1.603488
1.488252
1.55243
1.462774
1.507008
1.375236
1.408186
1.375818
1.479167
1.455541
1.348286
1.386357
1.35921
1.579269
1.371891
1.342569
1.450613
1.479128
1.363125
1.567607
1.532263
1.519657
1.741715
1.336849
1.316351
1.410275
1.457393
1.489576
1.472297
1.442775
1.49886
1.507715
1.480059
1.450552
1.321578
1.460532
1.234487
1.419237
1.588724
1.413337
1.560996
1.583455
1.426174
1.423878
1.305487
1.327991
1.518064
1.437439
1.543195
1.477828
1.33475
1.497023
1.280037
1.369962
1.511338
1.494716
1.472989
1.644063
1.473284
1.389084
1.470932
1.415702
1.486323
1.402007
1.5184
1.49553
1.699962
1.427401
1.39331
1.436587
1.539612
1.362662
1.484044
1.450968
1.377375
1.481787
1.547448
1.311305
1.482858
1.478831
1.488182
1.598734
1.58754
1.436892
1.607257
1.484103
1.424329
1.421093
1.443796
1.45383
1.546097
1.405013
1.444114
1.488794
1.468062
1.320652
1.411496
1.440899
1.604889
1.402357
1.454196
1.676422
1.564403
1.383425
1.481325
1.423399
1.510521
1.530887
1.398858
1.42659
1.531264
1.625816
1.448109
1.438712
1.319952
1.356158
1.489024
1.421739
1.504195
1.361444
1.464271
1.378919
1.507387
1.426347
1.351234
1.454303
1.364725
1.496455
1.485283
1.442422
1.445173
1.460024
1.362706
1.394452
1.424973
1.42869
1.390536
1.459548
1.389864
1.353516
1.440881
1.19534
1.41959
1.474392
1.481575
1.408199
1.638587
1.267589
1.394085
1.430217
1.513922
1.429549
1.469582
1.476114
1.479933
1.444289
1.476681
1.262281
1.478777
1.498931
1.480188
1.434547
1.479478
1.439669
1.409772
1.344114
1.470826
1.343165
1.516742
1.680591
1.472326
1.634673
1.341647
1.37282
1.401066
1.517635
1.423903
1.529798
1.406243
1.545484
1.476844
1.431438
1.500017
1.352842
1.527616
1.47224
1.4035
1.348405
1.355086
1.445647
1.394232
1.402178
1.342678
1.518363
1.294339
1.463739
1.30871
1.66745
1.421298
1.40835
1.365229
1.32852
1.457588
1.429615
1.533251
1.463454
1.446203
1.372161
1.609153
1.536155
1.429256
1.515209
1.383209
1.556869
1.480074
1.567892
1.384711
1.51446
1.473908
1.434347
1.450026
1.566261
1.427421
1.258099
1.402149
1.43488
1.504529
1.237531
1.504621
1.498796
1.374497
1.521499
1.369032
1.422388
1.521768
1.457327
1.361579
1.434367
1.521342
1.456968
1.599122
1.378968
1.33845
1.641798
1.482297
1.381663
1.333564
1.306746
1.592548
1.474024
1.360739
1.526266
1.512612
1.450507
1.576699
1.406687
1.478404
1.462558
1.398394
1.412295
1.397161
1.490855
1.579336
1.370971
1.423085
1.272778
1.532818
1.385506
1.575199
1.491758
1.604465
1.287065
1.353043
1.510909
1.485172
1.43356
1.459924
1.343521
1.432058
1.531374
1.326676
1.32628
1.471664
1.345656
1.332877
1.423855
1.528659
1.435322
1.339783
1.438404
1.353757
1.322289
1.341917
1.476062
1.524499
1.429737
1.300078
1.494531
1.362173
1.434929
1.30803
1.450655
1.422163
1.404488
1.477819
1.260576
1.410486
1.420885
1.420938
1.405868
1.307631
1.510348
1.461278
1.567919
1.536224
1.423207
1.457571
1.431397
1.355759
1.422968
1.465768
1.471577
1.257487
1.496967
1.38135
1.470929
1.42431
1.413761
1.370345
1.339087
1.404635
1.546982
1.467258
1.467121
1.459636
1.334811
1.41196
1.46603
1.379195
1.267699
1.401478
1.494624
1.348367
1.364387
1.481401
1.423636
1.329835
1.409557
1.551068
1.474633
1.33817
1.279682
1.505961
1.43143
1.317924
1.351967
1.342674
1.454381
1.476574
1.526495
1.595815
1.516155
1.532263
1.514564
1.320218
1.425572
1.545035
1.511567
1.520807
1.414591
1.456613
1.404137
1.363916
1.582209
1.499203
1.426952
1.429112
1.461805
1.555868
1.43972
1.383501
1.366118
1.367845
1.334795
1.507076
1.456582
1.592781
1.584545
1.46153
1.249096
1.440228
1.291866
1.355123
1.621596
1.559507
1.284519
1.315402
1.465978
1.44622
1.381903
1.431751
1.637033
1.374259
1.328675
1.300579
1.569328
1.425915
1.334982
1.365089
1.443087
1.413787
1.417535
1.383736
1.373723
1.441497
1.37446
1.383245
1.388736
1.487336
1.348345
1.305673
1.524992
1.372254
1.431375
1.504769
1.355287
1.374138
1.410433
1.404422
1.313475
1.40002
1.338736
1.49971
1.590631
1.3835
1.377783
1.580301
1.373375
1.447964
1.196456
1.40772
1.404653
1.370976
1.313825
1.439043
1.390711
1.407793
1.517471
1.389685
1.501782
1.434834
1.447187
1.288495
1.289251
1.392739
1.481538
1.305893
1.411243
1.398991
1.339906
1.353096
1.553483
1.3933
1.46075
1.485438
1.345727
1.394483
1.464006
1.597985
1.527374
1.335306
1.359631
1.431317
1.369785
1.387437
1.458143
1.378653
1.342744
1.454193
1.394871
1.555971
1.405711
1.459862
1.373493
1.434802
1.499306
1.345863
1.432124
1.395133
1.593746
1.335655
1.467017
1.437267
1.422852
1.539723
1.438247
1.325073
1.489006
1.375421
1.533161
1.502604
1.323883
1.490752
1.694225
1.427061
1.550863
1.347499
1.334125
1.499014
1.461207
1.388927
1.508628
1.353975
1.468173
1.337946
1.492484
1.587607
1.407299
1.506047
1.487293
1.508427
1.579948
1.387777
1.492862
1.371263
1.463897
1.495088
1.550808
1.383739
1.433995
1.372325
1.511458
1.495062
1.360355
1.268939
1.489125
1.554546
1.627972
1.467927
1.437785
1.517341
1.489045
1.352678
1.506448
1.354447
1.452095
1.401086
1.466137
1.176583
1.373738
1.510119
1.387268
1.323624
1.299976
1.458423
1.318422
1.335826
1.493086
1.420047
1.344176
1.38155
1.438984
1.453733
1.343953
1.460561
1.34227
1.542298
1.540366
1.307491
1.469025
1.491885
1.344908
1.550323
1.442633
1.360053
1.43913
1.457504
1.533231
1.587076
1.319108
1.460781
1.707351
1.565797
1.44671
1.496145
1.421047
1.448817
1.491217
1.702685
1.495945
1.327872
1.382775
1.495233
1.4582
1.459204
1.48856
1.53428
1.404575
1.434973
1.316768
1.347537
1.55602
1.556657
1.440543
1.407819
1.349627
1.38077
1.363106
1.62135
1.532177
1.523087
1.293563
1.581529
1.480997
1.330567
1.438595
1.389296
1.522642
1.396215
1.402395
1.468336
1.431241
1.408201
1.335521
1.53554
1.262594
1.506941
1.47878
1.414615
1.476758
1.387714
1.397472
1.432308
1.455717
1.495428
1.374285
1.473566
1.411975
1.469902
1.434531
1.57303
1.485629
1.45683
1.478505
1.47525
1.269913
1.350454
1.300872
1.467957
1.347333
1.541236
1.537596
1.464618
1.385226
1.537561
1.369441
1.424594
1.572324
1.445774
1.406994
1.361856
1.327869
1.345944
1.421661
1.331641
1.462778
1.474173
1.455825
1.335941
1.297291
1.373863
1.382973
1.483256
1.313921
1.359342
1.334114
1.336272
1.485696
1.369756
1.417751
1.264865
1.441171
1.342111
1.452332
1.357677
1.527171
1.463227
1.380146
1.471004
1.328677
1.365262
1.21725
1.404058
1.524861
1.400159
1.30117
1.311743
1.559678
1.316301
1.359514
1.46172
1.450041
1.277245
1.320857
1.418302
1.480868
1.454606
1.370058
1.540493
1.389995
1.35594
1.530471
1.388598
1.424258
1.391829
1.55987
1.508713
1.417568
1.486958
1.38223
1.458316
1.429723
1.289735
1.223108
1.422338
1.545162
1.452841
1.446574
1.600391
1.56066
1.333682
1.307951
1.285722
1.493772
1.440348
1.518008
1.498241
1.360787
1.55041
1.370182
1.342064
1.443513
1.348074
1.555843
1.517804
1.43318
1.418477
1.450727
1.444791
1.341826
1.489701
1.253962
1.32797
1.369047
1.29781
1.516144
1.55331
1.535103
1.424321
1.492777
1.540899
1.494196
1.319602
1.402835
1.391854
1.491826
1.444027
1.312469
1.318547
1.500161
1.338179
1.498662
1.361303
1.321781
1.418815
1.505234
1.438077
1.431611
1.52028
1.473994
1.307931
1.364578
1.361047
1.400825
1.308603
1.378217
1.392131
1.350692
1.354122
1.435777
1.302375
1.465561
1.457067
1.385695
1.441982
1.37516
1.298403
1.472245
1.495124
1.272404
1.375663
1.377962
1.356758
1.452976
1.231506
1.484163
1.471124
1.305049
1.4894
1.287532
1.515574
1.407034
1.412329
1.363513
1.464073
1.278568
1.556044
1.523734
1.364956
1.274959
1.281678
1.318077
1.57052
1.250643
1.34377
1.275205
1.478519
1.400673
1.300843
1.42524
1.323777
1.401132
1.546486
1.3937
1.390636
1.482741
1.526206
1.539412
1.425181
1.479677
1.513056
1.41133
1.462221
1.359989
1.455243
1.458119
1.360073
1.355641
1.366367
1.504042
1.494673
1.441044
1.538788
1.320298
1.360351
1.640111
1.391508
1.388659
1.449046
1.376265
1.387505
1.507452
1.36902
1.41995
1.573646
1.337492
1.365384
1.552758
1.475598
1.498003
1.37503
1.377151
1.421173
1.496574
1.373776
1.489662
1.516516
1.295368
1.410284
1.406274
1.323141
1.494524
1.371394
1.480419
1.394693
1.318441
1.270271
1.410719
1.495827
1.427454
1.391253
1.309828
1.258958
1.41385
1.422075
1.3555
1.472011
1.241683
1.35452
1.303956
1.280476
1.356165
1.42301
1.438168
1.416455
1.382561
1.313154
1.382251
1.25245
1.388443
1.416023
1.427946
1.404722
1.41392
1.486122
1.35678
1.470016
1.304763
1.626379
1.500703
1.417154
1.427909
1.342402
1.516861
1.427304
1.437324
1.483669
1.320037
1.367156
1.430096
1.40982
1.374931
1.446662
1.521802
1.451764
1.384644
1.436133
1.396814
1.367579
1.632954
1.469689
1.398289
1.371476
1.274436
1.363602
1.397082
1.337729
1.540428
1.408874
1.328758
1.511789
1.41376
1.503591
1.399872
1.305132
1.466443
1.506027
1.398553
1.381391
1.351773
1.539841
1.401288
1.527001
1.467386
1.401875
1.501215
1.350621
1.521717
1.502026
1.54937
1.631437
1.451719
1.424781
1.534632
1.428106
1.540639
1.486996
1.458079
1.374286
1.362002
1.371229
1.464666
1.407823
1.561533
1.576053
1.476869
1.330534
1.56324
1.420409
1.493237
1.357816
1.388268
1.463893
1.500211
1.381938
1.430928
1.425937
1.441791
1.591956
1.436035
1.436404
1.389269
1.450386
1.41581
1.452516
1.448106
1.431419
1.540398
1.393004
1.46032
1.480097
1.462033
1.410095
1.432905
1.613561
1.351544
1.324314
1.428351
1.44093
1.569656
1.468994
1.505561
1.270802
1.484971
1.34138
1.457323
1.435246
1.540647
1.338803
1.465434
1.521732
1.550399
1.410232
1.522604
1.341007
1.453703
1.469864
1.436563
1.461675
1.640036
1.651287
1.420243
1.491847
1.182228
1.444086
1.395822
1.528898
1.436814
1.590066
1.318427
1.534994
1.512743
1.465538
1.309081
1.499831
1.522069
1.397148
1.438713
1.430905
1.361736
1.410787
1.437503
1.445538
1.448938
1.474731
1.40257
1.449549
1.441681
1.380811
1.384197
1.359907
1.549524
1.609632
1.332888
1.391484
1.293743
1.379685
1.511368
1.301011
1.38257
1.415947
1.382893
1.324401
1.531672
1.425976
1.375686
1.278026
1.447326
1.453974
1.395991
1.569137
1.550962
1.371464
1.535707
1.396536
1.258446
1.483728
1.622973
1.526108
1.474281
1.380576
1.33176
1.360554
1.387602
1.453563
1.336321
1.37424
1.398856
1.521389
1.590839
1.379156
1.430697
1.384561
1.365833
1.500342
1.391661
1.408523
1.566912
1.463065
1.400498
1.430707
1.438854
1.385854
1.565345
1.404834
1.514192
1.278392
1.413647
1.368925
1.550954
1.321048
1.341469
1.368235
1.359947
1.385456
1.366207
1.386414
1.438646
1.408201
1.290836
1.463477
1.444192
1.515326
1.455533
1.514339
1.366649
1.448137
1.376414
1.571284
1.406733
1.38629
1.434263
1.354401
1.421543
1.336854
1.309978
1.338273
1.408637
1.4785
1.402785
1.591359
1.328425
1.604015
1.453494
1.459875
1.436133
1.430042
1.296466
1.471711
1.439648
1.427396
1.415937
1.439326
1.428803
1.52864
1.455604
1.490254
1.298352
1.583318
1.285654
1.439012
1.634128
1.450735
1.349824
1.421056
1.350109
1.437099
1.581407
1.377281
1.511669
1.381336
1.419602
1.673223
1.235918
1.551057
1.342764
1.386616
1.46058
1.598055
1.544639
1.488787
1.421115
1.650847
1.339355
1.424621
1.407751
1.42788
1.205686
1.505198
1.338002
1.470587
1.410404
1.61627
1.360662
1.550905
1.488309
1.484646
1.552659
1.4838
1.397466
1.484456
1.413359
1.234169
1.377126
1.529932
1.468646
1.309458
1.521424
1.558577
1.363461
1.383887
1.354543
1.490016
1.389591
1.445984
1.587997
1.514316
1.415647
1.433417
1.287951
1.396958
1.314617
1.50798
1.56237
1.380313
1.441111
1.498277
1.567103
1.613364
1.530132
1.652931
1.290457
1.197326
1.334739
1.388878
1.465027
1.349482
1.279625
1.411523
1.372191
1.544102
1.415926
1.604495
1.272579
1.454779
1.424187
1.38599
1.529243
1.433573
1.423021
1.393561
1.389733
1.323673
1.397958
1.480504
1.357028
1.608791
1.472504
1.340651
1.46498
1.42339
1.499611
1.433235
1.379269
1.308364
1.308119
1.389091
1.474563
1.536792
1.499037
1.295238
1.387513
1.344654
1.442324
1.389828
1.36271
1.604044
1.466842
1.425201
1.614818
1.48146
1.396253
1.50228
1.438023
1.545415
1.352885
1.539093
1.39948
1.534929
1.33752
1.394442
1.345995
1.225932
1.356075
1.37678
1.371811
1.405458
1.574457
1.455438
1.565019
1.429405
1.324936
1.352133
1.484764
1.427816
1.49766
1.48049
1.415306
1.4934
1.338729
1.439601
1.344372
1.347455
1.467907
1.589287
1.407855
1.352536
1.501887
1.427942
1.325971
1.410276
1.356169
1.430496
1.546915
1.360407
1.406733
1.230446
1.465142
1.392626
1.387465
1.506225
1.465426
1.346104
1.47425
1.366985
1.455746
1.492052
1.37021
1.624691
1.522639
1.527248
1.484236
1.32348
1.390563
1.435165
1.401316
1.425759
1.345792
1.469672
1.480481
1.398178
1.382964
1.327065
1.586291
1.482571
1.345411
1.405708
1.306444
1.24807
1.377796
1.492399
1.505566
1.367919
1.360924
1.362857
1.342661
1.303946
1.385032
1.245815
1.443062
1.293623
1.302488
1.439579
1.414258
1.49947
1.456223
1.285444
1.301429
1.313976
1.34103
1.411334
1.385251
1.523569
1.360334
1.459372
1.470173
1.38047
1.51396
1.257385
1.289743
1.326178
1.492876
1.497767
1.352245
1.314803
1.393869
1.444111
1.325358
1.521649
1.483968
1.44116
1.358756
1.32209
1.478045
1.458012
1.565581
1.429594
1.421027
1.371539
1.419757
1.343915
1.488908
1.266249
1.524492
1.284677
1.297942
1.370882
1.331279
1.208123
1.403255
1.398341
1.446168
1.460901
1.34505
1.45626
1.304025
1.378403
1.366338
1.383754
1.38619
1.564786
1.381008
1.266658
1.401144
1.484719
1.369386
1.430155
1.471419
1.477709
1.379921
1.42898
1.45405
1.260145
1.29414
1.30684
1.424403
1.45393
1.590863
1.38805
1.457919
1.390864
1.404869
1.470284
1.382955
1.350808
1.368092
1.45911
1.380324
1.361381
1.408756
1.450884
1.396045
1.398515
1.347392
1.431154
1.401563
1.511221
1.473707
1.428418
1.538868
1.365012
1.624462
1.553228
1.333315
1.530564
1.380867
1.355586
1.515677
1.466798
1.445679
1.421733
1.609614
1.446299
1.669596
1.454335
1.45915
1.578975
1.563313
1.484541
1.473926
1.319262
1.517113
1.393158
1.481092
1.50069
1.427213
1.598576
1.506005
1.390192
1.402857
1.425913
1.297931
1.509152
1.424463
1.429282
1.486108
1.456728
1.366875
1.50094
1.472033
1.281868
1.391331
1.319003
1.432972
1.239355
1.42507
1.303929
1.579051
1.523693
1.432111
1.360862
1.526433
1.500633
1.690937
1.470831
1.424246
1.402394
1.402373
1.44023
1.47107
1.451927
1.385244
1.327716
1.458516
1.414258
1.418709
1.540226
1.563979
1.362015
1.408352
1.403285
1.48533
1.418749
1.458812
1.460022
1.412701
1.453813
1.454908
1.475817
1.452573
1.491188
1.507239
1.579547
1.45768
1.369288
1.430758
1.636624
1.418814
1.466879
1.531213
1.461475
1.409585
1.529232
1.418291
1.361585
1.362914
1.405614
1.500324
1.411295
1.439852
1.607852
1.416842
1.405939
1.403917
1.508075
1.510614
1.466534
1.363864
1.268503
1.588366
1.641556
1.443725
1.551579
1.50366
1.39643
1.454916
1.428885
1.421222
1.357137
1.438869
1.428369
1.493447
1.588236
1.441968
1.61415
1.450898
1.375385
1.438115
1.403554
1.498745
1.428119
1.393039
1.339999
1.462087
1.48374
1.580864
1.467098
1.480735
1.333524
1.496059
1.456707
1.372382
1.404457
1.434442
1.37677
1.441107
1.462428
1.319479
1.505679
1.348061
1.466491
1.404062
1.387596
1.529754
1.427086
1.349814
1.402169
1.298761
1.327875
1.405084
1.358458
1.373836
1.402323
1.547077
1.227232
1.443709
1.425778
1.302285
1.398723
1.476574
1.48212
1.256255
1.480888
1.315335
1.422528
1.27646
1.348706
1.345497
1.511764
1.368097
1.504225
1.383177
1.35939
1.424565
1.550214
1.414229
1.394689
1.443363
1.460713
1.477211
1.364987
1.458928
1.328927
1.401393
1.537911
1.403664
1.322931
1.324066
1.450521
1.39522
1.405721
1.403155
1.25908
1.416908
1.426079
1.433155
1.269
1.357511
1.547756
1.263297
1.41791
1.330875
1.539173
1.65636
1.488731
1.436751
1.407501
1.519808
1.503425
1.442154
1.362776
1.373493
1.278755
1.392773
1.443095
1.392789
1.518581
1.512909
1.438912
1.539451
1.464727
1.467631
1.397342
1.44543
1.408016
1.332857
1.566176
1.403851
1.388155
1.463085
1.46595
1.340384
1.438613
1.523901
1.34894
1.315527
1.445619
1.404278
1.426653
1.550585
1.423214
1.482178
1.488791
1.404411
1.446204
1.418172
1.360313
1.540651
1.458915
1.555077
1.507266
1.404081
1.383035
1.452616
1.367536
1.423448
1.38288
1.379865
1.351799
1.538525
1.511991
1.361163
1.603266
1.371054
1.425067
1.314383
1.506562
1.408346
1.425033
1.390054
1.537787
1.460079
1.521131
1.444517
1.420639
1.371378
1.467989
1.345155
1.464431
1.32278
1.393742
1.49223
1.359075
1.473235
1.460627
1.544079
1.408961
1.385294
1.29005
1.388842
1.492265
1.473452
1.618712
1.465736
1.509671
1.33203
1.478087
1.375221
1.341647
1.392225
1.283566
1.620477
1.505651
1.47946
1.472692
1.444514
1.466922
1.348174
1.390812
1.399997
1.385585
1.258423
1.436827
1.53236
1.427187
1.485523
1.504608
1.480485
1.468464
1.656061
1.340038
1.498191
1.428565
1.343458
1.245357
1.448094
1.405365
1.388081
1.370825
1.472716
1.527933
1.585992
1.397865
1.421591
1.459914
1.352251
1.356343
1.323721
1.34182
1.353523
1.472995
1.432895
1.278544
1.341795
1.307953
1.336736
1.356084
1.246697
1.559385
1.380519
1.509553
1.37886
1.301086
1.430311
1.482125
1.493229
1.359194
1.467336
1.482181
1.306473
1.418736
1.24423
1.483606
1.380447
1.487072
1.455903
1.340219
1.411286
1.394809
1.477023
1.352171
1.400612
1.35041
1.360579
1.585521
1.401039
1.430133
1.548447
1.352234
1.503526
1.335138
1.539839
1.433668
1.517137
1.645973
1.358868
1.553788
1.383353
1.626777
1.404586
1.360709
1.458649
1.49848
1.509036
1.453367
1.449649
1.393519
1.302533
1.416819
1.524753
1.446799
1.637277
1.488425
1.375569
1.390204
1.327538
1.29823
1.385037
1.403076
1.308116
1.457022
1.331197
1.536091
1.51161
1.287607
1.459679
1.404571
1.276564
1.721463
1.444456
1.309493
1.324048
1.315709
1.342782
1.3333
1.592703
1.42153
1.296091
1.367365
1.412668
1.324198
1.39062
1.584824
1.460525
1.45041
1.357489
1.37851
1.336668
1.234717
1.33188
1.45566
1.46287
1.345885
1.534615
1.329803
1.327322
1.449015
1.428582
1.417013
1.361105
1.463956
1.324441
1.378554
1.481102
1.251992
1.403247
1.26996
1.439691
1.520759
1.263068
1.251946
1.365597
1.3773
1.281953
1.423566
1.24538
1.336478
1.427495
1.41166
1.545284
1.323311
1.39486
1.31745
1.288677
1.2076
1.255993
1.467948
1.667133
1.374842
1.499998
1.400509
1.60612
1.405768
1.529488
1.51362
1.541729
1.466961
1.25628
1.331156
1.56198
1.322853
1.365357
1.377453
1.330551
1.395579
1.371876
1.499074
1.619351
1.518963
1.383234
1.466473
1.624206
1.546367
1.266507
1.380816
1.296665
1.522801
1.514866
1.327998
1.411179
1.478547
1.487162
1.425001
1.413936
1.445333
1.58758
1.530915
1.464667
1.369398
1.336007
1.446135
1.466613
1.704808
1.491568
1.478992
1.580529
1.383015
1.545349
1.441222
1.262843
1.246711
1.344007
1.392188
1.471986
1.414749
1.452602
1.41838
1.35238
1.447854
1.37049
1.485303
1.512432
1.409802
1.470897
1.459249
1.481885
1.385347
1.441127
1.482576
1.333636
1.451243
1.390241
1.519523
1.450688
1.443444
1.467922
1.424548
1.442952
1.340845
1.352368
1.396221
1.647248
1.379363
1.463655
1.428162
1.526505
1.456525
1.447563
1.433998
1.431018
1.403356
1.615438
1.431331
1.315829
1.283962
1.282891
1.507885
1.385052
1.497335
1.505602
1.479541
1.591616
1.522581
1.459607
1.460202
1.446498
1.575696
1.575062
1.365345
1.339803
1.611499
1.29981
1.398515
1.340016
1.67407
1.460984
1.33051
1.532741
1.501122
1.463765
1.432183
1.406444
1.457064
1.480316
1.542616
1.39994
1.540386
1.366432
1.467739
1.539766
1.382343
1.556712
1.654949
1.465478
1.368913
1.464462
1.387469
1.448199
1.590087
1.42604
1.381751
1.406223
1.40438
1.566948
1.316628
1.368558
1.465535
1.333941
1.398029
1.439364
1.535324
1.411671
1.429117
1.351203
1.321614
1.235177
1.39346
1.355526
1.53614
1.581021
1.472295
1.417319
1.534947
1.331147
1.372984
1.437329
1.375697
1.368488
1.328235
1.510522
1.467543
1.402032
1.258569
1.472891
1.311727
1.363655
1.38789
1.352562
1.340323
1.343731
1.373449
1.341342
1.347796
1.278691
1.594223
1.470425
1.432152
1.248929
1.297319
1.287011
1.392141
1.413378
1.577029
1.269898
1.394638
1.317026
1.435526
1.539542
1.28173
1.47996
1.353794
1.479799
1.341859
1.407482
1.337579
1.498831
1.467725
1.490092
1.382286
1.410942
1.347986
1.323884
1.441588
1.39472
1.434575
1.367047
1.341901
1.412383
1.41076
1.574409
1.452612
1.417913
1.410481
1.400485
1.377728
1.456961
1.378418
1.381697
1.462552
1.380371
1.495975
1.24584
1.413546
1.366844
1.348373
1.288345
1.362484
1.26646
1.309295
1.333106
1.461421
1.416287
1.485973
1.399456
1.484779
1.437044
1.4972
1.427154
1.33228
1.409795
1.392895
1.566083
1.36443
1.371175
1.32825
1.442698
1.399906
1.450011
1.391319
1.521023
1.411126
1.384779
1.390047
1.564271
1.397964
1.49314
1.2608
1.428548
1.433394
1.372338
1.336678
1.491549
1.247862
1.410522
1.236672
1.375258
1.41574
1.404576
1.437
1.196326
1.345774
1.312245
1.454369
1.379681
1.507198
1.442968
1.406593
1.422555
1.42656
1.406188
1.283696
1.517368
1.481055
1.340635
1.347967
1.338445
1.446871
1.410662
1.461218
1.427532
1.38409
1.522334
1.390314
1.423803
1.347466
1.307941
1.38901
1.392141
1.469028
1.257055
1.375751
1.450929
1.412225
1.479191
1.4293
1.639414
1.476173
1.565843
1.387887
1.386804
1.510629
1.560583
1.435654
1.441834
1.417169
1.333507
1.706915
1.441709
1.471641
1.39114
1.420593
1.415856
1.335004
1.417762
1.400197
1.492881
1.192138
1.290296
1.450863
1.445885
1.569692
1.391737
1.496294
1.347843
1.594121
1.421191
1.513661
1.46792
1.372301
1.510972
1.415604
1.487315
1.517774
1.645685
1.383623
1.342234
1.456436
1.419337
1.44313
1.396536
1.326062
1.384822
1.41016
1.489808
1.450438
1.308187
1.421528
1.430038
1.502155
1.382763
1.518401
1.460918
1.398352
1.454142
1.384797
1.256506
1.507386
1.492485
1.438827
1.499184
1.451409
1.477782
1.434637
1.421356
1.443462
1.322098
1.382146
1.285902
1.544671
1.373251
1.547321
1.397287
1.376862
1.460036
1.585413
1.327326
1.317213
1.538893
1.41038
1.427761
1.337569
1.379919
1.529212
1.379065
1.503387
1.653831
1.521704
1.525971
1.348111
1.40694
1.238399
1.536894
1.428079
1.44473
1.371069
1.439727
1.401642
1.279871
1.446476
1.416657
1.672709
1.339709
1.393131
1.393962
1.488961
1.414697
1.416262
1.40828
1.346478
1.460795
1.572355
1.538918
1.39961
1.530583
1.397149
1.38304
1.402333
1.384318
1.343836
1.351087
1.326058
1.600723
1.476701
1.352244
1.383426
1.417604
1.702151
1.394348
1.368434
1.562086
1.504872
1.500977
1.494445
1.436302
1.554246
1.434995
1.642736
1.514039
1.392756
1.441629
1.467467
1.379656
1.466575
1.421556
1.696023
1.429812
1.630081
1.597602
1.398085
1.358825
1.290185
1.336522
1.37025
1.553698
1.428268
1.388661
1.429066
1.467792
1.543091
1.446491
1.363265
1.346578
1.540335
1.370559
1.478118
1.375188
1.410552
1.362864
1.503048
1.30873
1.475654
1.407763
1.484349
1.412113
1.36432
1.296244
1.340345
1.471709
1.35662
1.436685
1.366706
1.278491
1.464635
1.442723
1.430685
1.423597
1.339495
1.473652
1.567419
1.46511
1.379866
1.502037
1.488875
1.276974
1.505775
1.32753
1.438422
1.490059
1.56477
1.304432
1.452505
1.49038
1.402006
1.478194
1.37484
1.325701
1.494299
1.461688
1.399851
1.345589
1.490075
1.450009
1.469599
1.58944
1.315301
1.358074
1.405043
1.578967
1.501242
1.369528
1.42497
1.335543
1.43332
1.558385
1.352205
1.370909
1.616471
1.541735
1.333289
1.424311
1.573976
1.432726
1.434209
1.378519
1.472248
1.429334
1.477599
1.476356
1.39415
1.359093
1.509567
1.423441
1.386358
1.313994
1.362757
1.52033
1.405809
1.496147
1.384135
1.377524
1.303796
1.445672
1.441379
1.336377
1.416912
1.449365
1.415118
1.418749
1.404177
1.501241
1.380249
1.457764
1.35039
1.499707
1.382108
1.255386
1.372494
1.508603
1.436402
1.691672
1.462494
1.47287
1.38023
1.304567
1.462339
1.386656
1.340773
1.506178
1.426342
1.404276
1.493812
1.32855
1.382287
1.39145
1.329342
1.334528
1.509908
1.399002
1.335416
1.423321
1.402231
1.28467
1.269276
1.368167
1.485452
1.354455
1.432258
1.429424
1.309141
1.332488
1.410127
1.496471
1.366535
1.458159
1.338992
1.434377
1.365585
1.334639
1.386921
1.354865
1.46647
1.408311
1.430584
1.443027
1.523651
1.435578
1.550219
1.346103
1.55528
1.417272
1.568693
1.434429
1.30464
1.232101
1.364952
1.432846
1.496721
1.386238
1.347173
1.45702
1.403158
1.325077
1.446162
1.448964
1.521267
1.514047
1.370571
1.386651
1.331986
1.435664
1.471488
1.477682
1.276573
1.430929
1.302624
1.529839
1.432937
1.367753
1.558537
1.51157
1.442071
1.24844
1.366256
1.504438
1.335379
1.427295
1.481242
1.407057
1.419674
1.4019
1.395373
1.542202
1.60589
1.555607
1.330439
1.37577
1.50031
1.513422
1.430576
1.512242
1.474343
1.398072
1.454005
1.537917
1.531085
1.529666
1.516746
1.411216
1.404973
1.340077
1.522812
1.372169
1.494362
1.244993
1.42307
1.304293
1.408251
1.511747
1.456328
1.386256
1.425381
1.413017
1.480728
1.371393
1.271113
1.567016
1.62856
1.541673
1.671834
1.511139
1.451978
1.357196
1.558364
1.463732
1.225123
1.51732
1.665846
1.717192
1.495347
1.570589
1.41227
1.422128
1.400711
1.393836
1.604752
1.404055
1.440407
1.561522
1.420357
1.479024
1.38524
1.79776
1.549742
1.49381
1.424385
1.336114
1.44739
1.469501
1.479848
1.423537
1.349682
1.36427
1.294447
1.559701
1.460421
1.493638
1.371342
1.363872
1.521063
1.326294
1.317257
1.580728
1.48164
1.391677
1.624919
1.507669
1.373704
1.38214
1.44097
1.468249
1.448658
1.352526
1.528534
1.460843
1.338918
1.493475
1.466287
1.289841
1.487803
1.460473
1.337786
1.434179
1.618721
1.525749
1.435765
1.588321
1.41495
1.420886
1.323553
1.504635
1.437768
1.235575
1.393754
1.408883
1.298515
1.381392
1.523145
1.41435
1.45844
1.527243
1.40008
1.312961
1.316
1.357168
1.227878
1.515121
1.392216
1.446588
1.361342
1.357074
1.342811
1.387924
1.473762
1.423135
1.321795
1.449296
1.387106
1.320456
1.452115
1.497083
1.437542
1.53405
1.424032
1.498002
1.374105
1.461467
1.400423
1.428086
1.361525
1.307258
1.306059
1.376074
1.471214
1.511631
1.372387
1.41487
1.315013
1.41074
1.342214
1.453826
1.341936
1.38225
1.33993
1.407355
1.380306
1.472118
1.452406
1.409147
1.408333
1.446494
1.382972
1.449241
1.429844
1.39628
1.600837
1.634842
1.353846
1.463253
1.213062
1.553844
1.32238
1.406742
1.455869
1.386386
1.420674
1.491592
1.451431
1.460918
1.319706
1.308463
1.419519
1.454139
1.500276
1.316775
1.583811
1.467239
1.424963
1.447148
1.584425
1.422154
1.466068
1.296893
1.390544
1.437194
1.385465
1.595642
1.39086
1.323335
1.444663
1.414876
1.362637
1.356675
1.396354
1.345986
1.539915
1.461487
1.43911
1.518536
1.56155
1.360283
1.434516
1.405686
1.379901
1.42741
1.300472
1.453427
1.418176
1.356746
1.439777
1.482384
1.405289
1.242526
1.491729
1.478821
1.410631
1.401957
1.457013
1.526133
1.372254
1.416047
1.398447
1.338025
1.424786
1.246182
1.476561
1.519873
1.648118
1.429292
1.70843
1.571979
1.454315
1.374957
1.375319
1.341494
1.436815
1.482418
1.456885
1.458316
1.499817
1.365279
1.348918
1.447886
1.490301
1.43663
1.464959
1.483256
1.482006
1.519014
1.559775
1.512225
1.56307
1.437392
1.348138
1.507529
1.585115
1.409302
1.468204
1.369803
1.515073
1.425585
1.449522
1.484971
1.292419
1.24359
1.553351
1.356734
1.481957
1.500111
1.363285
1.461893
1.308543
1.383983
1.422573
1.41367
1.404084
1.367122
1.370032
1.517648
1.40687
1.434176
1.318215
1.507543
1.304484
1.294025
1.30652
1.453091
1.511587
1.39266
1.34658
1.500456
1.296781
1.433517
1.444146
1.50233
1.347838
1.445373
1.412417
1.621603
1.521786
1.57262
1.610408
1.373976
1.425619
1.407758
1.633306
1.459866
1.389137
1.526343
1.423812
1.385947
1.406292
1.473509
1.432347
1.504643
1.528537
1.491454
1.447321
1.482529
1.484726
1.498372
1.517774
1.456578
1.442477
1.452981
1.44514
1.367844
1.406099
1.275202
1.331941
1.276956
1.503602
1.420716
1.514541
1.199991
1.416731
1.395206
1.553772
1.505591
1.489874
1.418271
1.432929
1.371042
1.342213
1.373637
1.480621
1.637864
1.482498
1.548033
1.38744
1.369377
1.423589
1.533769
1.497731
1.451204
1.495941
1.497477
1.313178
1.615117
1.458041
1.448205
1.410789
1.476192
1.495334
1.386393
1.370285
1.352244
1.534337
1.530432
1.430134
1.42062
1.330072
1.426299
1.525378
1.431646
1.355096
1.367889
1.431911
1.430765
1.442751
1.434901
1.365563
1.396278
1.313894
1.483266
1.479391
1.372688
1.416018
1.54662
1.543113
1.36798
1.442639
1.402521
1.38959
1.410438
1.374133
1.546377
1.513691
1.551134
1.415409
1.464015
1.393699
1.398606
1.435769
1.438047
1.345216
1.447307
1.339648
1.473479
1.445655
1.537764
1.487754
1.473238
1.304766
1.364271
1.408219
1.604021
1.50532
1.364038
1.329768
1.334684
1.397853
1.345839
1.344052
1.393781
1.470465
1.482816
1.388204
1.34884
1.471618
1.401284
1.373177
1.29959
1.361618
1.551982
1.530985
1.484997
1.497993
1.516195
1.402136
1.436394
1.497664
1.545275
1.498505
1.454139
1.394886
1.349931
1.502047
1.288689
1.462412
1.380752
1.407295
1.528207
1.483938
1.518779
1.51451
1.276248
1.404615
1.502889
1.487684
1.387695
1.64675
1.502363
1.426491
1.394719
1.495825
1.468833
1.31945
1.36092
1.411217
1.482512
1.572025
1.40774
1.44759
1.435127
1.397214
1.551782
1.423012
1.451252
1.274013
1.397991
1.31779
1.600404
1.3734
1.470247
1.395949
1.39922
1.379523
1.500655
1.477546
1.309366
1.525789
1.53024
1.467943
1.450707
1.480148
1.548558
1.589605
1.343007
1.33262
1.455637
1.414277
1.425645
1.395509
1.374446
1.436383
1.560558
1.319963
1.412903
1.507413
1.327655
1.321165
1.441886
1.573949
1.47612
1.459031
1.431441
1.379113
1.563151
1.419471
1.377684
1.514637
1.531041
1.45634
1.409348
1.467542
1.462983
1.508729
1.352782
1.623142
1.384809
1.41385
1.532168
1.447409
1.345017
1.403634
1.39131
1.542863
1.40416
1.310115
1.635986
1.559407
1.487728
1.368125
1.339497
1.525804
1.403853
1.466848
1.339143
1.514929
1.382825
1.441221
1.625548
1.449507
1.528714
1.408305
1.452324
1.564351
1.413156
1.432182
1.553268
1.451733
1.492489
1.353741
1.397798
1.452501
1.560629
1.473151
1.509937
1.422705
1.556801
1.421923
1.32402
1.473566
1.418756
1.456208
1.526295
1.498573
1.277159
1.527181
1.478202
1.554285
1.517061
1.384829
1.380225
1.234145
1.332668
1.397276
1.355306
1.430542
1.302225
1.379018
1.45528
1.433604
1.369722
1.372309
1.360447
1.336539
1.477498
1.464314
1.44697
1.542148
1.58045
1.404977
1.317549
1.457373
1.525712
1.321373
1.387768
1.408683
1.398878
1.391115
1.394728
1.351397
1.45651
1.371097
1.416758
1.552062
1.567159
1.23492
1.374169
1.381423
1.444953
1.466388
1.431899
1.449789
1.481438
1.442618
1.474512
1.571862
1.448253
1.352843
1.3334
1.46047
1.385979
1.438742
1.484513
1.381439
1.47482
1.602949
1.412976
1.44495
1.423098
1.517996
1.494502
1.414819
1.545747
1.498362
1.601171
1.342746
1.267336
1.473988
1.417591
1.271716
1.295697
1.38218
1.514671
1.506512
1.4299
1.359148
1.62617
1.450516
1.614337
1.373519
1.526637
1.500918
1.397156
1.559384
1.471123
1.583145
1.469196
1.362894
1.511191
1.545546
1.533043
1.430419
1.495563
1.353807
1.555197
1.578883
1.442311
1.447561
1.397213
1.367967
1.506742
1.467869
1.432062
1.429464
1.375499
1.441821
1.309701
1.497916
1.398289
1.578102
1.267399
1.60029
1.40439
1.564881
1.532898
1.375127
1.404979
1.378451
1.431351
1.51695
1.312684
1.464651
1.4621
1.44367
1.350318
1.451023
1.343544
1.51906
1.50096
1.335646
1.52617
1.395658
1.426138
1.446921
1.415209
1.475748
1.363357
1.424128
1.396767
1.695992
1.3464
1.334888
1.552173
1.43059
1.536073
1.357431
1.421589
1.449294
1.436002
1.666071
1.486098
1.483136
1.409097
1.404762
1.52165
1.40579
1.271496
1.398424
1.345258
1.408304
1.466521
1.530227
1.343931
1.364608
1.419006
1.315999
1.411417
1.409552
1.287588
1.497934
1.345726
1.528438
1.407023
1.514913
1.48617
1.68525
1.546289
1.259595
1.367588
1.304882
1.566107
1.497335
1.304294
1.514546
1.525158
1.44967
1.411649
1.357058
1.353018
1.415458
1.402995
1.360229
1.520815
1.300595
1.351343
1.414789
1.349684
1.419424
1.286694
1.55723
1.440486
1.30996
1.440999
1.56103
1.605781
1.600208
1.382398
1.331962
1.472993
1.389843
1.42826
1.487927
1.364646
1.568289
1.380465
1.646209
1.522848
1.475565
1.49961
1.54997
1.493474
1.515836
1.508535
1.600508
1.514173
1.622265
1.420811
1.458569
1.40277
1.424982
1.547242
1.423787
1.392478
1.435712
1.576605
1.518439
1.441038
1.468442
1.323883
1.458306
1.372084
1.618999
1.420622
1.61824
1.375229
1.465674
1.460697
1.544375
1.427257
1.737569
1.415581
1.430001
1.436527
1.401622
1.651347
1.388963
1.360111
1.41288
1.389227
1.448234
1.676705
1.558181
1.516668
1.428157
1.364672
1.410788
1.521364
1.453661
1.468669
1.173963
1.342319
1.567947
1.39226
1.292972
1.420646
1.317997
1.507634
1.603077
1.567296
1.382258
1.427681
1.514435
1.559582
1.389135
1.364941
1.38965
1.559915
1.365379
1.482791
1.556268
1.250279
1.328424
1.570148
1.364498
1.427994
1.459519
1.443939
1.488052
1.494186
1.605052
1.458305
1.427695
1.402381
1.423466
1.481852
1.536123
1.516149
1.367091
1.465965
1.507572
1.473469
1.538632
1.571648
1.363807
1.57544
1.483487
1.465877
1.475867
1.4908
1.713254
1.50138
1.533985
1.439788
1.496509
1.312469
1.311746
1.379864
1.430133
1.420612
1.366579
1.42288
1.617708
1.544976
1.317575
1.480046
1.32592
1.302575
1.289654
1.390403
1.278827
1.378876
1.480339
1.582981
1.408706
1.288293
1.413074
1.499942
1.436909
1.435622
1.339956
1.286279
1.388845
1.381389
1.472163
1.4344
1.401433
1.463582
1.492925
1.486558
1.464983
1.35286
1.327239
1.327178
1.428202
1.38696
1.480896
1.409106
1.430855
1.480348
1.45152
1.507145
1.457747
1.366111
1.367352
1.32119
1.565331
1.448156
1.362491
1.43426
1.383298
1.329096
1.383886
1.530766
1.480105
1.480294
1.457813
1.325964
1.277803
1.435714
1.353978
1.309744
1.36192
1.386222
1.487048
1.5001
1.362436
1.489193
1.471119
1.323178
1.526207
1.378093
1.527225
1.414668
1.591683
1.46779
1.4387
1.294423
1.554326
1.253695
1.430304
1.419766
1.455992
1.413465
1.495755
1.465111
1.363807
1.345507
1.647166
1.540825
1.320472
1.507785
1.333858
1.475911
1.392785
1.490364
1.439386
1.437878
1.40026
1.294947
1.337452
1.451909
1.3707
1.362169
1.368837
1.342407
1.491017
1.283883
1.38121
1.507494
1.282795
1.413742
1.387907
1.540766
1.407103
1.414607
1.311042
1.307786
1.328101
1.454754
1.396019
1.588819
1.579412
1.386979
1.494893
1.461747
1.48011
1.284563
1.381951
1.624794
1.404384
1.38297
1.505182
1.350794
1.405762
1.483435
1.306531
1.325184
1.405018
1.362077
1.203837
1.345705
1.411038
1.443006
1.382708
1.519084
1.505515
1.396916
1.271087
1.478531
1.353972
1.263409
1.34539
1.421376
1.580611
1.499028
1.549027
1.48249
1.351812
1.335607
1.472797
1.373878
1.424011
1.42296
1.442688
1.479306
1.33367
1.419429
1.400955
1.419503
1.499707
1.446316
1.50403
1.301954
1.514489
1.467089
1.334694
1.579714
1.484539
1.302712
1.405481
1.494691
1.361423
1.392759
1.357773
1.52693
1.472832
1.448638
1.4324
1.46979
1.362381
1.363142
1.368186
1.384216
1.403639
1.374054
1.38496
1.3853
1.365896
1.34126
1.34793
1.449578
1.429449
1.402388
1.472774
1.367281
1.464018
1.454418
1.400676
1.536053
1.589419
1.330427
1.365208
1.455297
1.55055
1.393054
1.543589
1.459665
1.483041
1.396759
1.343712
1.38048
1.349325
1.559101
1.40577
1.400367
1.382007
1.401111
1.442682
1.517719
1.351041
1.289861
1.298354
1.548146
1.447163
1.32543
1.266338
1.508304
1.381643
1.335409
1.56659
1.353271
1.535224
1.357211
1.329911
1.449809
1.424682
1.387086
1.414553
1.410414
1.414518
1.356429
1.391227
1.504386
1.473629
1.597349
1.553689
1.371115
1.476258
1.556184
1.369485
1.46803
1.395352
1.44408
1.447212
1.386094
1.528804
1.486677
1.478998
1.399203
1.355503
1.622713
1.497473
1.383506
1.276319
1.360434
1.517449
1.463436
1.422897
1.595035
1.566071
1.348169
1.251696
1.653949
1.595517
1.403672
1.378253
1.455657
1.428997
1.460903
1.459833
1.634563
1.339228
1.364906
1.448727
1.458585
1.411118
1.460881
1.617271
1.46915
1.403625
1.403905
1.41233
1.423527
1.469174
1.576543
1.403514
1.353032
1.404888
1.418147
1.52737
1.401967
1.469267
1.508447
1.562238
1.27792
1.418777
1.454033
1.598838
1.551857
1.448677
1.373043
1.246936
1.429037
1.485793
1.423146
1.301283
1.399734
1.572562
1.371443
1.424127
1.510802
1.516167
1.288707
1.477248
1.411206
1.333273
1.447165
1.472821
1.429288
1.526601
1.356416
1.394616
1.500277
1.447204
1.348217
1.380308
1.387935
1.522933
1.543797
1.454765
1.321414
1.301709
1.538118
1.514696
1.291732
1.397885
1.403892
1.324016
1.436044
1.409143
1.340288
1.345887
1.514828
1.473642
1.54991
1.359681
1.614966
1.4768
1.479139
1.383222
1.55136
1.21348
1.316755
1.397387
1.542048
1.213487
1.310467
1.365579
1.409697
1.480668
1.348278
1.374125
1.269736
1.418482
1.426918
1.357515
1.388343
1.282719
1.317992
1.337244
1.375567
1.518568
1.379806
1.526032
1.453753
1.472953
1.406054
1.436976
1.356197
1.429363
1.361576
1.487301
1.462066
1.405849
1.324435
1.412775
1.421086
1.435021
1.293406
1.454613
1.426659
1.363897
1.317619
1.332649
1.441749
1.509024
1.417631
1.406148
1.635175
1.419321
1.454476
1.469909
1.272427
1.382193
1.535809
1.464212
1.291387
1.417667
1.318989
1.284512
1.260389
1.568918
1.389202
1.421998
1.296222
1.439801
1.358133
1.414213
1.655735
1.556404
1.352791
1.45115
1.386814
1.544042
1.468019
1.412686
1.26152
1.546156
1.400484
1.516091
1.414784
1.32133
1.477321
1.338155
1.510262
1.34448
1.243155
1.518047
1.386301
1.429857
1.419108
1.466637
1.511469
1.512619
1.399852
1.293502
1.271756
1.362692
1.429682
1.492528
1.50744
1.407044
1.44702
1.461558
1.419069
1.361959
1.391198
1.497333
1.393519
1.388622
1.48922
1.52705
1.367173
1.48233
1.419501
1.420555
1.471799
1.391271
1.447669
1.478005
1.520622
1.436342
1.521453
1.321358
1.269881
1.469622
1.339115
1.340479
1.40247
1.380299
1.488329
1.42187
1.472757
1.36502
1.387143
1.466526
1.390546
1.372298
1.571206
1.342425
1.460515
1.478598
1.513484
1.390873
1.467503
1.338014
1.444411
1.429485
1.431883
1.573583
1.430899
1.345365
1.304948
1.47806
1.304434
1.367126
1.368818
1.24909
1.278473
1.604922
1.335902
1.290675
1.369217
1.298738
1.417476
1.376527
1.379933
1.327272
1.504687
1.476737
1.390254
1.417594
1.399912
1.432558
1.506468
1.462575
1.336491
1.317545
1.399919
1.364438
1.275218
1.463966
1.437666
1.395195
1.572799
1.447599
1.524335
1.406585
1.365104
1.499596
1.464948
1.44333
1.590223
1.413213
1.309597
1.450372
1.407948
1.445155
1.45414
1.472909
1.449402
1.399539
1.491623
1.359783
1.549432
1.385431
1.434208
1.382137
1.428972
1.514592
1.241855
1.427392
1.434946
1.4113
1.343403
1.478613
1.479688
1.355596
1.448153
