1.199573
1.170709
1.155584
1.137049
1.097877
1.105092
1.03314
0.9964959
1.011003
1.048953
1.066606
1.002026
0.994798
0.9547183
0.9510803
0.9315833
0.9454826
1.005019
1.044737
1.0352
1.025573
1.040493
1.079486
1.104583
1.03454
1.016511
0.9991347
1.009285
0.9965877
0.8918138
0.852889
0.8187046
0.9121044
0.9703499
1.033051
0.923133
0.9023544
0.8902057
0.9145005
0.8957315
0.9473314
0.9535691
0.9340374
0.8763081
0.8187807
0.8297787
0.7765941
0.7536735
0.7507644
0.719323
0.7004842
0.7041778
0.6375652
0.6224628
0.6079158
0.6536855
0.6793865
0.679479
0.6561333
0.6164017
0.6153646
0.6460804
0.6723828
0.6858435
0.6691061
0.7066097
0.6991039
0.8134027
0.7597486
0.7738373
0.7993248
0.903312
0.9169551
0.9499419
0.9056564
0.9367318
1.028972
1.062218
1.042377
1.083564
1.022576
1.030647
0.9808352
1.019556
1.063096
1.092536
1.171689
1.175644
1.195847
1.179422
1.174581
1.132218
1.069498
1.078977
0.9981212
0.9614429
0.9684826
0.9478638
0.9409871
0.9733237
0.9778933
1.019161
1.024792
1.073969
1.186729
1.25227
1.317027
1.332439
1.267225
1.269109
1.431713
1.440547
1.445391
1.443201
1.430135
1.424721
1.444991
1.446697
1.457837
1.445507
1.365292
1.368197
1.365971
1.352759
1.226874
1.197774
1.189344
1.165268
1.27856
1.279986
1.281233
1.233976
1.178172
1.10912
1.126998
1.147149
1.187579
1.149878
1.165135
1.203716
1.277469
1.35927
1.387242
1.402553
1.412971
1.413785
1.38595
1.467255
1.417731
1.380929
1.312194
1.275081
1.232245
1.251747
1.28085
1.339319
1.316722
1.267067
1.254585
1.264281
1.227822
1.232038
1.163845
1.105443
1.093508
1.038083
1.004517
0.8703803
0.8535381
0.8603787
0.8698907
0.8599863
0.788292
0.7396254
0.7524848
0.7408385
0.7499434
0.7582787
0.7014779
0.6520258
0.5871632
0.529182
0.518321
0.4862302
0.4920153
0.5140683
0.5653185
0.544684
0.5230548
0.5945801
0.6045359
0.6428753
0.6134498
0.6726727
0.6810187
0.6525416
0.6292033
0.6530351
0.6373181
0.6115086
0.5651397
0.559668
0.5866204
0.5468345
0.5877332
0.6711704
0.591675
0.5439489
0.5568547
0.6744843
0.7139696
0.7166861
0.7275263
0.7540034
0.7895486
0.8149457
0.7592305
0.6856033
0.6627883
0.5895883
0.645329
0.6763582
0.7591906
0.7696029
0.7378095
0.7958563
0.809183
0.8337994
0.8183541
0.8030743
0.728153
0.7799633
0.761195
0.7206301
0.7597176
0.7123491
0.6381864
0.6659189
0.5964862
0.5115504
0.4894705
0.5360286
0.4464331
0.3682748
0.2950429
0.3743336
0.4136623
0.3653391
0.3156304
0.3250527
0.2786781
0.3092272
0.3727708
0.4174407
0.3713247
0.4095758
0.4930837
0.4987045
0.5061751
0.4626111
0.5941762
0.5377852
0.606416
0.5951472
0.6283543
0.539773
0.4918464
0.4536792
0.4424162
0.5151624
0.5956225
0.581696
0.6094937
0.6330524
0.6310197
0.6311699
0.5681008
0.527834
0.5773069
0.6111785
0.4932753
0.4434889
0.4667645
0.4461939
0.3906959
0.3500623
0.3647558
0.3135377
0.331678
0.3792804
0.4137002
0.4298947
0.4891721
0.4312832
0.3664959
0.3382585
0.3636247
0.4272133
0.4449494
0.4521384
0.4071941
0.3444565
0.3128696
0.2786382
0.2042461
0.2373295
0.2409969
0.2899234
0.2568851
0.2655419
0.3440064
0.3657315
0.3242057
0.3675355
0.347604
0.3442392
0.3689187
0.3704071
0.3882504
0.3987275
0.4437849
0.4739162
0.5074361
0.5167374
0.5010236
0.4138407
0.4265988
0.4804715
0.5580946
0.5710841
0.5628078
0.6426023
0.6491418
0.6492441
0.757877
0.7795508
0.7144812
0.7581925
0.7398905
0.7633539
0.7650077
0.7678692
0.7582476
0.756622
0.7442848
0.7015576
0.7115152
0.6405356
0.6597562
0.631998
0.6552399
0.682738
0.6636621
0.6581087
0.6964178
0.7151755
0.624056
0.6881544
0.6762426
0.656099
0.6622966
0.638788
0.6186965
0.598672
0.5958584
0.6626355
0.6395882
0.6825511
0.6629642
0.7060169
0.7556318
0.8211475
0.7840598
0.7253987
0.7267294
0.7593196
0.7623415
0.8041873
0.7959679
0.7942516
0.7426292
0.8004298
0.830422
0.8287711
0.791818
0.8512356
0.8229276
0.8450488
0.8229102
0.7760133
0.7608049
0.6497259
0.6585698
0.6585264
0.6099154
0.5883294
0.5241396
0.4580581
0.4759688
0.4282678
0.506781
0.5380513
0.4489297
0.4346916
0.477459
0.4725306
0.5016873
0.473146
0.5124475
0.5163784
0.4518736
0.4560761
0.4833624
0.4624511
0.478565
0.4666826
0.482295
0.4927326
0.5541366
0.5030843
0.4310773
0.4634788
0.4156815
0.3885785
0.3874968
0.4824699
0.4998707
0.58553
0.5026
0.5025826
0.5056356
0.5152591
0.5886668
0.5361312
0.5009683
0.4549259
0.4235971
0.441151
0.4796241
0.4472405
0.4435476
0.3832777
0.400598
0.3351711
0.3307176
0.2939434
0.315817
0.2827063
0.2778654
0.2477848
0.2557614
0.1509812
0.1030325
0.06193336
0.0705234
0.1240431
0.2344158
0.2974707
0.294421
0.2546784
0.3201896
0.2999517
0.2573552
0.2525806
0.2748999
0.341138
0.3144366
0.3746032
0.4037681
0.3562191
0.2935108
0.3107463
0.318559
0.2953169
0.3074586
0.2817368
0.2737104
0.3011432
0.3417864
0.4276694
0.4548955
0.4757471
0.5005195
0.4854771
0.5398811
0.5512495
0.4815266
0.5219777
0.5884973
0.5498537
0.5701257
0.6444724
0.5927435
0.5298793
0.5520054
0.5977394
0.606596
0.5761188
0.6335482
0.6235688
0.6466819
0.6564191
0.5804566
0.5496831
0.4256165
0.3761935
0.3626814
0.3471997
0.3366523
0.3335674
0.3995381
0.3989746
0.4030962
0.3957757
0.489294
0.4946368
0.5181524
0.5137627
0.5900073
0.4680065
0.4315202
0.3482287
0.3476874
0.3341974
0.3499218
0.3658126
0.4368993
0.3798418
0.3194265
0.3361496
0.2539988
0.2509925
0.2266463
0.2017007
0.1861628
0.1737691
0.1644507
0.2100265
0.2093605
0.283576
0.242377
0.2027054
0.2184136
0.3168039
0.4072435
0.3731595
0.433894
0.4046861
0.5194303
0.5432655
0.4977773
0.5755618
0.596702
0.5683741
0.51663
0.4150988
0.458897
0.4836484
0.4282094
0.5154334
0.4425522
0.4147188
0.398401
0.4508489
0.4650033
0.5067241
0.4697832
0.4375102
0.4472539
0.4672124
0.4345763
0.4777451
0.4318905
0.5068593
0.6147189
0.583837
0.6637824
0.6120532
0.5942565
0.586953
0.5809883
0.5001529
0.4720166
0.4909755
0.5443008
0.6035955
0.60763
0.5630816
0.5685599
0.6066532
0.5706746
0.5255706
0.5599853
0.5459422
0.5441779
0.6063473
0.5603014
0.5788751
0.5329128
0.4945787
0.4881394
0.4631591
0.4045018
0.4086824
0.3770377
0.3415494
0.3423977
0.2962399
0.2873722
0.2872118
0.2580963
0.2238702
0.2643545
0.3366426
0.3822891
0.4096624
0.3718666
0.4513596
0.3569412
0.3698867
0.3487978
0.293912
0.2668711
0.3071825
0.3174546
0.2868478
0.2984816
0.3189325
0.3582931
0.2606567
0.1848414
0.2215326
0.3216824
0.305986
0.4011961
0.5022638
0.5974115
0.6059585
0.6258807
0.633599
0.6390434
0.6889099
0.6344055
0.6186535
0.5488064
0.5257712
0.5580798
0.6443401
0.6408678
0.6314118
0.5876398
0.5199619
0.540254
0.6004139
0.5514805
0.5172264
0.5990045
0.6424368
0.6433659
0.6758885
0.6828423
0.6921883
0.6982728
0.6261132
0.735882
0.6982024
0.6895553
0.6075834
0.5920374
0.6443544
0.6475504
0.6094508
0.6659372
0.648852
0.6670076
0.6033728
0.4847872
0.4879209
0.3717154
0.3609023
0.432809
0.4204996
0.4267389
0.4619293
0.3654977
0.3922805
0.3547096
0.3671966
0.3062392
0.2280094
0.3031469
0.3640165
0.3766864
0.3524856
0.3433773
0.2650208
0.2268953
0.1864085
0.2782577
0.2140211
0.2062791
0.20156
0.1426662
0.08607842
0.1127492
0.07639025
0.03978262
0.02437916
0.01209488
0.03991486
0.02946433
-0.07133013
-0.05733969
-0.02433925
-0.01099151
0.007715616
-0.05553471
-0.1537157
-0.1822564
-0.08131019
-0.09207228
-0.08103521
-0.08099977
-0.1275951
-0.1293424
-0.1331053
-0.2433831
-0.2377366
-0.2473031
-0.1852647
-0.1607449
-0.1628062
-0.1689651
-0.1151527
-0.04483579
0.03319922
0.06178655
0.1038966
0.07953214
0.08030112
0.1052765
0.1367117
0.2731843
0.2678301
0.2638438
0.2531878
0.2232788
0.241762
0.2465547
0.2831101
0.2911514
0.3603477
0.3411353
0.3916043
0.397251
0.2974572
0.2487379
0.2771971
0.2899315
0.2896226
0.3576319
0.3689052
0.3843938
0.3598629
0.3445222
0.302717
0.3050903
0.3315838
0.3502045
0.3537903
0.4467734
0.4178889
0.4776537
0.4885619
0.4751901
0.4787825
0.4124675
0.4515013
0.4318538
0.4316629
0.4188524
0.4619496
0.5164488
0.5759078
0.5691887
0.5839383
0.5552418
0.5650896
0.5725516
0.660627
0.6640287
0.6837302
0.6913727
0.6757194
0.6622754
0.5927526
0.5497006
0.5313984
0.5430106
0.5567439
0.5777316
0.5602028
0.616421
0.637514
0.6317777
0.6934242
0.7438665
0.763616
0.8868389
0.8512954
0.8328872
0.7835874
0.7350707
0.7143888
0.7639981
0.7564635
0.6825406
0.6875331
0.567178
0.5563589
0.6309188
0.6087207
0.5453638
0.5421679
0.4786901
0.4408115
0.444889
0.4810104
0.4217058
0.3795197
0.3791766
0.3489199
0.2850949
0.2525056
0.2138834
0.1813262
0.1686671
0.2061451
0.1908197
0.1391779
0.131797
0.02812514
0.1136745
0.09304643
0.1425309
0.1374255
0.1337318
0.13761
0.1276673
0.1317338
0.06892471
0.03323866
0.02481381
0.07293981
0.08234654
-0.03729386
-0.04207681
-0.02569155
-0.04139216
-0.03426517
-0.02999075
0.01883731
0.09411155
0.1044869
0.149099
0.175977
0.1653607
0.1707146
0.2082401
0.1622058
0.1350791
0.07550736
0.1286703
0.162335
0.1253898
0.1221758
0.08288192
0.003481587
0.009988882
0.05205729
0.06438226
0.1066756
0.09661383
0.1861011
0.1881261
0.2314394
0.2941487
0.3497791
0.3098605
0.2820668
0.3330548
0.3589464
0.4442498
0.4411084
0.4474434
0.4251051
0.3317603
0.2521091
0.219061
0.2038346
0.1734145
0.1971887
0.1537449
0.1847478
0.237805
0.1123231
0.01677289
-0.0534883
-0.09983936
-0.1728415
-0.1592551
-0.08294009
-0.05308492
0.04459556
0.1130598
0.1196845
0.1037727
0.08887249
0.05386016
0.06355159
0.01993588
0.02917089
0.1081326
0.05534589
-0.08650312
-0.05395301
-0.04884533
-0.05379069
-0.03132799
-0.07511005
-0.08607126
-0.09290564
-0.09901672
-0.1171103
-0.1088993
-0.1558199
-0.2029251
-0.2178306
-0.1974973
-0.09510397
-0.1404144
-0.1134648
-0.1197763
-0.06174427
-0.04682539
-0.1062738
-0.1639329
-0.1954087
-0.1765599
-0.1580962
-0.1234944
-0.1762707
-0.209656
-0.2995051
-0.3155435
-0.2675603
-0.231183
-0.2231935
-0.1811208
-0.2309557
-0.2258796
-0.1747187
-0.1918277
-0.1783299
-0.2204445
-0.3152264
-0.3352177
-0.3402101
-0.2787488
-0.2411745
-0.2461934
-0.3403887
-0.3605954
-0.3575675
-0.3589554
-0.3608396
-0.3052513
-0.3268113
-0.3666015
-0.3677708
-0.3481054
-0.325138
-0.4016736
-0.4227434
-0.4756068
-0.4777322
-0.575691
-0.5722245
-0.55071
-0.5659014
-0.5499141
-0.5261392
-0.5467476
-0.6630167
-0.6706401
-0.6809109
-0.6045236
-0.6621789
-0.6935269
-0.6852032
-0.6765192
-0.5875012
-0.5872291
-0.549824
-0.4677074
-0.3887255
-0.4211764
-0.3584451
-0.3243555
-0.2348099
-0.2265049
-0.2487151
-0.317933
-0.4045919
-0.4117158
-0.3989574
-0.4717371
-0.4580293
-0.4271801
-0.41648
-0.3891912
-0.412538
-0.4061584
-0.3945527
-0.3649171
-0.3716902
-0.3130789
-0.3163711
-0.2590766
-0.2317722
-0.2178584
-0.2162366
-0.2900421
-0.3041602
-0.2107222
-0.3135331
-0.3633848
-0.3963805
-0.4527682
-0.491555
-0.4004398
-0.4372875
-0.4082436
-0.4631271
-0.5334863
-0.4707715
-0.5272859
-0.5498451
-0.607692
-0.6638016
-0.5932783
-0.6918956
-0.7266311
-0.6797575
-0.6100916
-0.5646046
-0.5273468
-0.4728113
-0.504764
-0.5193195
-0.4480662
-0.4394772
-0.4340131
-0.443911
-0.4227672
-0.3925109
-0.4253053
-0.3911808
-0.3732479
-0.4537169
-0.3780044
-0.3736389
-0.3645218
-0.232562
-0.2149802
-0.2480386
-0.1998837
-0.1446913
-0.1870592
-0.1915702
-0.218246
-0.1120015
-0.1056981
-0.05311388
-0.06027439
-0.03672897
-0.0541806
0.05918695
0.04147068
0.0172128
0.008170362
0.007583623
-0.01230846
-0.03792404
-0.06363888
-0.05830664
-0.02121428
-0.08836821
-0.08110974
-0.08061997
0.0006512112
0.01112647
0.02743766
-0.03289569
-0.0219006
-0.00205695
-0.02719122
0.03603046
0.06211559
0.06008672
0.03547188
0.0549173
0.09029116
0.1420462
0.09281642
0.09968145
0.01140464
0.04066309
-0.03157529
-0.04399308
-0.1150156
-0.09902967
-0.0242288
0.02180005
0.009521627
0.01279048
0.005027828
-0.03056573
-0.04130975
-0.0586776
-0.03165668
-0.02270556
0.008452374
-0.02421227
-0.02278695
-0.01974157
-0.001176397
0.02786627
0.09060647
0.06852416
0.1173514
0.1666571
0.126053
0.06294031
0.1329865
0.1821033
0.1669168
0.2044795
0.2163428
0.2232791
0.2555293
0.2304708
0.2276401
0.2053101
0.1599743
0.1641931
0.1736709
0.09334751
0.15867
0.21438
0.2710818
0.2972989
0.3273674
0.274527
0.2156193
0.2027267
0.2019216
0.1905348
0.2011584
0.1319846
0.1375239
0.06950803
0.1066689
0.1258506
0.1330395
0.145309
0.1383935
0.1705409
0.1907955
0.2679225
0.2660502
0.2442227
0.2421527
0.3113783
0.2433186
0.2766356
0.1691312
0.09409696
0.00594367
-0.01884112
-0.05007853
-0.07104062
-0.1312486
-0.1392501
-0.2442109
-0.1978538
-0.07267645
-0.01793623
-0.01927364
-0.05636726
-0.005987271
0.01996852
0.0873908
0.1677837
0.2349591
0.2144355
0.2509515
0.2230098
0.2138467
0.2642165
0.2163035
0.2076027
0.177944
0.1549761
0.1329281
0.1316755
0.1180828
0.2132587
0.1668508
0.1938717
0.1466389
0.1064977
0.07192149
0.09923062
0.2135422
0.2080797
0.2379467
0.1783237
0.1258944
0.04259958
0.08589622
0.1264413
0.1334866
0.1714204
0.2171782
0.1850372
0.1116653
0.1616874
0.08773194
0.1027776
0.06646814
0.1218281
0.262603
0.2650151
0.3154035
0.3647207
0.4210977
0.4369231
0.4596113
0.4035267
0.3731102
0.3563238
0.2914316
0.3492474
0.3312292
0.309302
0.328803
0.3888366
0.407093
0.4848618
0.5276879
0.5510582
0.5917864
0.7361882
0.7752734
0.7827306
0.829065
0.8434714
0.7520411
0.7649406
0.7702632
0.8026918
0.8621583
0.9051599
0.8310521
0.7624337
0.7087051
0.6828358
0.7189678
0.7180001
0.7997438
0.8007837
0.7566579
0.8510664
0.8061884
0.8171959
0.8296067
0.7943118
0.8154974
0.8432943
0.8199952
0.8191215
0.8980692
0.8770372
0.8960523
0.9066356
0.8710041
0.8751103
0.870422
0.9073505
0.9365923
0.8319816
0.8633726
0.8621977
0.8990384
0.8994601
0.7588645
0.7047539
0.6987742
0.6793061
0.5534916
0.5467404
0.5233245
0.576694
0.6020443
0.5598452
0.5225136
0.5700379
0.4916716
0.5420089
0.5246163
0.5193635
0.4643544
0.4043239
0.4029833
0.418477
0.3365065
0.3624671
0.4437685
0.54585
0.5891428
0.5980213
0.5948461
0.6351321
0.6913532
0.757199
0.7426763
0.7928935
0.8370893
0.9532127
0.9564194
0.9710942
0.9828644
1.030389
1.032169
0.9968284
0.8998123
0.8930128
0.9341299
0.9571596
0.9773097
1.052361
1.07229
1.037976
1.028147
0.9802653
1.007631
1.007013
1.017333
1.038263
1.059951
0.9306867
0.9054388
0.8312092
0.8390679
0.8605614
0.8964262
0.8601425
0.8789548
0.9254757
0.9715388
0.9308822
0.9160765
0.9663512
1.011888
1.065327
1.110931
1.165302
1.168759
1.220901
1.156837
1.044086
1.061772
1.153508
1.110964
1.104341
1.160241
1.182822
1.182236
1.209933
1.206697
1.14992
1.151162
1.039316
1.02752
1.055728
0.9904838
0.9607585
0.8987024
0.8379767
0.8865051
0.8510035
0.8694509
0.8372081
0.8186944
0.8277854
0.789166
0.6595994
0.6750551
0.6250133
0.566474
0.5862085
0.6084918
0.5995163
0.567791
0.5597623
0.6154739
0.5823208
0.5199103
0.5021453
0.5365869
0.5068382
0.5724795
0.5716667
0.5476986
0.4876951
0.4492293
0.4160578
0.3896277
0.373034
0.3621511
0.3631137
0.3672422
0.4174026
0.468876
0.5837561
0.6559728
0.6280507
0.5897987
0.5932522
0.589952
0.6041317
0.5143059
0.5677878
0.5828374
0.6501389
0.7409564
0.7179159
0.6989067
0.6932359
0.7021777
0.6296697
0.6973025
0.5917508
0.5442623
0.4777912
0.5629642
0.545168
0.4933428
0.5308759
0.4580318
0.4734935
0.4240401
0.4512092
0.4096102
0.5504646
0.4639329
0.4298377
0.3758225
0.3787754
0.3586809
0.3921172
0.4432731
0.3800509
0.3377502
0.3806182
0.4431233
0.4468446
0.4470358
0.3606245
0.2964946
0.2898293
0.3882892
0.3363207
0.40873
0.3855943
0.4057824
0.4041357
0.380421
0.3401249
0.3397278
0.3756886
0.3669032
0.44072
0.5480818
0.5311872
0.5362627
0.5449972
0.5124877
0.4746282
0.4767144
0.487809
0.4722454
0.5098891
0.4696515
0.4924574
0.4798728
0.4601532
0.4522815
0.4504851
0.5702346
0.5806709
0.6434922
0.6648792
0.6783806
0.6344345
0.674863
0.7191078
0.6789496
0.6906706
0.7760823
0.8740518
0.9437175
0.9368402
0.9859347
1.013296
1.032663
0.9892893
0.9376412
0.9648435
0.9078399
0.9495351
0.9137047
0.9462004
0.8868732
0.891504
0.8735034
0.9548982
0.9855339
0.9112684
0.9370028
0.9315387
0.9620827
0.9624554
0.9360792
0.9357055
0.9175921
0.8949104
0.9084722
0.9401061
0.882456
0.8662806
0.8649446
0.8303697
0.8324225
0.8998541
0.8470177
0.8921126
0.8909257
0.8786661
0.8364883
0.8611959
0.9100096
0.8704349
0.845881
0.7337986
0.7776209
0.752911
0.8017843
0.8221404
0.772196
0.7820336
0.8201553
0.8564152
0.9562654
0.9249978
0.9535905
0.9006781
0.9082589
0.9310608
0.9103016
0.8772879
0.8431775
0.8782434
0.8730905
0.9497044
0.9046243
0.9722591
0.9541826
0.9521735
0.9311889
0.8730686
0.8409909
0.8888332
0.9670808
0.9080339
0.8835444
0.8815862
0.8982189
0.8503833
0.8377343
0.8469373
0.9011911
0.9300561
0.8746549
0.9771989
0.9420897
0.8966912
0.8505502
0.8833861
0.8567606
0.8607223
0.8116009
0.8108636
0.8208339
0.8053707
0.8281308
0.9314396
0.9645802
1.013865
1.046153
1.132897
1.154798
1.141513
1.146624
1.105832
1.145505
1.107904
1.166452
1.121817
1.064777
1.064272
1.059672
1.028205
0.9730166
0.9779527
0.9541447
1.036871
1.045338
0.959778
0.8949286
0.7869191
0.8309887
0.7839965
0.8014927
0.7834888
0.8024427
0.8702485
0.808213
0.815165
0.8825889
0.860863
0.8400348
0.8254705
0.8739909
0.8924091
1.015208
1.056986
1.097398
1.062291
1.082201
1.06405
1.082168
1.090778
1.070248
1.167226
1.217264
1.225011
1.206332
1.20989
1.232639
1.197452
1.280102
1.174203
1.213581
1.254089
1.19723
1.168905
1.251829
1.180476
1.25042
1.224488
1.175642
1.186561
1.210948
1.153816
1.162284
1.163723
1.151699
1.159389
1.178104
1.167057
1.241304
1.184895
1.202488
1.25348
1.19122
1.130166
1.140723
1.12653
1.043326
1.075248
1.119034
1.207203
1.182384
1.142329
1.13664
1.031668
0.9987544
0.9794213
0.9210809
0.9414157
0.8226208
0.848059
0.8122093
0.7410068
0.7950462
0.8270491
0.8726978
0.8976126
0.9985884
1.012351
1.062139
1.151673
1.092615
1.076845
1.13656
1.086731
1.136483
1.059887
1.025425
0.9931012
0.9295231
0.94295
0.957663
0.8645832
0.7396686
0.6655727
0.6560921
0.7178683
0.729213
0.6668891
0.613061
0.6869718
0.5753823
0.5353761
0.4268854
0.4553281
0.486033
0.4401841
0.4151076
0.3669729
0.3432346
0.3876266
0.4233488
0.3216026
0.3731848
0.4891184
0.4542659
0.4578723
0.466185
0.5005668
0.4428344
0.430987
0.413776
0.4708267
0.5032195
0.5418549
0.5455975
0.5673057
0.5949913
0.6771938
0.6933422
0.7635545
0.8106817
0.7584959
0.7984618
0.7995198
0.823677
0.7432684
0.7102728
0.7662785
0.7381994
0.7447595
0.6952423
0.7455043
0.7160062
0.6702109
0.5885253
0.6536171
0.6516052
0.6668114
0.6435418
0.638736
0.6121413
0.5808801
0.5461871
0.5882079
0.5529414
0.552147
0.5315027
0.5412141
0.5957787
0.5823708
0.5589015
0.5913942
0.6424381
0.6287042
0.6306944
0.5654708
0.5356249
0.5298871
0.5517644
0.5981339
0.5572848
0.5567214
0.584694
0.5363524
0.5601562
0.5950633
0.5597086
0.6041867
0.5785127
0.6254854
0.6347284
0.6241785
0.593824
0.539741
0.5185037
0.5182111
0.4724064
0.4721939
0.4659644
0.5039092
0.4822526
0.4274442
0.4289109
0.4090018
0.4780292
0.5548422
0.5559043
0.5634405
0.5267221
0.4580166
0.4208986
0.4062708
0.3755822
0.288532
0.2390768
0.224314
0.2349463
0.1992737
0.2806154
0.3244846
0.3202932
0.4546193
0.4553284
0.4477253
0.4417544
0.4204016
0.381069
0.2712531
0.2613183
0.2143774
0.1655192
0.1141957
0.09493108
0.1058429
0.09271826
0.1514209
0.1871839
0.1918672
0.1864417
0.1784541
0.1833189
0.2159878
0.2564017
0.2699321
0.2750581
0.2240765
0.1590403
0.07159289
0.03607021
-0.01946449
-0.06065681
-0.06405929
-0.03206613
-0.09075138
-0.03840257
0.01369294
0.01104827
0.02608682
-0.0499607
0.03037317
0.0856712
0.06823238
0.005891088
0.006872844
-0.03831278
-0.00327987
0.004821394
0.05854104
0.1124559
0.1609483
0.2601283
0.2675376
0.2127727
0.2580546
0.2674085
0.261992
0.2015444
0.1661688
0.1135742
0.1134656
0.08825318
0.04172088
0.1373791
0.1432265
0.1131901
0.09423441
0.03747411
0.03073449
0.01529161
-0.07213791
-0.1066147
-0.175945
-0.1959949
-0.2447603
-0.2477719
-0.2745795
-0.2257288
-0.285728
-0.3470583
-0.3395609
-0.3484549
-0.3547713
-0.332912
-0.380396
-0.3682421
-0.4077307
-0.5154715
-0.5020607
-0.5775572
-0.5451929
-0.5059351
-0.4365903
-0.4104513
-0.4048317
-0.3997216
-0.3849685
-0.4128415
-0.3676487
-0.3254183
-0.3734868
-0.4145154
-0.3703522
-0.3298361
-0.2973781
-0.3124322
-0.3153037
-0.3106058
-0.2616286
-0.3503616
-0.3811258
-0.4235707
-0.482019
-0.5429575
-0.5590359
-0.5519289
-0.583019
-0.6276473
-0.5294313
-0.5625538
-0.6453574
-0.6158292
-0.6825678
-0.7512959
-0.7600801
-0.7219439
-0.7340433
-0.7267979
-0.7237
-0.7952004
-0.8056663
-0.8081083
-0.8716442
-0.8844819
-0.9893428
-1.035149
-0.9163378
-0.890428
-1.018847
-0.9556406
-0.8809261
-0.915062
-0.8743054
-0.8154869
-0.8013005
-0.7265018
-0.6957105
-0.6371357
-0.6263974
-0.6210359
-0.5884832
-0.6205067
-0.6245174
-0.6277748
-0.6243254
-0.5827595
-0.553057
-0.542427
-0.5468213
-0.5757142
-0.4631402
-0.4342874
-0.430649
-0.319734
-0.3375806
-0.3180721
-0.2969608
-0.3033198
-0.2534073
-0.3136073
-0.3176913
-0.3462399
-0.357939
-0.3649499
-0.3601651
-0.4361587
-0.3700047
-0.4130266
-0.5244393
-0.4793846
-0.4719649
-0.4678085
-0.4697201
-0.4839524
-0.5277257
-0.5663401
-0.5309569
-0.5572015
-0.5076564
-0.5541874
-0.5682441
-0.5553254
-0.5255881
-0.4609201
-0.5134833
-0.4406675
-0.4579781
-0.3664327
-0.3380211
-0.3202122
-0.3086592
-0.3804108
-0.431881
-0.3846579
-0.3685123
-0.3293827
-0.3389182
-0.434887
-0.5196345
-0.5512012
-0.5993468
-0.6762322
-0.8265868
-0.9008571
-0.932217
-0.9380991
-0.985925
-1.017977
-1.041199
-0.9978448
-1.083013
-1.046997
-1.042197
-1.046299
-1.044868
-0.9858049
-0.9132994
-0.8986108
-0.8471632
-0.879606
-0.890883
-0.8698342
-0.8462215
-0.8228308
-0.7679623
-0.7036788
-0.6604481
-0.6793116
-0.6164871
-0.6288696
-0.5732355
-0.5236984
-0.5202193
-0.5709918
-0.5210592
-0.5447824
-0.5680624
-0.6342791
-0.7292604
-0.7083592
-0.7356021
-0.7188918
-0.7511967
-0.7328667
-0.6847711
-0.6258642
-0.6311232
-0.6447788
-0.5964291
-0.5708732
-0.4601729
-0.4299545
-0.4219083
-0.4325323
-0.3873587
-0.2975223
-0.3662606
-0.5050977
-0.5002328
-0.4843115
-0.4613237
-0.3752404
-0.4038301
-0.3773781
-0.3714495
-0.3915228
-0.3597815
-0.388386
-0.4059751
-0.4642251
-0.4432819
-0.4380034
-0.4410329
-0.3249042
-0.2546225
-0.2235178
-0.1594595
-0.1963673
-0.1811568
-0.2676765
-0.3020905
-0.2471498
-0.3270648
-0.3764365
-0.2856862
-0.2398703
-0.2353383
-0.1848612
-0.1608816
-0.1203507
-0.0671534
-0.08006946
-0.1263023
-0.1253036
-0.1081344
-0.05024088
-0.08579458
-0.01215809
-0.03875998
0.05109465
0.1469948
0.1821255
0.1680723
0.1386405
0.1937865
0.166305
0.09789387
0.1111768
0.07038493
0.06607049
0.08524809
0.07657988
0.1077353
0.1142055
0.1020449
0.1364713
0.09846678
0.07638293
0.004278008
-0.05181081
-0.07565088
-0.1789127
-0.2416013
-0.2822522
-0.2437722
-0.2846686
-0.2216425
-0.212985
-0.2429147
-0.1462243
-0.1258096
-0.1084224
-0.08933925
-0.06556676
-0.07666137
-0.1098026
-0.1251179
-0.1197942
-0.08404506
-0.0633039
-0.01238546
0.04791754
0.03691102
0.07332481
0.1128905
0.07649983
0.0346014
0.04842416
0.09265829
0.1485573
0.2163055
0.1410032
0.1862868
0.129991
0.1488037
0.0974939
-0.01568968
-0.01360076
0.02945746
0.04161612
0.05257792
0.1181161
0.185648
0.1705833
0.1280429
0.1599129
0.1760901
0.1188071
0.1312832
0.1158679
0.136655
0.1399425
0.1007076
0.1322643
0.2100461
0.3106627
0.3763235
0.3454589
0.367742
0.3988144
0.4055814
0.461943
0.4401009
0.4912753
0.445472
0.4302855
0.4617553
0.3863498
0.4407875
0.5046213
0.5370217
0.5663136
0.585056
0.4967926
0.5095581
0.5299864
0.5716045
0.5828366
0.5675362
0.6530552
0.6264594
0.5697112
0.5691371
0.593349
0.5952087
0.5225777
0.5472634
0.588154
0.5766296
0.5066547
0.4741676
0.4748459
0.5391483
0.5729078
0.5426546
0.5101711
0.5730608
0.6230759
0.6424231
0.6389087
0.6324656
0.5880507
0.6079022
0.5817952
0.4946897
0.5094809
0.4683387
0.4687841
0.4015686
0.3945573
0.4327964
0.4994697
0.5867784
0.5858613
0.5926605
0.55143
0.5284442
0.3875155
0.4969101
0.5814046
0.6619687
0.7268172
0.7703869
0.7429352
0.670891
0.7170244
0.6441067
0.6615511
0.7317776
0.7820369
0.8595523
0.9008122
0.8961337
0.8528398
0.9622264
1.000974
0.9164573
0.9462887
1.063705
1.029866
1.036705
1.050067
1.000131
0.9787198
1.006805
0.9803589
0.9770185
0.9434129
0.8974948
0.9209991
0.8979064
0.8497167
0.8391879
0.8841398
0.9174375
0.8739185
0.8096566
0.7562312
0.7335334
0.7061565
0.7240758
0.7989332
0.7580325
0.6894177
0.6662026
0.6113063
0.7204111
0.7591913
0.747836
0.8578141
0.8544611
0.9205278
0.9474176
0.970189
0.985342
0.969872
1.043277
1.030258
1.000053
1.015333
1.018606
1.091108
1.065704
1.005411
0.9486641
0.9072466
0.911187
1.031455
1.031489
1.048414
1.004268
0.9881303
0.9614202
0.9566316
0.8967481
0.8857283
0.880876
0.9190108
0.8125664
0.8283068
0.7978635
0.8190766
0.8426338
0.8478963
0.8755605
0.8759286
0.8731397
0.887859
0.8725045
0.9339502
0.9591037
0.8855216
0.8230024
0.8150563
0.9131959
0.9276335
0.9769608
0.9285675
0.9088089
0.8713069
0.8655604
0.8310354
0.7941288
0.7472709
0.7554926
0.755648
0.7471355
0.8261656
0.8416101
0.7772652
0.7308281
0.7224312
0.7924321
0.7643799
0.7547445
0.77323
0.7410302
0.6635196
0.6146858
0.5357343
0.5689079
0.4677576
0.4831256
0.513637
0.5079591
0.4703424
0.4644955
0.4957243
0.525782
0.6379681
0.679379
0.6588686
0.6720303
0.6634276
0.6933846
0.6878179
0.7049567
0.6944896
0.6668951
0.6843407
0.6900584
0.6658
0.705383
0.769419
0.8767201
0.8889485
0.8512576
0.8407151
0.7862266
0.8025752
0.8435306
0.8297507
0.7138241
0.6695146
0.665715
0.6224584
0.647187
0.6634937
0.6521074
0.6182402
0.6756918
0.6532805
0.6819226
0.6466438
0.6601891
0.6171189
0.6328811
0.5885587
0.5642608
0.5730549
0.6410301
0.6546864
0.7025619
0.6834974
0.6906057
0.5986732
0.5634894
0.5665182
0.5549684
0.5967534
0.5855334
0.6003922
0.6177709
0.7054719
0.7223688
0.7097793
0.7051323
0.687387
0.7615073
0.7746151
0.7304819
0.6912388
0.6998979
0.7298527
0.7559048
0.7917972
0.8326691
0.8811791
0.8615157
0.8668303
0.8589064
0.948833
0.9961421
1.105781
1.142579
1.008511
0.9509702
1.044548
1.027456
1.071011
1.052716
1.02559
1.042355
1.051242
1.061525
0.9727028
0.9072042
0.7806927
0.7546022
0.6845862
0.6181207
0.6612281
0.6639337
0.7146146
0.70714
0.7308159
0.7933459
0.8438492
0.9598731
0.9358347
0.9637131
1.000161
0.948978
0.9770423
1.024056
1.001703
1.012151
1.087625
1.105582
1.126698
1.144337
1.161323
1.167586
1.212194
1.242709
1.285381
1.275147
1.2349
1.1781
1.162609
1.057206
1.07025
1.059939
1.099409
1.098559
1.10088
1.151465
1.140451
1.058745
1.145522
1.22917
1.24439
1.174925
1.19739
1.186425
1.195657
1.191881
1.193025
1.267939
1.16272
1.188425
1.141374
1.045407
1.004213
0.9844733
1.029976
1.028568
1.117392
1.124836
1.175186
1.16432
1.157474
1.20093
1.248576
1.263367
1.230606
1.180526
1.12743
1.160989
1.205332
1.256257
1.265726
1.336971
1.361498
1.391273
1.385159
1.375282
1.403077
1.339677
1.266084
1.283277
1.311922
1.275065
1.262279
1.339957
1.314582
1.257209
1.280373
1.226771
1.1983
1.19691
1.195884
1.243943
1.213535
1.233606
1.239667
1.237923
1.241919
1.268567
1.189543
1.257656
1.370369
1.353607
1.389104
1.39395
1.429848
1.452983
1.366509
1.384139
1.311949
1.290973
1.314308
1.337158
1.252237
1.311973
1.322132
1.450609
1.417304
1.472164
1.527634
1.525927
1.57382
1.58036
1.532
1.518154
1.529513
1.562595
1.54997
1.576826
1.647707
1.687446
1.704731
1.668155
1.680308
1.748752
1.840004
1.78811
1.872746
1.911264
1.954435
2.036239
2.019436
1.991586
1.961156
1.946618
1.979002
1.913984
1.931591
1.997804
2.009373
2.103867
2.161883
2.156994
2.131667
2.117047
2.130521
2.211894
2.205164
2.198419
2.290484
2.325977
2.261019
2.246139
2.268622
2.229251
2.23224
2.197395
2.135334
2.081625
2.06243
2.002238
1.985537
1.922477
1.897893
1.970811
2.048888
2.087159
2.161312
2.183209
2.182263
2.21896
2.259417
2.26765
2.188269
2.17439
2.20056
2.182364
2.157397
2.13036
2.074123
2.05168
2.039799
2.080101
2.086498
2.091472
2.126296
2.045545
2.064634
2.08715
2.051736
2.096309
2.17704
2.224225
2.164569
2.206707
2.177359
2.200987
2.253118
2.17319
2.094267
2.121875
2.029321
1.999085
1.98446
2.043246
2.029857
2.007864
1.985212
2.011095
1.997701
2.012226
2.036495
1.989402
1.937452
1.937931
1.994855
1.985931
2.00442
1.958599
1.911132
1.899392
1.951202
1.979423
1.992673
2.025656
2.054196
2.003129
2.031717
2.055882
2.074341
2.078807
2.077332
2.112098
2.04017
1.940375
1.995006
2.017736
1.992557
2.009882
2.039584
2.118788
2.034319
2.02628
2.007291
2.017901
1.979898
2.049048
2.081072
2.07523
2.083125
2.07936
2.126381
2.145362
2.096335
2.1426
2.106301
2.100229
2.134209
2.150175
2.174421
2.23763
2.210522
2.224207
2.239587
2.210703
2.258924
2.289936
2.264134
2.231565
2.267783
2.205113
2.167633
2.161871
2.159574
2.162503
2.230509
2.239888
2.158756
2.118522
2.111921
2.085788
2.028733
2.019877
1.991004
2.034942
2.012446
2.036434
2.058377
2.046993
2.085096
2.143387
2.13092
2.162182
2.221014
2.256044
2.219721
2.211755
2.226266
2.150463
2.107723
2.153677
2.09269
2.093757
2.000493
1.911964
1.929331
1.994845
2.010214
1.952371
1.957404
2.000807
2.161405
2.229061
2.231826
2.271003
2.294929
2.265045
2.29766
2.226348
2.248644
2.270628
2.31359
2.34601
2.354537
2.374483
2.32668
2.321235
2.287991
2.245206
2.301297
2.213924
2.278312
2.317757
2.322419
2.341393
2.313192
2.368823
2.296319
2.274688
2.212254
2.210374
2.234819
2.151162
2.08883
2.020206
1.993314
1.981666
2.040195
2.006989
1.976786
2.04084
2.076566
2.06685
2.006211
2.035698
2.059551
2.023267
2.080757
2.130274
2.083538
2.044798
2.00293
2.017707
2.071017
2.016436
2.057579
2.126712
2.170699
2.135958
2.150532
2.13651
2.13132
2.084127
2.00609
1.956592
1.954509
2.021807
2.031305
1.928626
1.82242
1.877701
1.954174
2.053897
2.054044
2.079351
2.039631
2.048578
2.044585
2.064953
2.092954
2.100566
2.138592
2.111266
2.044408
2.030678
2.085305
2.132839
2.209984
2.211145
2.167207
2.183502
2.283801
2.274692
2.321496
2.331056
2.318172
2.339971
2.393479
2.296739
2.240417
2.150978
2.154437
2.176072
2.166283
2.206674
2.117526
2.107506
2.06759
2.05249
2.130838
2.097019
2.121169
2.134983
2.171246
2.211946
2.218007
2.258363
2.220636
2.237588
2.200862
2.153604
2.270921
2.264384
2.251067
2.288208
2.348774
2.28969
2.290981
2.321133
2.290897
2.324201
2.353823
2.307145
2.288327
2.327996
2.307538
2.254357
2.229626
2.240259
2.186346
2.166556
2.116896
2.106402
2.140918
2.13448
2.087313
2.08721
2.037444
2.042361
1.975056
2.001085
1.960603
1.938206
1.870797
1.830873
1.898889
1.920125
1.931074
1.916908
1.847628
1.900959
1.803432
1.772069
1.759856
1.77369
1.796116
1.884723
1.885431
1.890168
1.860634
1.812725
1.83277
1.871215
1.850461
1.867392
1.818634
1.821758
1.860673
1.847741
1.888854
1.917165
1.928804
1.796026
1.709707
1.784243
1.792541
1.807514
1.899814
1.903977
1.965718
1.947122
1.863416
1.829534
1.769296
1.730478
1.752601
1.727785
1.75574
1.767779
1.714147
1.647268
1.615986
1.614435
1.617593
1.660777
1.6214
1.57436
1.686881
1.692352
1.646413
1.686361
1.662976
1.668149
1.680174
1.738816
1.753658
1.78298
1.860014
1.822012
1.827457
1.809854
1.75983
1.793764
1.821043
1.742614
1.755542
1.768576
1.787666
1.82863
1.855163
1.959846
1.923441
2.006155
2.035312
2.025392
2.094619
2.142753
2.205279
2.204073
2.260093
2.205374
2.157778
2.238873
2.211747
2.252651
2.356397
2.386356
2.48507
2.512183
2.57794
2.61923
2.708346
2.619677
2.658075
2.669834
2.667345
2.619763
2.647391
2.540323
2.492578
2.483245
2.438864
2.343707
2.366692
2.377388
2.316106
2.280573
2.296304
2.240689
2.343137
2.275121
2.284445
2.284889
2.262014
2.29282
2.265061
2.232789
2.166068
2.207675
2.205551
2.133479
2.196233
2.244513
2.237459
2.261808
2.182536
2.14189
2.146149
2.154093
2.164785
2.154635
2.148017
2.152717
2.145584
2.216075
2.17257
2.120421
2.087402
2.130593
2.159508
2.155979
2.258191
2.220547
2.280045
2.339392
2.370148
2.353505
2.292219
2.350727
2.322436
2.31483
2.25986
2.308309
2.299301
2.323982
2.368224
2.366874
2.404326
2.382428
2.384406
2.461944
2.487062
2.495766
2.596651
2.621095
2.655316
2.646959
2.630995
2.619731
2.661292
2.634929
2.680821
2.606265
2.630574
2.557354
2.534828
2.568186
2.492149
2.443292
2.391143
2.367975
2.284729
2.283981
2.233166
2.215128
2.262233
2.279531
2.226177
2.212853
2.115263
2.086232
2.073424
2.080177
2.024781
2.106311
2.055758
2.033724
2.093253
2.095147
2.08754
2.050794
2.050733
2.050883
2.081871
2.117238
2.122485
2.113809
2.095705
2.12138
2.147196
2.189415
2.194528
2.204027
2.151223
2.174935
2.205795
2.215385
2.125247
2.1359
2.094492
2.011797
2.036796
2.00955
2.042823
2.064373
2.085354
2.120882
2.072404
2.019713
2.053492
2.103955
2.178452
2.178801
2.150827
2.141684
2.154819
2.157515
2.193062
2.266069
2.279538
2.224232
2.236789
2.191879
2.110215
2.011576
1.875058
1.848947
1.86957
1.888283
1.857962
1.919368
1.897892
1.948216
1.976205
2.0057
2.006072
2.063593
2.14698
2.129069
2.142074
2.160482
2.265434
2.226002
2.217565
2.247251
2.288358
2.200425
2.289193
2.290971
2.284491
2.225233
2.082283
2.179483
2.216094
2.274844
2.219673
2.182935
2.244959
2.225587
2.20103
2.25778
2.250725
2.252087
2.230297
2.243591
2.204553
2.129278
2.175735
2.166522
2.215437
2.282447
2.273356
2.311626
2.326308
2.329349
2.374306
2.282244
2.268477
2.248088
2.176892
2.216112
2.186294
2.164882
2.253475
2.23374
2.203281
2.21561
2.203812
2.3238
2.345901
2.353707
2.351932
2.320968
2.279586
2.258797
2.261204
2.248885
2.273704
2.325541
2.355208
2.43367
2.464193
2.475707
2.523084
2.585871
2.57544
2.58786
2.551674
2.500359
2.458146
2.35045
2.288799
2.243683
2.235253
2.274364
2.312056
2.207884
2.205542
2.217281
2.284902
2.352243
2.259498
2.198857
2.129976
2.132659
2.124588
2.121056
2.125711
2.153784
2.188793
2.170004
2.142174
2.092493
2.118063
2.092286
2.126512
2.231316
2.204296
2.204583
2.199803
2.252864
2.233331
2.208343
2.140047
2.141775
2.170006
2.223877
2.324503
2.375098
2.437837
2.446159
2.489243
2.497538
2.544885
2.527562
2.612461
2.575759
2.572318
2.575835
2.551479
2.602622
2.554512
2.431305
2.414708
2.479187
2.445842
2.529662
2.562062
2.545284
2.666091
2.684237
2.703329
2.715531
2.681276
2.735919
2.698363
2.689842
2.730898
2.713351
2.754352
2.694032
2.663909
2.60912
2.612957
2.714855
2.759299
2.75954
2.760419
2.735068
2.75919
2.781299
2.803291
2.871568
2.868003
2.805373
2.807674
2.844565
2.804828
2.879463
2.86617
2.869427
2.895957
2.915192
2.909652
2.923398
2.916096
2.920329
3.001513
2.925695
2.955057
2.987572
2.978529
2.962894
2.943866
2.974562
2.980744
2.98365
3.043131
3.043695
3.121345
3.082677
3.149242
3.121016
3.116496
3.144091
3.124697
3.191063
3.247934
3.268427
3.241568
3.217522
3.224714
3.270163
3.270637
3.225513
3.237142
3.296227
3.276532
3.185309
3.148747
3.218913
3.246776
3.234484
3.247406
3.244922
3.254704
3.267485
3.237168
3.182555
3.234753
3.273257
3.324758
3.314582
3.234999
3.229375
3.281778
3.324891
3.258846
3.293753
3.273872
3.339677
3.288783
3.289773
3.264062
3.268261
3.244378
3.225263
3.26752
3.294606
3.257281
3.245352
3.247502
3.306665
3.289859
3.334306
3.351613
3.26058
3.283243
3.287365
3.346842
3.293085
3.294035
3.216242
3.210318
3.26506
3.315466
3.255416
3.201145
3.201141
3.109039
3.131989
3.164604
2.954756
2.933626
3.006867
2.898373
2.919377
2.914443
2.942666
2.940631
2.96142
3.021209
3.043181
3.00135
2.952512
3.066128
3.03955
3.020304
3.091224
3.10706
3.144339
3.041781
3.026429
3.009682
2.964231
2.995281
2.889782
2.90948
2.937127
3.015541
2.966816
2.952228
2.959288
2.955488
3.007796
3.099094
2.95178
2.840999
2.839293
2.858572
2.837267
2.774534
2.805013
2.736001
2.718922
2.691581
2.626895
2.657328
2.66535
2.695868
2.675981
2.624022
2.571732
2.580054
2.591471
2.612631
2.530455
2.488896
2.521714
2.523409
2.499043
2.487753
2.484639
2.566073
2.50884
2.554366
2.587637
2.546133
2.617381
2.594563
2.572512
2.524133
2.619793
2.699067
2.686528
2.720944
2.615063
2.567936
2.555147
2.646232
2.623815
2.59941
2.612337
2.641989
2.664707
2.561011
2.52683
2.635481
2.632396
2.618425
2.563451
2.56879
2.564905
2.55267
2.480618
2.481971
2.426844
2.353201
2.380041
2.359355
2.366155
2.340603
2.345206
2.418356
2.461853
2.538563
2.496801
2.458094
2.449901
2.442533
2.40417
2.350727
2.382921
2.4226
2.411163
2.482038
2.486497
2.560933
2.477333
2.475899
2.48748
2.535925
2.550979
2.627305
2.765889
2.807302
2.848226
2.830342
2.912886
2.835309
2.833308
2.792328
2.718166
2.610881
2.580941
2.622765
2.660161
2.611867
2.481012
2.505925
2.545282
2.519963
2.530486
2.439373
2.401218
2.455748
2.456197
2.521056
2.431683
2.398029
2.41094
2.423046
2.452476
2.43702
2.404983
2.317488
2.340356
2.340579
2.347604
2.298743
2.295692
2.322845
2.321686
2.319808
2.285347
2.248606
2.219601
2.132488
2.161744
2.215862
2.087583
1.962756
1.969562
1.959783
1.807819
1.797411
1.770889
1.773049
1.810839
1.840791
1.795449
1.771206
1.807911
1.883679
1.871174
1.763528
1.772706
1.858505
1.925717
1.969116
2.019436
2.026877
2.067521
2.080947
2.089658
2.126254
2.116927
2.17048
2.143671
2.180014
2.291778
2.277918
2.272649
2.269829
2.238062
2.211919
2.235588
2.179737
2.22193
2.189094
2.136096
2.071659
2.178041
2.198448
2.225871
2.227714
2.227927
2.178647
2.077334
2.004421
2.033634
2.077157
2.122937
2.117697
2.155749
2.219289
2.249245
2.265296
2.286349
2.318703
2.318517
2.343692
2.40394
2.429263
2.417042
2.365229
2.357612
2.357929
2.372665
2.371835
2.431198
2.468013
2.438374
2.395448
2.356908
2.377027
2.39682
2.42534
2.445212
2.463134
2.444625
2.444068
2.488489
2.441943
2.443378
2.472108
2.48643
2.542319
2.560029
2.583756
2.651978
2.662542
2.74957
2.690169
2.65967
2.651292
2.6571
2.79231
2.770745
2.742202
2.808517
2.841262
2.735513
2.696073
2.670818
2.655711
2.688192
2.663184
2.680415
2.665646
2.669709
2.663585
2.65315
2.67225
2.660095
2.682176
2.748191
2.748466
2.75585
2.792637
2.745105
2.71339
2.799909
2.876332
2.870929
2.947382
2.915688
2.874373
2.952063
2.923143
2.952341
2.901601
2.875228
2.891549
2.96373
2.953175
2.952475
2.953538
2.953532
2.982222
3.054906
3.03194
3.007539
2.986046
2.869902
2.88664
2.828461
2.799184
2.857819
2.852854
2.808055
2.786268
2.683985
2.740359
2.722063
2.721616
2.606448
2.554627
2.549426
2.510797
2.480969
2.393786
2.340773
2.361427
2.409131
2.450395
2.476067
2.503266
2.507045
2.521367
2.423311
2.500141
2.498947
2.52419
2.550222
2.548815
2.562089
2.585705
2.610249
2.601518
2.583363
2.619211
2.567473
2.540849
2.509087
2.502314
2.522813
2.537005
2.493907
2.468445
2.524334
2.53782
2.554979
2.407279
2.45534
2.50749
2.59936
2.635256
2.555861
2.584541
2.577348
2.603189
2.624406
2.617285
2.618813
2.609526
2.517757
2.418675
2.463227
2.436364
2.362518
2.370033
2.327149
2.269147
2.312194
2.26161
2.275662
2.253057
2.30532
2.253576
2.282193
2.234461
2.27442
2.276086
2.389266
2.436222
2.465187
2.50629
2.4977
2.503577
2.592797
2.620178
2.534553
2.439903
2.396657
2.351209
2.347363
2.298474
2.26218
2.197331
2.230592
2.170862
2.117295
2.113746
2.106135
2.159113
2.158079
2.15923
2.125589
2.15
2.207939
2.210731
2.176739
2.10687
2.091976
2.103239
2.149953
2.123478
2.140501
2.047069
2.088537
2.06368
2.037904
2.041655
2.044187
1.980842
2.007883
1.951631
1.992996
2.01718
2.108797
2.185126
2.150415
2.219757
2.140062
2.125653
2.118654
2.114406
2.157213
2.159308
2.208957
2.119739
2.141263
2.121001
2.155601
2.199329
2.289266
2.257617
2.203397
2.296178
2.309163
2.294557
2.295455
2.297975
2.353681
2.38081
2.384316
2.341404
2.398972
2.442745
2.495928
2.524659
2.565045
2.495818
2.552365
2.530139
2.53981
2.604146
2.578594
2.57257
2.52763
2.538218
2.525886
2.512792
2.497942
2.484095
2.558888
2.556562
2.630841
2.57654
2.582168
2.552022
2.561465
2.631411
2.640712
2.62411
2.713
2.747173
2.720098
2.600408
2.57096
2.498915
2.502942
2.430261
2.445937
2.450586
2.409653
2.324585
2.281361
2.246561
2.199068
2.202889
2.247619
2.135346
2.125895
2.122568
2.13537
2.17631
2.192381
2.145446
2.171959
2.266112
2.313583
2.279737
2.27048
2.262793
2.27606
2.264186
2.286854
2.219842
2.186812
2.208225
2.244291
2.314207
2.286268
2.314044
2.374673
2.418323
2.381044
2.341254
2.378428
2.346687
2.320605
2.257421
2.281006
2.293498
2.342508
2.229827
2.233419
2.206517
2.271969
2.260342
2.206558
2.192555
2.252314
2.311139
2.30017
2.246451
2.265164
2.288246
2.277672
2.309589
2.273608
2.276441
2.276567
2.308064
2.19953
2.18353
2.18554
2.167435
2.057776
1.95638
1.911185
1.916297
1.912857
1.948385
2.01615
1.985444
1.892796
1.878634
1.881786
1.843661
1.874788
1.799705
1.790353
1.753998
1.762392
1.702756
1.726817
1.677447
1.660767
1.564368
1.568576
1.602411
1.646889
1.684251
1.649163
1.645016
1.662896
1.669806
1.633016
1.600312
1.495016
1.523976
1.503253
1.635233
1.649308
1.66623
1.66378
1.696053
1.711165
1.733585
1.765438
1.803052
1.816666
1.776033
1.75881
1.783056
1.754191
1.740162
1.705002
1.710781
1.713435
1.726725
1.693828
1.693554
1.645307
1.543321
1.525503
1.437249
1.45732
1.400619
1.340208
1.35212
1.324042
1.30902
1.317379
1.374865
1.416566
1.40887
1.41329
1.380789
1.358814
1.295175
1.316937
1.282236
1.348823
1.356344
1.399567
1.38144
1.443833
1.405109
1.407472
1.315222
1.236752
1.142169
1.179454
1.191869
1.142638
1.087158
1.038174
1.032801
0.9669285
1.072806
1.028246
1.025507
0.9926727
0.9995257
0.9150729
0.892062
0.8558246
0.8657493
0.963203
0.996296
1.042827
1.1446
1.178052
1.252744
1.273456
1.35737
1.412842
1.401439
1.425369
1.506692
1.489427
1.520961
1.552645
1.549625
1.564659
1.533145
1.564848
1.530431
1.431778
1.407669
1.404146
1.386151
1.326739
1.341964
1.353185
1.316047
1.352549
1.37644
1.375219
1.488913
1.527825
1.589804
1.637246
1.615431
1.627442
1.642628
1.624277
1.560047
1.501848
1.536023
1.610707
1.62257
1.654091
1.609749
1.532468
1.553886
1.621086
1.632052
1.603215
1.534636
1.479035
1.457752
1.45721
1.472548
1.529727
1.537623
1.56481
1.555794
1.553795
1.501708
1.568099
1.568797
1.657226
1.638838
1.546676
1.517014
1.522933
1.521843
1.44891
1.560916
1.574074
1.493656
1.462154
1.52361
1.557753
1.522054
1.542789
1.532679
1.569073
1.51368
1.494054
1.449619
1.432085
1.408936
1.335668
1.283161
1.279235
1.291218
1.360047
1.374398
1.399741
1.455244
1.467718
1.361862
1.342152
1.412137
1.355926
1.339809
1.334957
1.332807
1.385297
1.355182
1.351212
1.350953
1.295563
1.289645
1.245176
1.259454
1.336373
1.369807
1.357104
1.411239
1.407433
1.426069
1.473302
1.496391
1.410721
1.370618
1.394955
1.42537
1.43587
1.385361
1.311171
1.302697
1.318856
1.279172
1.229654
1.16663
1.165492
1.069358
1.054923
1.041389
1.052313
1.089633
1.03434
1.041807
1.081205
1.087192
1.100233
1.061173
1.101031
1.010481
0.9584025
1.000192
0.9808449
1.00269
1.042204
1.109519
1.111498
1.091378
1.024989
0.9191457
0.9457166
0.891062
0.8221071
0.8404374
0.8636424
0.9273411
0.9438077
0.9499295
0.9839949
0.9528389
0.9747498
0.9872352
0.996511
1.035797
0.9520662
0.9133368
0.9816023
0.9698882
1.037815
1.016718
0.9921077
0.9783019
0.92687
0.807616
0.7903541
0.944075
0.9108847
0.8923692
0.9303121
1.004732
0.9844999
1.019255
1.101353
1.113018
1.112787
1.218427
1.277485
1.360581
1.425259
1.416644
1.391022
1.359176
1.379566
1.336096
1.397922
1.398675
1.446062
1.457633
1.459913
1.510416
1.515676
1.545552
1.558084
1.50885
1.566114
1.470189
1.509455
1.603584
1.547604
1.510458
1.549144
1.598163
1.559822
1.539184
1.564106
1.576057
1.646619
1.63262
1.608518
1.554975
1.518781
1.533955
1.565114
1.620401
1.629436
1.641292
1.671065
1.720426
1.669405
1.670959
1.634848
1.733046
1.714033
1.800615
1.815784
1.827873
1.823265
1.795345
1.772065
1.806982
1.659694
1.624776
1.557408
1.529411
1.519788
1.465344
1.434221
1.416854
1.416528
1.472882
1.44485
1.508038
1.485086
1.386357
1.425208
1.482899
1.380287
1.495957
1.444259
1.458289
1.336699
1.294939
1.308378
1.292695
1.37491
1.492214
1.48288
1.490329
1.428409
1.416729
1.413591
1.442576
1.467254
1.47572
1.446433
1.430486
1.344796
1.40263
1.416416
1.39848
1.295312
1.276988
1.303383
1.317723
1.348809
1.341389
1.270247
1.23148
1.219034
1.169953
1.121737
1.157625
1.174426
1.08546
1.120635
1.127124
1.169439
1.155394
1.128716
1.12205
1.14689
1.178861
1.264398
1.20735
1.202093
1.22753
1.190933
1.172989
1.148694
1.187567
1.184653
1.110731
1.124006
1.114024
1.102853
1.158918
1.11881
1.116706
1.19263
1.221868
1.204292
1.114115
1.15454
1.144558
1.040222
1.064385
1.054348
1.011366
1.002757
0.9649603
0.8593492
0.7726078
0.7352835
0.6896961
0.7687574
0.8262882
0.8375554
0.8631975
0.8236629
0.8069699
0.7300981
0.7531812
0.8132552
0.863182
0.8935381
0.9405417
0.9384178
0.9890185
1.009037
0.9966223
1.020473
0.9918698
1.04001
1.055417
1.02625
1.080923
1.023749
1.060266
1.121433
1.186477
1.240402
1.259057
1.327371
1.325425
1.360147
1.229705
1.298982
1.350871
1.397301
1.426987
1.374711
1.422495
1.366812
1.458114
1.51841
1.561005
1.586619
1.53447
1.5622
1.544379
1.550074
1.660506
1.707969
1.634036
1.627868
1.638132
1.628579
1.669581
1.705417
1.744611
1.726531
1.734928
1.800052
1.826255
1.89117
1.895619
1.897384
1.936325
1.869669
1.833555
1.888566
1.806968
1.691502
1.671581
1.68977
1.802493
1.816574
1.814433
1.704645
1.630956
1.610048
1.62226
1.641508
1.599666
1.62883
1.671864
1.619866
1.650664
1.616923
1.509394
1.557466
1.557394
1.500637
1.497244
1.562275
1.604825
1.605284
1.592735
1.576917
1.595995
1.695741
1.804764
1.869566
1.82278
1.787187
1.859883
1.848155
1.793323
1.728282
1.731188
1.75821
1.715768
1.708364
1.687784
1.643294
1.645945
1.617436
1.67153
1.743812
1.714857
1.668656
1.703976
1.695988
1.740143
1.761159
1.744127
1.750355
1.746805
1.799795
1.844197
1.768697
1.734438
1.767432
1.782685
1.785599
1.756181
1.745718
1.798999
1.843536
1.827981
1.808154
1.815709
1.832753
1.789631
1.801654
1.803872
1.780071
1.693116
1.706654
1.704644
1.767474
1.875179
1.891141
1.917271
1.91057
1.936516
1.943933
1.982675
2.030678
2.074643
2.07647
2.193319
2.143112
2.116308
2.13562
2.218448
2.162603
2.175313
2.280198
2.31445
2.327154
2.254088
2.241436
2.230305
2.19349
2.179688
2.173963
2.149606
2.182758
2.21177
2.280009
2.216048
2.170717
2.10866
2.066579
2.067585
2.022448
2.004192
2.027537
1.919042
1.923169
1.769498
1.855007
1.897613
1.890875
1.923168
2.00258
1.990591
1.926234
1.919038
1.849437
1.862401
1.850793
1.788679
1.85616
1.899706
1.891891
1.922859
1.950441
1.99965
1.908389
1.888851
1.882597
1.924092
1.893298
1.934105
1.841264
1.812899
1.850988
1.865575
1.942055
1.972614
2.063285
2.090852
2.168055
2.17922
2.219066
2.147891
2.079232
2.085458
2.115578
2.086294
2.082233
2.110039
2.074561
2.059286
2.046077
2.090694
2.080129
2.0471
2.106323
2.173674
2.151541
2.142736
2.17109
2.128976
2.132639
2.203388
2.293433
2.308377
2.355796
2.339697
2.356914
2.333871
2.370022
2.358802
2.336485
2.322489
2.241543
2.300353
2.331936
2.336964
2.24769
2.196283
2.16892
2.196206
2.107761
2.044519
2.089628
2.058429
2.052594
2.060176
2.037071
2.005898
1.961082
1.940989
1.973044
2.074732
2.122315
2.120617
2.162667
2.244113
2.253139
2.279044
2.293597
2.285455
2.214786
2.218423
2.218111
2.222187
2.169614
2.221652
2.199828
2.228056
2.285686
2.201165
2.148239
2.210332
2.236767
2.293565
2.217839
2.159569
2.128264
2.167951
2.122502
2.09219
2.121905
2.147633
2.094715
1.986355
1.96814
1.956802
1.971063
1.911951
1.988591
2.112395
2.117346
2.164502
2.236473
2.204755
2.146815
2.220869
2.274956
2.305633
2.310615
2.333929
2.346648
2.342831
2.285911
2.328786
2.262475
2.141011
2.093626
2.047813
2.023096
2.004788
1.998784
1.948228
1.947711
1.96024
1.935582
1.931471
1.895017
1.948027
1.908207
1.836655
1.896894
1.919176
1.81067
1.732213
1.719221
1.736767
1.714991
1.607577
1.560123
1.499728
1.582167
1.499609
1.386179
1.401236
1.337766
1.429846
1.433853
1.425721
1.422214
1.428246
1.441886
1.534218
1.534421
1.545053
1.483067
1.478044
1.457678
1.441032
1.466856
1.446977
1.447077
1.469322
1.534527
1.588039
1.685128
1.60468
1.568971
1.538851
1.438838
1.300423
1.329705
1.359327
1.396818
1.42292
1.383334
1.443959
1.516067
1.58531
1.495082
1.500535
1.519693
1.466899
1.505812
1.513582
1.485534
1.401392
1.425963
1.379121
1.425235
1.440311
1.373017
1.356265
1.352314
1.21683
1.14018
1.107698
1.006946
1.015197
0.9740394
0.9556561
0.9669421
1.041323
1.045946
1.088479
1.152151
1.212369
1.152868
1.155025
1.172226
1.196184
1.182368
1.175992
1.201669
1.22902
1.210601
1.207591
1.07153
1.073251
1.013266
1.017756
0.9530812
0.9847722
0.9925771
1.005534
1.048591
1.080885
1.035022
1.047074
1.071503
1.096469
1.05321
1.102068
1.066453
1.040157
1.06079
1.121694
1.140336
1.187232
1.19451
1.149127
1.183788
1.207822
1.155775
1.184691
1.185858
1.186064
1.196716
1.18563
1.117515
1.095491
1.115329
1.099175
1.083724
1.063078
1.032164
1.052714
1.053183
0.9934867
0.936026
0.9776
1.010315
1.04127
1.068088
1.078869
1.1128
