2.626027e-05
2.337559e-05
2.274585e-05
2.282894e-05
2.222426e-05
2.08183e-05
2.1023e-05
2.022501e-05
2.11512e-05
2.20825e-05
2.062664e-05
2.092596e-05
2.06432e-05
1.879484e-05
1.940091e-05
2.042296e-05
1.96546e-05
1.905663e-05
1.831814e-05
1.646202e-05
1.643174e-05
1.580687e-05
1.483317e-05
1.468984e-05
1.524096e-05
1.560641e-05
1.487322e-05
1.527237e-05
1.522522e-05
1.44461e-05
1.538821e-05
1.73025e-05
1.474442e-05
1.474376e-05
1.422711e-05
1.488702e-05
1.455861e-05
1.393121e-05
1.365096e-05
1.334764e-05
1.460917e-05
1.622502e-05
1.641883e-05
1.623852e-05
1.492683e-05
1.675235e-05
1.689444e-05
1.664702e-05
1.591042e-05
1.455271e-05
1.549694e-05
1.633137e-05
1.534369e-05
1.546589e-05
1.495071e-05
1.464417e-05
1.428714e-05
1.420778e-05
1.290315e-05
1.258386e-05
1.316984e-05
1.236425e-05
1.131031e-05
1.152381e-05
1.12982e-05
1.118771e-05
1.03212e-05
9.551482e-06
9.673404e-06
9.378058e-06
9.672754e-06
9.174961e-06
8.870707e-06
9.567485e-06
9.255665e-06
9.948295e-06
1.050298e-05
1.128032e-05
1.195601e-05
1.253099e-05
1.263579e-05
1.205505e-05
1.229801e-05
1.276322e-05
1.235117e-05
1.183913e-05
1.297059e-05
1.196782e-05
1.171912e-05
1.0763e-05
1.122526e-05
1.217801e-05
1.325012e-05
1.192655e-05
1.120468e-05
1.098455e-05
1.204803e-05
1.255136e-05
1.225751e-05
1.177972e-05
1.21124e-05
1.182203e-05
1.179329e-05
1.214297e-05
1.293012e-05
1.360351e-05
1.360025e-05
1.350076e-05
1.394053e-05
1.364382e-05
1.32968e-05
1.262286e-05
1.314217e-05
1.304798e-05
1.287635e-05
1.333433e-05
1.360159e-05
1.315107e-05
1.333104e-05
1.461606e-05
1.299981e-05
1.284681e-05
1.117639e-05
1.052154e-05
1.045797e-05
1.016184e-05
9.873809e-06
8.914341e-06
8.949656e-06
9.997363e-06
1.023116e-05
1.105205e-05
1.147905e-05
1.104923e-05
1.196456e-05
1.227935e-05
1.282575e-05
1.233807e-05
1.220469e-05
1.157719e-05
1.164881e-05
1.185251e-05
1.126359e-05
1.114762e-05
1.083813e-05
1.108316e-05
1.15936e-05
1.083738e-05
1.030051e-05
9.962863e-06
9.869133e-06
9.853925e-06
9.737105e-06
9.865056e-06
9.532878e-06
9.350502e-06
9.172936e-06
8.954964e-06
9.258899e-06
8.73832e-06
8.588504e-06
8.651843e-06
8.222902e-06
8.488341e-06
9.367278e-06
9.24304e-06
9.912372e-06
9.267694e-06
9.886739e-06
1.082238e-05
1.106676e-05
1.182321e-05
1.117597e-05
1.151068e-05
1.072408e-05
1.003934e-05
1.029155e-05
1.046278e-05
1.128574e-05
1.100701e-05
1.106572e-05
1.115044e-05
1.09473e-05
1.067083e-05
9.761074e-06
1.041606e-05
1.030506e-05
1.049098e-05
9.460831e-06
9.410174e-06
9.823657e-06
1.048427e-05
1.079033e-05
9.999902e-06
9.461261e-06
1.020644e-05
1.110935e-05
1.083715e-05
1.080247e-05
1.072552e-05
1.197297e-05
1.178988e-05
1.351577e-05
1.277387e-05
1.175292e-05
1.183475e-05
1.29499e-05
1.359008e-05
1.388521e-05
1.383963e-05
1.441908e-05
1.464557e-05
1.41679e-05
1.43405e-05
1.3596e-05
1.363379e-05
1.301856e-05
1.334423e-05
1.273671e-05
1.211829e-05
1.205688e-05
1.225414e-05
1.218074e-05
1.197718e-05
1.139218e-05
1.0943e-05
1.154977e-05
1.087615e-05
1.018139e-05
1.075461e-05
1.02901e-05
9.329128e-06
1.081426e-05
1.123494e-05
1.041044e-05
1.07874e-05
1.027913e-05
1.03346e-05
1.133298e-05
1.14273e-05
1.137937e-05
1.092611e-05
1.02295e-05
1.08501e-05
1.013127e-05
1.017639e-05
9.814114e-06
1.023859e-05
1.143514e-05
1.140559e-05
1.108499e-05
1.073385e-05
1.088051e-05
1.103793e-05
1.194462e-05
1.157615e-05
1.060747e-05
1.087794e-05
1.084794e-05
1.070929e-05
9.704048e-06
9.797703e-06
1.07021e-05
1.079459e-05
1.12009e-05
1.148443e-05
1.176628e-05
1.133737e-05
1.21205e-05
1.25223e-05
1.38653e-05
1.385394e-05
1.294755e-05
1.261082e-05
1.155945e-05
1.21015e-05
1.238143e-05
1.34019e-05
1.336952e-05
1.319557e-05
1.287799e-05
1.219622e-05
1.413354e-05
1.440185e-05
1.382723e-05
1.230216e-05
1.253783e-05
1.197567e-05
1.193531e-05
1.209469e-05
1.154059e-05
1.232949e-05
1.190887e-05
1.326779e-05
1.323314e-05
1.31828e-05
1.288217e-05
1.326246e-05
1.310429e-05
1.302236e-05
1.291691e-05
1.433026e-05
1.371208e-05
1.27962e-05
1.278155e-05
1.160096e-05
1.127176e-05
1.137537e-05
1.257316e-05
1.151314e-05
1.169548e-05
1.137677e-05
1.183365e-05
1.223091e-05
1.178878e-05
1.135245e-05
1.181252e-05
1.245261e-05
1.246649e-05
1.229306e-05
1.305686e-05
1.357091e-05
1.379107e-05
1.313239e-05
1.32485e-05
1.414109e-05
1.304015e-05
1.266471e-05
1.370613e-05
1.370818e-05
1.306722e-05
1.373092e-05
1.535386e-05
1.501669e-05
1.5341e-05
1.589444e-05
1.512864e-05
1.437263e-05
1.381149e-05
1.292353e-05
1.192426e-05
1.150695e-05
1.161617e-05
1.124082e-05
1.161156e-05
1.185542e-05
1.198456e-05
1.177274e-05
1.187841e-05
1.197528e-05
1.26364e-05
1.217752e-05
1.211877e-05
1.232513e-05
1.200238e-05
1.246979e-05
1.056702e-05
1.025919e-05
1.05696e-05
9.551342e-06
8.815326e-06
9.556611e-06
9.168742e-06
8.300474e-06
8.612656e-06
8.663404e-06
9.228466e-06
8.908493e-06
8.634293e-06
7.792642e-06
7.935901e-06
8.457068e-06
8.433502e-06
8.777457e-06
8.043294e-06
7.698671e-06
8.162285e-06
8.017621e-06
8.572706e-06
8.981062e-06
8.97155e-06
9.136426e-06
8.976965e-06
8.39704e-06
8.374696e-06
9.191713e-06
9.356979e-06
9.54715e-06
9.364664e-06
9.708337e-06
1.018966e-05
1.107151e-05
1.10715e-05
1.117007e-05
1.065076e-05
1.148738e-05
1.093546e-05
1.091378e-05
1.179143e-05
1.281763e-05
1.354106e-05
1.373107e-05
1.366681e-05
1.41132e-05
1.270554e-05
1.252849e-05
1.296185e-05
1.270481e-05
1.304642e-05
1.288544e-05
1.419398e-05
1.500538e-05
1.493905e-05
1.431863e-05
1.467215e-05
1.53019e-05
1.740678e-05
1.800058e-05
1.731939e-05
1.655167e-05
1.530651e-05
1.611641e-05
1.4945e-05
1.458476e-05
1.339407e-05
1.223932e-05
1.255093e-05
1.26658e-05
1.218098e-05
1.170082e-05
1.106694e-05
1.145556e-05
1.221191e-05
1.279783e-05
1.285979e-05
1.291646e-05
1.246015e-05
1.302136e-05
1.288316e-05
1.189452e-05
1.175412e-05
1.168523e-05
9.765725e-06
9.847064e-06
9.78813e-06
1.039478e-05
1.025089e-05
1.098175e-05
1.127334e-05
1.215874e-05
1.219622e-05
1.23376e-05
1.203804e-05
1.215573e-05
1.13783e-05
1.180486e-05
1.210233e-05
1.285071e-05
1.296432e-05
1.380647e-05
1.343187e-05
1.456593e-05
1.481664e-05
1.475308e-05
1.485625e-05
1.347601e-05
1.361832e-05
1.439118e-05
1.311411e-05
1.361848e-05
1.409018e-05
1.291726e-05
1.355378e-05
1.322081e-05
1.384324e-05
1.407987e-05
1.346519e-05
1.222591e-05
1.268927e-05
1.241874e-05
1.135924e-05
1.199243e-05
1.232703e-05
1.164045e-05
1.044713e-05
1.085584e-05
1.118837e-05
1.115689e-05
1.227104e-05
1.237663e-05
1.17028e-05
1.116572e-05
1.111016e-05
1.100798e-05
1.092076e-05
1.045613e-05
1.11625e-05
1.012951e-05
9.86261e-06
9.275367e-06
8.385733e-06
8.951766e-06
8.527301e-06
8.827358e-06
8.50788e-06
9.472817e-06
1.050446e-05
1.024349e-05
1.114004e-05
1.16208e-05
1.132709e-05
1.091672e-05
1.103426e-05
1.051596e-05
9.723943e-06
9.500673e-06
8.95837e-06
8.157903e-06
8.440036e-06
8.123816e-06
8.776166e-06
9.714122e-06
1.026737e-05
1.063235e-05
1.047959e-05
9.910187e-06
1.080415e-05
1.112567e-05
1.085097e-05
1.211358e-05
1.165431e-05
1.080344e-05
1.090952e-05
1.052757e-05
1.055221e-05
1.015711e-05
1.044713e-05
1.085694e-05
1.087202e-05
1.068398e-05
9.997506e-06
1.077896e-05
1.068805e-05
1.045447e-05
1.041963e-05
9.382912e-06
9.641643e-06
1.016498e-05
9.531881e-06
9.000404e-06
8.844759e-06
9.100554e-06
9.719971e-06
1.022073e-05
9.816375e-06
9.415222e-06
9.262354e-06
9.356844e-06
9.680803e-06
9.307933e-06
9.048798e-06
9.015417e-06
8.778861e-06
8.835416e-06
8.461984e-06
8.662715e-06
9.057181e-06
9.723195e-06
1.027449e-05
1.005965e-05
9.922887e-06
1.044147e-05
9.920897e-06
1.068422e-05
1.132549e-05
1.131432e-05
1.08034e-05
1.11043e-05
1.191527e-05
1.184986e-05
1.113364e-05
1.158073e-05
1.215275e-05
1.212592e-05
1.319773e-05
1.369571e-05
1.2467e-05
1.358969e-05
1.468257e-05
1.489128e-05
1.472031e-05
1.316753e-05
1.376744e-05
1.475869e-05
1.638483e-05
1.654204e-05
1.687448e-05
1.58816e-05
1.471541e-05
1.417352e-05
1.370878e-05
1.306317e-05
1.178519e-05
1.327717e-05
1.33609e-05
1.320474e-05
1.421751e-05
1.35571e-05
1.196626e-05
1.208066e-05
1.16426e-05
1.218002e-05
1.439347e-05
1.417617e-05
1.494548e-05
1.41767e-05
1.381501e-05
1.340692e-05
1.263947e-05
1.22658e-05
1.176812e-05
1.135294e-05
1.129988e-05
1.205956e-05
1.238072e-05
1.274415e-05
1.316494e-05
1.255856e-05
1.174241e-05
1.172681e-05
1.160744e-05
1.181072e-05
1.201749e-05
1.206307e-05
1.249415e-05
1.209881e-05
1.293058e-05
1.252886e-05
1.124758e-05
1.083171e-05
1.093786e-05
1.122006e-05
1.076481e-05
1.005461e-05
1.041131e-05
1.102037e-05
1.065805e-05
1.018475e-05
9.444927e-06
1.0224e-05
9.011577e-06
9.290896e-06
9.778414e-06
9.78721e-06
9.684649e-06
1.023278e-05
1.045713e-05
1.046932e-05
1.010412e-05
9.380983e-06
9.189259e-06
8.663823e-06
9.106171e-06
9.082433e-06
9.373865e-06
9.281026e-06
1.039214e-05
1.093974e-05
1.089551e-05
1.26281e-05
1.267456e-05
1.212352e-05
1.107916e-05
1.169915e-05
1.165641e-05
1.155062e-05
1.186256e-05
1.189557e-05
1.227123e-05
1.335407e-05
1.463758e-05
1.434246e-05
1.533742e-05
1.599518e-05
1.494654e-05
1.402043e-05
1.263837e-05
1.208697e-05
1.262351e-05
1.141258e-05
1.109448e-05
1.082279e-05
1.073176e-05
1.08698e-05
1.200327e-05
1.198208e-05
1.063484e-05
1.053649e-05
1.041147e-05
1.033661e-05
9.936859e-06
9.832002e-06
9.457612e-06
8.561372e-06
7.771366e-06
7.898532e-06
7.419222e-06
7.12363e-06
7.466856e-06
7.393715e-06
7.083327e-06
7.065408e-06
7.552052e-06
8.13215e-06
8.027107e-06
7.96152e-06
7.065885e-06
7.477634e-06
6.964585e-06
6.782489e-06
7.112578e-06
6.821017e-06
6.893652e-06
6.119912e-06
6.144847e-06
5.968563e-06
5.976869e-06
6.521277e-06
6.457278e-06
6.667244e-06
6.544318e-06
6.234077e-06
5.893232e-06
5.755729e-06
5.854525e-06
5.592858e-06
5.36494e-06
5.455288e-06
5.513517e-06
5.575724e-06
5.673587e-06
5.761887e-06
6.331977e-06
6.690266e-06
7.014722e-06
7.681903e-06
7.431718e-06
7.426297e-06
7.459662e-06
8.284497e-06
8.894317e-06
9.653933e-06
9.45513e-06
9.306322e-06
9.52332e-06
9.483345e-06
1.050176e-05
1.080641e-05
1.087814e-05
9.656146e-06
1.013818e-05
9.876161e-06
9.861459e-06
1.018126e-05
1.135533e-05
1.310521e-05
1.147739e-05
1.251406e-05
1.274384e-05
1.226475e-05
1.30567e-05
1.435461e-05
1.588721e-05
1.517447e-05
1.46414e-05
1.307779e-05
1.371463e-05
1.504141e-05
1.602277e-05
1.706613e-05
1.707111e-05
1.779493e-05
1.963667e-05
1.911033e-05
2.05623e-05
2.210549e-05
2.122291e-05
2.262083e-05
2.021193e-05
1.934151e-05
1.83754e-05
1.719851e-05
1.877077e-05
2.109714e-05
2.111092e-05
2.041122e-05
2.016238e-05
1.980219e-05
1.903973e-05
1.613402e-05
1.565265e-05
1.509629e-05
1.483288e-05
1.466151e-05
1.396423e-05
1.377214e-05
1.399904e-05
1.430078e-05
1.550704e-05
1.570477e-05
1.607062e-05
1.598712e-05
1.515732e-05
1.533846e-05
1.439183e-05
1.43372e-05
1.419082e-05
1.415092e-05
1.434981e-05
1.398515e-05
1.285133e-05
1.295603e-05
1.355195e-05
1.339623e-05
1.186218e-05
1.205868e-05
1.23645e-05
1.152582e-05
1.207554e-05
1.084876e-05
1.121216e-05
1.163137e-05
1.206759e-05
1.322744e-05
1.303798e-05
1.284722e-05
1.161762e-05
1.214102e-05
1.111704e-05
1.054896e-05
9.558958e-06
1.014505e-05
1.033996e-05
1.095695e-05
9.658149e-06
9.069377e-06
9.016661e-06
8.829895e-06
8.354051e-06
8.271228e-06
8.057931e-06
7.646385e-06
7.292783e-06
7.289316e-06
6.73034e-06
6.816839e-06
7.053039e-06
7.017958e-06
7.500887e-06
7.229977e-06
7.449043e-06
8.016766e-06
7.532787e-06
8.196991e-06
8.150291e-06
8.96023e-06
9.284242e-06
8.535132e-06
8.77369e-06
9.165287e-06
9.889951e-06
9.903878e-06
1.107554e-05
1.036716e-05
1.050245e-05
1.022282e-05
9.723317e-06
9.823317e-06
9.394281e-06
9.112054e-06
8.913309e-06
8.928558e-06
8.654981e-06
8.340232e-06
8.007273e-06
7.92724e-06
7.380033e-06
7.585577e-06
7.934361e-06
7.624764e-06
7.915549e-06
7.496021e-06
7.33942e-06
6.955324e-06
7.275755e-06
7.082049e-06
8.041065e-06
8.142298e-06
8.019028e-06
8.310595e-06
8.038461e-06
7.738048e-06
8.215774e-06
8.391137e-06
8.238741e-06
8.18828e-06
8.433069e-06
7.882475e-06
8.054162e-06
7.64486e-06
7.711407e-06
7.335147e-06
7.244752e-06
7.542304e-06
7.394883e-06
7.146011e-06
6.992874e-06
7.352906e-06
7.400918e-06
7.906844e-06
7.784032e-06
7.834855e-06
7.318683e-06
6.262225e-06
5.69782e-06
5.534142e-06
5.690534e-06
6.208296e-06
6.208803e-06
6.126271e-06
6.100832e-06
6.028665e-06
6.295165e-06
6.763204e-06
7.032168e-06
7.22135e-06
7.542731e-06
8.55255e-06
7.947992e-06
9.302168e-06
9.66869e-06
9.71065e-06
9.034605e-06
8.854473e-06
9.442954e-06
9.07017e-06
9.705193e-06
9.981919e-06
1.000945e-05
1.020614e-05
1.063441e-05
1.180834e-05
1.238442e-05
1.243697e-05
1.25444e-05
1.28108e-05
1.288711e-05
1.42503e-05
1.354275e-05
1.419404e-05
1.423315e-05
1.455038e-05
1.34683e-05
1.332662e-05
1.38823e-05
1.358108e-05
1.296834e-05
1.310126e-05
1.272853e-05
1.29575e-05
1.306247e-05
1.273023e-05
1.216198e-05
1.306524e-05
1.266714e-05
1.060096e-05
1.133341e-05
9.557521e-06
8.898941e-06
8.774078e-06
8.602527e-06
9.216312e-06
9.352437e-06
8.680197e-06
8.768686e-06
9.210549e-06
9.211623e-06
8.606093e-06
8.575825e-06
8.689164e-06
8.203263e-06
8.362278e-06
8.694231e-06
8.586973e-06
7.904895e-06
8.283124e-06
9.015813e-06
9.282057e-06
8.642759e-06
9.122206e-06
9.792753e-06
9.728861e-06
1.048886e-05
1.057559e-05
1.070113e-05
9.957824e-06
9.657983e-06
9.693368e-06
9.589266e-06
9.910028e-06
1.001813e-05
9.165087e-06
9.22032e-06
8.487262e-06
8.859451e-06
9.268417e-06
9.711998e-06
8.924484e-06
9.193208e-06
8.947063e-06
8.365729e-06
8.062356e-06
7.994538e-06
7.347004e-06
7.019226e-06
6.713023e-06
6.35007e-06
6.130339e-06
6.253636e-06
6.525273e-06
6.552242e-06
6.688068e-06
7.53435e-06
7.966732e-06
7.849425e-06
8.095621e-06
8.840872e-06
9.203934e-06
9.350124e-06
8.868169e-06
9.726842e-06
9.454655e-06
1.024557e-05
9.947629e-06
1.038107e-05
9.497842e-06
9.184201e-06
9.853511e-06
9.966905e-06
9.67024e-06
9.147174e-06
9.269558e-06
9.271281e-06
9.413068e-06
9.210957e-06
8.994797e-06
8.845337e-06
8.673304e-06
9.566475e-06
9.31979e-06
9.832e-06
1.01547e-05
1.041765e-05
1.078698e-05
1.032334e-05
1.067275e-05
1.10888e-05
1.185488e-05
1.189085e-05
1.153786e-05
1.170518e-05
1.121605e-05
9.840201e-06
1.021352e-05
1.002719e-05
1.003318e-05
9.647663e-06
1.018569e-05
1.031885e-05
1.04618e-05
1.009783e-05
1.017109e-05
9.6707e-06
1.075833e-05
1.074399e-05
1.092014e-05
1.069418e-05
1.144915e-05
1.178185e-05
1.232612e-05
1.237696e-05
1.202894e-05
1.122521e-05
1.137057e-05
1.093007e-05
1.062419e-05
9.961744e-06
1.019741e-05
1.029047e-05
1.031062e-05
1.005783e-05
1.006815e-05
9.493125e-06
9.423792e-06
9.161004e-06
9.82648e-06
9.932569e-06
1.06659e-05
1.067322e-05
1.07337e-05
1.082658e-05
1.112269e-05
1.1938e-05
1.297777e-05
1.259476e-05
1.175291e-05
1.161934e-05
1.173786e-05
1.225675e-05
1.233121e-05
1.249462e-05
1.254975e-05
1.116173e-05
1.14092e-05
1.130917e-05
1.035116e-05
1.080618e-05
1.050306e-05
1.117307e-05
1.241404e-05
1.228584e-05
1.305336e-05
1.298704e-05
1.272842e-05
1.384219e-05
1.33239e-05
1.338853e-05
1.446894e-05
1.410185e-05
1.388064e-05
1.351676e-05
1.253994e-05
1.194851e-05
1.215214e-05
1.237309e-05
1.152046e-05
1.143086e-05
1.171157e-05
1.205298e-05
1.102829e-05
1.172052e-05
1.135451e-05
1.121738e-05
1.136801e-05
1.164618e-05
1.1571e-05
1.180293e-05
1.213749e-05
1.248953e-05
1.227148e-05
1.166909e-05
1.167902e-05
1.126105e-05
1.174495e-05
1.063814e-05
1.019997e-05
1.009479e-05
1.049011e-05
1.011707e-05
1.002709e-05
9.346409e-06
9.45703e-06
1.030774e-05
1.076796e-05
1.14034e-05
1.148361e-05
1.069526e-05
9.765457e-06
8.856476e-06
8.714104e-06
9.225629e-06
8.717406e-06
8.217376e-06
8.036702e-06
7.544591e-06
8.680437e-06
8.416785e-06
8.307191e-06
8.137784e-06
8.580827e-06
8.730677e-06
9.512475e-06
8.773686e-06
9.925963e-06
9.85085e-06
9.562019e-06
9.676737e-06
1.011236e-05
1.119201e-05
1.071934e-05
1.022848e-05
1.027628e-05
1.031312e-05
1.006443e-05
1.031237e-05
1.097384e-05
1.121088e-05
1.127034e-05
1.069119e-05
1.050209e-05
1.026174e-05
1.065841e-05
1.066448e-05
1.081671e-05
1.13655e-05
1.180821e-05
1.294052e-05
1.254651e-05
1.317805e-05
1.344695e-05
1.442503e-05
1.457688e-05
1.485035e-05
1.534939e-05
1.443369e-05
1.505189e-05
1.611651e-05
1.539431e-05
1.54102e-05
1.513323e-05
1.392988e-05
1.36534e-05
1.410279e-05
1.471235e-05
1.403569e-05
1.384982e-05
1.287671e-05
1.299902e-05
1.19929e-05
1.195576e-05
1.190222e-05
1.200007e-05
1.30648e-05
1.164477e-05
1.245852e-05
1.204721e-05
1.284302e-05
1.333838e-05
1.3307e-05
1.427419e-05
1.534835e-05
1.440948e-05
1.373393e-05
1.457966e-05
1.501949e-05
1.537264e-05
1.537625e-05
1.462534e-05
1.491772e-05
1.455916e-05
1.41261e-05
1.496499e-05
1.457753e-05
1.552588e-05
1.491036e-05
1.415749e-05
1.396905e-05
1.358995e-05
1.339592e-05
1.217735e-05
1.267887e-05
1.273314e-05
1.191944e-05
1.24154e-05
1.205484e-05
1.110003e-05
1.105019e-05
1.065178e-05
9.872992e-06
1.08711e-05
1.241127e-05
1.14651e-05
1.124011e-05
1.054176e-05
1.003518e-05
9.923776e-06
1.020212e-05
1.007064e-05
1.019878e-05
9.925117e-06
9.205708e-06
8.390713e-06
9.126337e-06
8.473589e-06
8.890888e-06
8.454158e-06
9.388049e-06
9.97317e-06
9.857173e-06
9.11542e-06
8.809263e-06
9.196203e-06
9.016949e-06
8.469599e-06
8.793329e-06
8.551081e-06
8.598873e-06
8.491311e-06
7.842799e-06
7.646325e-06
7.757168e-06
7.673625e-06
7.550243e-06
7.622739e-06
7.765994e-06
8.317439e-06
8.400816e-06
9.086004e-06
9.03658e-06
8.919318e-06
9.156958e-06
8.872014e-06
8.495824e-06
8.805444e-06
8.721936e-06
9.083544e-06
8.648636e-06
7.882876e-06
7.62708e-06
7.755386e-06
7.410911e-06
8.062889e-06
7.491044e-06
7.942203e-06
8.255386e-06
8.425982e-06
8.72373e-06
8.193013e-06
7.989649e-06
8.358455e-06
8.746492e-06
9.540926e-06
9.602795e-06
1.03918e-05
9.968216e-06
1.067265e-05
1.084893e-05
1.087885e-05
1.097565e-05
9.696186e-06
9.449163e-06
8.977855e-06
8.87088e-06
9.009798e-06
8.951255e-06
9.244003e-06
9.056509e-06
9.839324e-06
9.40261e-06
1.030271e-05
1.101001e-05
9.854697e-06
1.008773e-05
1.091742e-05
1.099623e-05
1.181738e-05
1.208044e-05
1.20026e-05
1.160052e-05
1.19164e-05
1.080185e-05
9.879425e-06
1.004173e-05
1.077898e-05
1.026805e-05
1.039912e-05
9.890623e-06
1.051032e-05
1.064057e-05
1.018375e-05
1.003836e-05
9.776416e-06
9.511151e-06
9.263861e-06
8.786652e-06
9.532048e-06
9.799584e-06
1.021521e-05
1.043665e-05
1.082848e-05
1.135239e-05
1.0929e-05
1.037814e-05
1.036831e-05
9.184349e-06
8.799406e-06
9.868837e-06
1.001402e-05
1.005461e-05
9.132985e-06
8.912087e-06
9.705996e-06
9.924591e-06
9.540772e-06
9.740564e-06
9.204702e-06
9.340086e-06
1.046201e-05
1.119284e-05
1.082239e-05
1.089531e-05
1.145434e-05
1.079274e-05
1.058066e-05
1.065995e-05
1.086875e-05
1.132776e-05
1.045068e-05
1.012524e-05
9.900842e-06
9.802158e-06
9.696969e-06
9.336441e-06
9.228037e-06
9.724865e-06
9.49933e-06
8.865243e-06
1.001095e-05
1.014728e-05
9.88843e-06
1.017668e-05
1.038225e-05
1.105353e-05
1.137946e-05
1.158169e-05
1.12891e-05
1.171272e-05
1.155287e-05
1.12139e-05
1.043833e-05
9.589906e-06
9.85755e-06
1.005471e-05
1.003448e-05
9.323515e-06
9.617041e-06
9.206806e-06
9.155533e-06
8.594379e-06
9.050455e-06
9.47905e-06
8.739682e-06
8.702926e-06
9.653292e-06
9.937572e-06
1.026707e-05
9.89202e-06
9.242251e-06
8.911432e-06
8.729678e-06
8.147499e-06
8.284953e-06
7.987594e-06
7.847069e-06
8.1761e-06
8.002838e-06
8.423482e-06
8.936423e-06
9.208578e-06
9.640913e-06
9.354884e-06
9.124928e-06
9.290507e-06
9.086445e-06
1.016356e-05
1.069297e-05
1.074376e-05
1.147421e-05
1.118438e-05
1.155334e-05
1.140111e-05
1.207061e-05
1.200137e-05
1.317701e-05
1.290173e-05
1.292539e-05
1.344215e-05
1.377143e-05
1.304682e-05
1.355381e-05
1.432575e-05
1.463732e-05
1.592178e-05
1.560066e-05
1.392804e-05
1.388472e-05
1.343491e-05
1.351508e-05
1.542687e-05
1.678775e-05
1.700418e-05
1.651298e-05
1.708447e-05
1.689483e-05
1.701085e-05
1.646279e-05
1.712952e-05
1.571427e-05
1.591873e-05
1.587957e-05
1.469699e-05
1.36859e-05
1.388568e-05
1.471129e-05
1.294347e-05
1.333803e-05
1.397242e-05
1.317053e-05
1.207968e-05
1.276798e-05
1.379174e-05
1.328598e-05
1.27938e-05
1.275894e-05
1.306975e-05
1.276383e-05
1.218231e-05
1.161288e-05
1.146422e-05
1.102922e-05
1.038586e-05
1.110464e-05
1.045832e-05
1.065382e-05
1.101692e-05
1.164241e-05
1.226046e-05
1.21364e-05
1.151164e-05
1.212946e-05
1.253001e-05
1.343714e-05
1.299776e-05
1.28921e-05
1.245032e-05
1.140516e-05
1.221579e-05
1.032694e-05
1.095355e-05
1.124472e-05
1.099317e-05
1.035653e-05
1.136254e-05
1.211845e-05
1.110651e-05
1.141609e-05
1.098531e-05
1.239207e-05
1.268829e-05
1.355953e-05
1.382855e-05
1.423994e-05
1.289587e-05
1.37654e-05
1.343703e-05
1.304645e-05
1.352092e-05
1.459321e-05
1.427683e-05
1.382081e-05
1.316794e-05
1.258488e-05
1.323372e-05
1.429161e-05
1.374223e-05
1.307219e-05
1.329104e-05
1.327679e-05
1.478405e-05
1.399341e-05
1.51099e-05
1.491324e-05
1.536972e-05
1.404793e-05
1.399345e-05
1.347306e-05
1.251168e-05
1.172624e-05
1.189685e-05
1.24543e-05
1.214052e-05
1.172766e-05
1.096449e-05
1.137627e-05
1.246419e-05
1.254632e-05
1.30466e-05
1.31192e-05
1.226499e-05
1.255422e-05
1.265053e-05
1.378822e-05
1.332555e-05
1.405917e-05
1.280693e-05
1.335992e-05
1.319388e-05
1.393071e-05
1.29138e-05
1.204089e-05
1.274074e-05
1.478622e-05
1.477699e-05
1.46408e-05
1.456217e-05
1.435757e-05
1.392933e-05
1.454057e-05
1.413445e-05
1.380883e-05
1.392771e-05
1.344121e-05
1.382721e-05
1.437868e-05
1.310562e-05
1.322309e-05
1.258726e-05
1.359788e-05
1.291416e-05
1.268878e-05
1.259244e-05
1.214141e-05
1.43655e-05
1.496316e-05
1.409167e-05
1.451204e-05
1.557869e-05
1.485333e-05
1.418639e-05
1.352188e-05
1.343609e-05
1.418314e-05
1.377738e-05
1.408595e-05
1.409346e-05
1.287453e-05
1.255681e-05
1.231452e-05
1.198151e-05
1.143296e-05
1.160364e-05
1.177426e-05
1.194881e-05
1.215886e-05
1.173822e-05
1.268647e-05
1.233485e-05
1.181314e-05
1.296394e-05
1.220232e-05
1.181586e-05
1.163521e-05
1.231228e-05
1.184017e-05
1.119709e-05
1.192044e-05
1.074003e-05
1.041668e-05
1.011098e-05
1.103343e-05
1.212349e-05
1.279795e-05
1.251748e-05
1.246872e-05
1.218219e-05
1.299167e-05
1.216157e-05
1.102307e-05
1.113037e-05
1.147312e-05
1.248221e-05
1.228014e-05
1.29719e-05
1.461288e-05
1.570801e-05
1.648193e-05
1.567368e-05
1.661145e-05
1.54663e-05
1.525473e-05
1.501421e-05
1.470404e-05
1.363271e-05
1.391514e-05
1.36417e-05
1.459458e-05
1.416055e-05
1.488393e-05
1.432314e-05
1.550029e-05
1.532732e-05
1.347253e-05
1.387223e-05
1.488035e-05
1.372237e-05
1.466044e-05
1.376584e-05
1.457238e-05
1.441264e-05
1.338969e-05
1.419414e-05
1.26865e-05
1.337462e-05
1.300819e-05
1.390215e-05
1.400293e-05
1.425247e-05
1.450226e-05
1.460865e-05
1.446312e-05
1.388325e-05
1.291104e-05
1.276528e-05
1.187146e-05
1.24803e-05
1.252576e-05
1.117522e-05
1.098703e-05
1.03175e-05
1.175867e-05
1.246534e-05
1.260889e-05
1.327892e-05
1.23417e-05
1.227976e-05
1.258869e-05
1.188487e-05
1.232271e-05
1.321232e-05
1.268856e-05
1.23272e-05
1.26068e-05
1.281583e-05
1.237025e-05
1.179513e-05
1.11835e-05
1.189132e-05
1.15344e-05
1.129448e-05
1.091068e-05
9.835331e-06
9.839485e-06
9.719971e-06
9.251307e-06
9.970625e-06
1.06506e-05
1.094515e-05
1.162999e-05
1.272873e-05
1.292752e-05
1.145239e-05
1.119052e-05
1.205861e-05
1.161907e-05
1.108554e-05
1.050915e-05
9.969388e-06
1.092427e-05
1.031428e-05
9.883878e-06
9.691105e-06
1.006228e-05
9.660864e-06
9.722325e-06
9.407083e-06
9.657761e-06
1.061761e-05
1.04389e-05
9.944589e-06
1.03354e-05
1.01061e-05
9.65349e-06
9.583388e-06
9.023663e-06
8.324522e-06
8.912084e-06
9.233307e-06
9.284644e-06
9.776087e-06
9.797232e-06
9.634421e-06
9.263277e-06
9.095853e-06
8.788011e-06
8.492249e-06
8.683447e-06
8.453166e-06
8.210387e-06
8.609677e-06
8.874734e-06
8.978496e-06
8.906968e-06
8.843084e-06
8.775286e-06
8.345777e-06
8.190245e-06
8.009135e-06
8.226944e-06
8.536305e-06
7.538956e-06
8.131116e-06
7.751608e-06
8.282915e-06
8.142856e-06
8.102695e-06
7.885139e-06
8.002847e-06
8.058049e-06
9.098012e-06
8.75505e-06
8.451551e-06
7.388554e-06
8.044992e-06
7.700287e-06
7.898391e-06
7.76604e-06
7.876047e-06
8.276444e-06
8.662194e-06
8.295703e-06
7.79135e-06
7.686755e-06
7.763907e-06
7.842059e-06
7.937985e-06
7.605872e-06
8.135486e-06
8.174476e-06
7.996977e-06
7.704833e-06
8.036629e-06
8.061172e-06
7.97955e-06
6.94731e-06
6.748595e-06
7.044646e-06
7.007998e-06
6.476258e-06
6.289454e-06
6.759281e-06
6.936649e-06
7.025923e-06
6.923284e-06
6.524361e-06
6.938203e-06
7.813592e-06
7.822382e-06
7.307943e-06
7.819278e-06
8.331548e-06
8.311479e-06
9.037831e-06
9.212763e-06
8.906426e-06
9.550488e-06
1.021565e-05
1.074141e-05
1.055187e-05
9.907974e-06
9.577558e-06
9.274969e-06
9.611335e-06
9.807851e-06
9.536076e-06
9.574263e-06
9.24753e-06
1.012606e-05
9.668101e-06
1.023003e-05
1.08238e-05
1.123418e-05
1.218548e-05
1.254153e-05
1.277665e-05
1.314788e-05
1.333875e-05
1.391296e-05
1.398744e-05
1.348025e-05
1.345461e-05
1.261974e-05
1.269787e-05
1.200202e-05
1.131371e-05
1.16512e-05
1.147198e-05
1.09962e-05
1.032279e-05
1.09963e-05
1.173859e-05
1.176197e-05
1.220933e-05
1.208316e-05
1.278646e-05
1.302322e-05
1.275466e-05
1.293797e-05
1.417718e-05
1.428134e-05
1.374173e-05
1.411833e-05
1.446869e-05
1.463438e-05
1.380836e-05
1.354094e-05
1.278339e-05
1.120856e-05
1.126177e-05
1.170484e-05
1.148935e-05
1.112758e-05
1.102007e-05
1.133387e-05
1.120922e-05
1.237351e-05
1.193611e-05
1.237149e-05
1.268604e-05
1.180268e-05
1.109354e-05
1.016715e-05
1.04551e-05
1.040782e-05
9.880511e-06
9.884082e-06
1.013414e-05
1.153626e-05
1.107212e-05
1.127563e-05
1.119016e-05
1.170782e-05
1.170778e-05
1.219425e-05
1.151263e-05
1.144819e-05
1.171894e-05
1.283948e-05
1.341124e-05
1.431419e-05
1.548467e-05
1.607255e-05
1.483397e-05
1.462689e-05
1.501638e-05
1.547718e-05
1.45296e-05
1.450672e-05
1.44447e-05
1.370069e-05
1.346547e-05
1.39909e-05
1.365419e-05
1.425177e-05
1.388842e-05
1.381517e-05
1.312139e-05
1.274128e-05
1.209649e-05
1.301301e-05
1.216437e-05
1.176852e-05
1.132873e-05
1.092282e-05
1.119879e-05
1.119149e-05
1.131774e-05
1.137008e-05
1.080738e-05
1.067343e-05
9.883265e-06
1.063002e-05
1.037371e-05
1.00023e-05
9.580417e-06
9.62025e-06
1.07134e-05
9.302817e-06
8.772639e-06
8.671136e-06
8.788234e-06
8.351191e-06
8.186693e-06
8.040041e-06
7.773061e-06
7.500658e-06
7.471562e-06
7.716961e-06
7.574373e-06
7.384217e-06
7.336646e-06
7.257962e-06
7.131405e-06
7.39799e-06
6.969397e-06
7.221738e-06
7.053819e-06
7.309348e-06
7.268494e-06
7.579307e-06
7.707502e-06
8.718265e-06
8.946888e-06
8.9327e-06
8.166477e-06
8.420003e-06
7.86035e-06
7.847224e-06
8.224229e-06
7.555806e-06
7.441647e-06
7.402696e-06
8.174777e-06
7.740167e-06
7.30286e-06
7.222787e-06
7.649781e-06
7.772727e-06
7.589459e-06
7.385523e-06
7.478654e-06
7.264067e-06
6.542492e-06
6.642173e-06
5.711921e-06
6.351946e-06
6.347038e-06
6.168301e-06
6.077477e-06
6.20427e-06
6.668987e-06
6.704392e-06
6.72439e-06
7.031339e-06
7.474888e-06
7.024869e-06
7.392146e-06
8.539659e-06
9.428285e-06
9.585823e-06
1.095848e-05
1.121681e-05
1.112737e-05
1.089467e-05
1.103797e-05
1.090323e-05
1.080723e-05
1.121812e-05
1.177703e-05
1.133234e-05
1.0993e-05
1.16782e-05
1.141278e-05
1.383493e-05
1.305486e-05
1.413467e-05
1.441125e-05
1.492391e-05
1.505951e-05
1.521799e-05
1.614176e-05
1.669364e-05
1.68034e-05
1.685869e-05
1.706742e-05
1.617306e-05
1.685881e-05
1.607694e-05
1.513065e-05
1.598547e-05
1.479521e-05
1.423024e-05
1.427298e-05
1.442282e-05
1.454793e-05
1.495076e-05
1.59372e-05
1.563971e-05
1.686017e-05
1.618088e-05
1.522762e-05
1.509724e-05
1.604053e-05
1.648763e-05
1.773355e-05
1.765485e-05
1.652335e-05
1.586771e-05
1.572259e-05
1.605302e-05
1.60408e-05
1.529123e-05
1.466658e-05
1.5029e-05
1.535591e-05
1.478406e-05
1.539087e-05
1.383485e-05
1.417162e-05
1.411531e-05
1.251819e-05
1.13845e-05
1.138057e-05
1.21153e-05
1.123818e-05
1.106268e-05
1.075391e-05
9.524963e-06
9.552861e-06
1.022046e-05
1.047916e-05
1.084867e-05
1.158631e-05
1.09634e-05
1.072045e-05
1.034596e-05
9.426276e-06
9.870688e-06
1.086497e-05
1.156508e-05
1.219012e-05
1.160123e-05
1.244743e-05
1.296314e-05
1.394421e-05
1.38589e-05
1.45075e-05
1.312369e-05
1.360082e-05
1.316482e-05
1.273172e-05
1.240443e-05
1.26604e-05
1.316839e-05
1.209968e-05
1.22111e-05
1.219514e-05
1.250801e-05
1.304458e-05
1.246561e-05
1.235743e-05
1.237676e-05
1.244004e-05
1.2556e-05
1.245821e-05
1.156094e-05
1.246567e-05
1.274229e-05
1.298236e-05
1.320769e-05
1.355401e-05
1.394702e-05
1.442964e-05
1.442294e-05
1.428715e-05
1.400905e-05
1.371021e-05
1.324681e-05
1.448144e-05
1.535682e-05
1.492082e-05
1.661518e-05
1.691105e-05
1.497599e-05
1.498823e-05
1.597696e-05
1.621278e-05
1.560845e-05
1.614152e-05
1.52851e-05
1.425165e-05
1.532491e-05
1.41813e-05
1.438222e-05
1.376595e-05
1.397584e-05
1.30967e-05
1.298123e-05
1.359635e-05
1.395764e-05
1.34403e-05
1.310447e-05
1.339479e-05
1.332211e-05
1.419735e-05
1.545886e-05
1.522295e-05
1.785155e-05
1.621008e-05
1.656466e-05
1.730774e-05
1.850549e-05
1.818947e-05
1.701841e-05
1.869229e-05
1.794345e-05
1.966529e-05
1.974968e-05
1.917144e-05
1.855253e-05
1.98217e-05
1.961085e-05
1.859766e-05
1.936071e-05
1.808394e-05
1.73158e-05
1.923925e-05
2.054848e-05
2.085483e-05
2.254536e-05
2.114713e-05
1.979176e-05
1.885629e-05
1.856762e-05
1.865176e-05
1.864106e-05
1.858459e-05
1.993113e-05
1.888729e-05
1.958003e-05
1.896936e-05
1.902509e-05
1.864531e-05
1.721147e-05
1.633378e-05
1.618085e-05
1.653431e-05
1.584017e-05
1.52838e-05
1.3983e-05
1.435509e-05
1.303971e-05
1.231838e-05
1.258817e-05
1.336012e-05
1.383148e-05
1.218476e-05
1.35066e-05
1.398626e-05
1.531797e-05
1.41996e-05
1.422096e-05
1.367341e-05
1.424953e-05
1.419508e-05
1.435243e-05
1.348055e-05
1.315417e-05
1.40735e-05
1.407763e-05
1.321487e-05
1.248345e-05
1.315843e-05
1.206296e-05
1.257362e-05
1.289119e-05
1.395658e-05
1.450295e-05
1.475929e-05
1.563377e-05
1.573062e-05
1.489082e-05
1.496515e-05
1.417393e-05
1.347872e-05
1.327323e-05
1.407647e-05
1.285921e-05
1.320072e-05
1.335752e-05
1.429418e-05
1.338657e-05
1.361289e-05
1.336548e-05
1.237827e-05
1.257737e-05
1.310814e-05
1.418954e-05
1.45822e-05
1.49696e-05
1.438339e-05
1.547665e-05
1.486228e-05
1.421445e-05
1.43123e-05
1.355729e-05
1.166893e-05
1.242032e-05
1.179407e-05
1.198053e-05
1.191603e-05
1.217601e-05
1.299817e-05
1.287193e-05
1.206661e-05
1.071041e-05
1.020512e-05
9.982944e-06
9.985318e-06
1.019262e-05
1.004732e-05
8.842831e-06
8.610219e-06
7.81298e-06
7.80618e-06
7.760969e-06
8.000478e-06
8.039441e-06
7.198323e-06
7.533189e-06
7.098591e-06
6.85374e-06
6.953202e-06
6.67894e-06
6.851116e-06
6.507085e-06
6.290184e-06
6.79831e-06
7.824521e-06
7.899013e-06
8.112252e-06
7.924328e-06
7.230064e-06
7.437409e-06
7.792168e-06
6.957081e-06
6.924734e-06
7.259418e-06
7.61991e-06
7.5695e-06
7.364297e-06
7.387006e-06
7.721661e-06
8.158107e-06
8.352668e-06
8.006657e-06
8.048847e-06
7.375314e-06
7.790552e-06
7.571132e-06
7.958477e-06
7.576614e-06
6.812414e-06
7.247139e-06
7.104215e-06
7.375957e-06
7.198541e-06
7.687234e-06
7.47179e-06
7.133913e-06
7.640831e-06
6.289169e-06
6.110963e-06
5.786263e-06
6.589356e-06
6.71174e-06
7.013739e-06
6.781249e-06
6.836024e-06
7.107059e-06
7.600247e-06
7.867754e-06
7.377923e-06
7.677203e-06
7.395975e-06
7.278717e-06
8.373652e-06
8.959952e-06
9.166371e-06
8.954339e-06
9.220747e-06
9.245733e-06
8.925021e-06
8.44565e-06
9.579545e-06
9.47829e-06
8.579871e-06
9.433152e-06
9.804932e-06
9.559241e-06
1.030854e-05
1.056855e-05
1.087539e-05
1.057109e-05
1.068049e-05
9.90313e-06
9.777511e-06
9.948242e-06
8.932499e-06
7.896473e-06
8.154169e-06
8.288043e-06
8.896386e-06
9.834254e-06
1.184146e-05
1.219153e-05
1.182593e-05
1.131443e-05
1.148013e-05
1.093472e-05
1.058944e-05
1.071234e-05
1.01527e-05
1.019582e-05
9.872008e-06
9.788298e-06
9.569803e-06
9.161116e-06
8.396932e-06
8.42685e-06
8.566862e-06
9.040513e-06
9.182125e-06
9.174142e-06
9.443578e-06
9.578593e-06
9.098388e-06
1.007067e-05
9.679321e-06
9.638771e-06
1.016401e-05
1.030035e-05
9.782773e-06
9.860189e-06
1.003247e-05
1.042786e-05
9.699689e-06
9.901726e-06
1.007818e-05
9.967504e-06
1.06897e-05
1.153631e-05
1.286872e-05
1.242016e-05
1.289966e-05
1.293942e-05
1.326938e-05
1.401238e-05
1.315873e-05
1.430866e-05
1.496947e-05
1.446657e-05
1.41127e-05
1.29747e-05
1.49193e-05
1.570206e-05
1.599949e-05
1.644089e-05
1.75228e-05
1.714216e-05
1.786638e-05
1.589528e-05
1.722575e-05
1.519232e-05
1.465342e-05
1.453242e-05
1.479361e-05
1.48666e-05
1.601671e-05
1.497507e-05
1.531618e-05
1.487124e-05
1.544208e-05
1.5813e-05
1.489783e-05
1.471197e-05
1.306916e-05
1.324218e-05
1.327998e-05
1.292423e-05
1.309912e-05
1.299082e-05
1.357943e-05
1.418174e-05
1.456482e-05
1.433561e-05
1.472905e-05
1.45144e-05
1.455321e-05
1.375366e-05
1.413598e-05
1.370442e-05
1.308425e-05
1.395677e-05
1.38419e-05
1.356019e-05
1.333475e-05
1.274687e-05
1.340811e-05
1.385533e-05
1.391909e-05
1.358102e-05
1.424367e-05
1.399917e-05
1.397909e-05
1.435791e-05
1.391893e-05
1.337551e-05
1.378697e-05
1.408143e-05
1.31174e-05
1.282889e-05
1.246602e-05
1.188876e-05
1.225782e-05
1.146214e-05
1.075392e-05
1.018486e-05
9.250573e-06
9.671924e-06
8.985301e-06
9.665305e-06
9.455867e-06
9.122469e-06
9.11513e-06
8.603065e-06
8.313483e-06
8.4589e-06
8.176237e-06
7.504929e-06
8.030959e-06
8.201498e-06
8.231899e-06
8.181115e-06
7.759416e-06
7.690938e-06
7.660094e-06
7.734976e-06
7.352504e-06
7.250534e-06
8.350094e-06
8.432215e-06
8.06891e-06
7.625711e-06
8.241028e-06
8.145945e-06
8.137647e-06
8.055691e-06
7.903908e-06
7.790022e-06
8.600916e-06
8.336522e-06
8.229155e-06
7.745665e-06
7.976572e-06
7.552778e-06
7.297721e-06
7.349709e-06
6.858832e-06
6.79319e-06
7.360566e-06
7.072055e-06
7.488739e-06
8.461759e-06
8.797568e-06
8.336483e-06
8.313508e-06
8.444667e-06
8.304921e-06
9.039618e-06
9.142467e-06
9.392643e-06
9.046183e-06
8.809789e-06
8.861551e-06
8.67572e-06
8.634249e-06
8.850979e-06
9.313572e-06
1.015393e-05
1.02535e-05
1.066235e-05
1.011751e-05
1.139232e-05
1.210616e-05
1.263735e-05
1.25303e-05
1.176176e-05
1.200346e-05
1.283796e-05
1.353023e-05
1.32398e-05
1.146525e-05
1.147644e-05
1.202151e-05
1.179539e-05
1.11588e-05
1.024156e-05
1.05635e-05
9.933415e-06
1.053148e-05
1.075353e-05
1.031573e-05
1.04756e-05
9.45445e-06
9.860612e-06
1.072547e-05
1.09971e-05
1.146626e-05
1.193117e-05
1.187548e-05
1.156973e-05
1.177601e-05
1.262438e-05
1.331023e-05
1.373918e-05
1.325706e-05
1.14698e-05
1.153493e-05
1.066165e-05
1.068016e-05
1.04837e-05
1.031792e-05
1.101706e-05
1.064345e-05
1.172484e-05
1.111485e-05
1.184719e-05
1.231983e-05
1.23349e-05
1.247678e-05
1.128275e-05
1.093471e-05
1.151498e-05
1.223161e-05
1.296357e-05
1.31344e-05
1.241145e-05
1.206873e-05
1.147364e-05
1.135455e-05
1.164033e-05
1.108894e-05
1.223782e-05
1.287272e-05
1.332062e-05
1.21357e-05
1.163909e-05
1.140227e-05
1.20747e-05
1.193618e-05
1.259167e-05
1.177823e-05
1.224697e-05
1.267998e-05
1.296953e-05
1.240683e-05
1.247006e-05
1.32807e-05
1.350723e-05
1.30537e-05
1.318661e-05
1.237254e-05
1.186434e-05
1.180921e-05
1.19223e-05
1.164606e-05
1.169896e-05
1.195046e-05
1.155646e-05
1.094042e-05
1.086558e-05
1.101621e-05
1.048219e-05
9.643707e-06
9.131885e-06
9.438198e-06
9.140184e-06
9.870821e-06
9.302527e-06
8.485493e-06
9.275111e-06
9.405686e-06
8.866158e-06
8.630651e-06
8.586339e-06
8.713718e-06
8.309032e-06
8.207871e-06
8.537108e-06
8.444907e-06
8.808284e-06
9.686682e-06
9.500833e-06
8.684338e-06
8.621234e-06
9.144173e-06
8.813367e-06
8.112881e-06
7.900921e-06
7.606786e-06
8.151364e-06
8.352625e-06
8.549311e-06
8.379362e-06
8.06932e-06
7.613459e-06
6.86133e-06
7.308233e-06
7.554673e-06
7.498508e-06
7.974677e-06
8.209074e-06
8.342199e-06
8.805609e-06
8.16539e-06
8.29326e-06
8.702268e-06
8.879179e-06
9.876846e-06
1.000195e-05
1.029749e-05
1.087966e-05
1.090695e-05
1.087956e-05
1.066765e-05
1.046855e-05
1.080166e-05
1.104264e-05
1.156606e-05
1.150276e-05
1.227804e-05
1.240695e-05
1.367549e-05
1.443867e-05
1.373591e-05
1.427984e-05
1.350393e-05
1.459466e-05
1.55382e-05
1.675144e-05
1.758859e-05
1.76655e-05
1.658148e-05
1.654479e-05
1.804961e-05
1.883405e-05
1.767478e-05
1.653555e-05
1.699656e-05
1.597847e-05
1.704763e-05
1.589379e-05
1.610833e-05
1.601895e-05
1.663884e-05
1.810749e-05
1.701122e-05
1.819475e-05
1.923137e-05
2.011669e-05
2.058136e-05
2.078679e-05
1.905762e-05
1.835501e-05
1.674314e-05
1.661939e-05
1.784898e-05
1.732913e-05
1.848866e-05
1.738246e-05
1.954107e-05
1.964799e-05
1.937256e-05
1.84025e-05
1.842874e-05
1.864107e-05
1.751178e-05
1.743113e-05
1.637569e-05
1.706835e-05
1.685822e-05
1.600869e-05
1.703234e-05
1.581872e-05
1.616065e-05
1.698239e-05
1.559506e-05
1.458904e-05
1.491265e-05
1.476444e-05
1.413968e-05
1.338647e-05
1.420462e-05
1.390931e-05
1.359826e-05
1.294151e-05
1.276326e-05
1.24605e-05
1.169999e-05
1.172644e-05
1.124209e-05
1.075191e-05
1.02531e-05
9.582218e-06
8.958366e-06
9.353769e-06
9.211887e-06
9.389826e-06
9.472067e-06
8.991512e-06
9.800556e-06
9.833648e-06
1.056205e-05
1.070781e-05
9.486399e-06
9.991803e-06
1.047643e-05
1.090968e-05
1.044427e-05
9.673039e-06
1.026139e-05
1.102149e-05
1.169117e-05
1.300749e-05
1.399716e-05
1.442774e-05
1.335881e-05
1.345224e-05
1.310273e-05
1.414865e-05
1.354546e-05
1.313186e-05
1.305563e-05
1.266104e-05
1.284138e-05
1.290498e-05
1.367032e-05
1.355243e-05
1.381321e-05
1.238882e-05
1.204985e-05
1.169545e-05
1.195972e-05
1.153742e-05
1.158615e-05
1.238542e-05
1.266605e-05
1.216105e-05
1.13264e-05
1.136631e-05
1.172845e-05
1.165665e-05
1.148839e-05
1.202589e-05
1.316383e-05
1.335235e-05
1.288595e-05
1.260377e-05
1.264176e-05
1.158851e-05
1.175259e-05
1.267032e-05
1.202353e-05
1.12087e-05
1.237309e-05
1.143702e-05
1.223617e-05
1.173346e-05
1.130473e-05
1.084583e-05
1.126233e-05
1.176014e-05
1.146343e-05
1.146864e-05
1.234748e-05
1.273287e-05
1.288693e-05
1.208066e-05
1.059623e-05
9.927831e-06
1.134148e-05
1.207805e-05
1.133526e-05
1.182581e-05
1.197521e-05
1.114054e-05
1.144132e-05
1.13178e-05
1.200123e-05
1.293791e-05
1.129753e-05
1.264014e-05
1.294812e-05
1.303618e-05
1.142804e-05
1.164384e-05
1.058673e-05
1.031793e-05
9.773553e-06
1.003175e-05
1.03964e-05
1.088484e-05
1.105138e-05
1.069433e-05
9.899088e-06
9.75986e-06
9.850592e-06
1.047881e-05
1.042426e-05
1.15359e-05
1.259116e-05
1.283582e-05
1.251985e-05
1.237194e-05
1.200576e-05
1.220316e-05
1.198313e-05
1.278382e-05
1.182554e-05
1.232138e-05
1.2402e-05
1.091815e-05
1.093231e-05
1.124999e-05
1.16329e-05
1.149836e-05
1.138097e-05
1.125914e-05
1.122453e-05
1.056564e-05
1.121757e-05
1.127497e-05
1.176988e-05
1.252006e-05
1.175171e-05
1.305155e-05
1.255155e-05
1.162892e-05
1.19448e-05
1.085947e-05
1.127876e-05
1.151617e-05
1.190888e-05
1.221952e-05
1.163631e-05
1.185141e-05
1.234953e-05
1.161172e-05
1.18512e-05
1.072191e-05
1.059815e-05
1.06907e-05
1.125742e-05
1.102236e-05
1.036515e-05
9.651554e-06
9.62642e-06
1.125923e-05
1.069402e-05
1.138773e-05
1.269422e-05
1.249864e-05
1.21599e-05
1.270143e-05
1.191671e-05
1.165431e-05
1.238821e-05
1.149307e-05
1.0922e-05
1.251895e-05
1.255486e-05
1.219431e-05
1.209304e-05
1.294074e-05
1.265913e-05
1.214403e-05
1.240121e-05
1.277848e-05
1.277072e-05
1.352312e-05
1.322735e-05
1.321297e-05
1.333027e-05
1.445914e-05
1.647614e-05
1.552689e-05
1.424196e-05
1.549217e-05
1.369118e-05
1.360915e-05
1.385669e-05
1.493713e-05
1.667221e-05
1.573879e-05
1.564934e-05
1.518079e-05
1.419283e-05
1.454544e-05
1.33294e-05
1.331994e-05
1.305506e-05
1.360442e-05
1.401701e-05
1.446404e-05
1.404161e-05
1.392746e-05
1.357862e-05
1.390943e-05
1.348111e-05
1.395622e-05
1.350206e-05
1.453922e-05
1.434311e-05
1.377927e-05
1.364261e-05
1.419887e-05
1.442849e-05
1.524489e-05
1.514005e-05
1.427397e-05
1.376566e-05
1.459062e-05
1.522103e-05
1.428633e-05
1.256438e-05
1.228415e-05
1.250858e-05
1.32094e-05
1.336263e-05
1.497612e-05
1.585844e-05
1.476892e-05
1.458744e-05
1.433134e-05
1.457232e-05
1.487283e-05
1.439974e-05
1.320286e-05
1.286909e-05
1.465354e-05
1.569947e-05
1.446437e-05
1.380493e-05
1.43317e-05
1.454353e-05
1.452459e-05
1.449481e-05
1.496673e-05
1.549711e-05
1.707426e-05
1.792993e-05
1.816213e-05
1.889795e-05
1.820735e-05
1.659541e-05
1.566033e-05
1.590117e-05
1.524814e-05
1.56871e-05
1.522816e-05
1.541973e-05
1.552384e-05
1.461742e-05
1.55623e-05
1.549381e-05
1.597621e-05
1.547751e-05
1.575476e-05
1.522663e-05
1.534206e-05
1.533178e-05
1.6604e-05
1.535964e-05
1.592831e-05
1.665502e-05
1.770235e-05
1.851738e-05
1.827838e-05
1.99692e-05
1.962156e-05
2.039512e-05
2.068769e-05
2.077453e-05
2.061627e-05
1.939111e-05
1.876074e-05
1.91905e-05
2.060134e-05
2.092578e-05
1.971795e-05
1.777667e-05
1.701859e-05
1.769436e-05
1.721853e-05
1.527208e-05
1.588426e-05
1.67575e-05
1.824303e-05
1.817399e-05
1.908768e-05
1.74383e-05
1.659305e-05
1.644574e-05
1.436894e-05
1.513336e-05
1.61329e-05
1.752071e-05
1.608378e-05
1.550839e-05
1.452234e-05
1.489887e-05
1.600916e-05
1.476486e-05
1.27295e-05
1.194298e-05
1.159228e-05
1.21706e-05
1.310875e-05
1.319632e-05
1.254887e-05
1.299431e-05
1.320187e-05
1.196158e-05
1.104817e-05
1.187683e-05
1.163438e-05
1.224677e-05
1.270411e-05
1.199496e-05
1.211405e-05
1.233246e-05
1.310591e-05
1.450745e-05
1.347655e-05
1.256846e-05
1.270304e-05
1.288966e-05
1.384581e-05
1.394613e-05
1.387406e-05
1.363808e-05
1.306231e-05
1.350528e-05
1.240678e-05
1.196854e-05
1.242362e-05
1.214644e-05
1.15313e-05
1.213224e-05
1.114464e-05
1.073068e-05
1.015636e-05
1.049629e-05
1.04598e-05
1.092056e-05
1.067672e-05
1.112192e-05
1.041487e-05
9.924437e-06
9.185031e-06
9.226422e-06
9.365729e-06
8.679627e-06
9.108503e-06
8.96749e-06
8.763638e-06
8.629623e-06
8.976224e-06
8.184006e-06
8.539358e-06
9.449398e-06
1.038001e-05
1.053029e-05
1.090869e-05
1.150089e-05
1.042074e-05
1.039642e-05
1.114804e-05
1.131675e-05
1.100431e-05
1.069878e-05
1.017233e-05
9.755388e-06
9.30161e-06
1.037185e-05
1.076101e-05
1.028074e-05
1.060268e-05
1.020326e-05
9.770524e-06
9.928653e-06
9.596509e-06
9.349916e-06
8.906218e-06
9.669142e-06
1.00464e-05
9.767587e-06
1.018564e-05
9.464954e-06
9.884022e-06
9.421629e-06
9.153812e-06
9.874989e-06
1.048913e-05
1.070056e-05
1.079766e-05
1.120837e-05
1.068119e-05
1.047302e-05
1.051867e-05
1.015291e-05
9.946884e-06
9.68821e-06
1.026908e-05
1.067555e-05
1.152717e-05
1.194456e-05
1.129799e-05
1.164162e-05
1.14177e-05
1.079236e-05
1.02232e-05
1.031252e-05
1.119521e-05
1.203374e-05
1.124478e-05
1.115502e-05
1.030628e-05
1.104021e-05
1.137316e-05
1.094648e-05
1.070458e-05
1.161954e-05
1.186022e-05
1.114427e-05
1.113918e-05
1.132419e-05
1.149304e-05
1.156775e-05
1.115654e-05
1.112894e-05
9.879304e-06
9.213835e-06
9.565616e-06
9.731157e-06
9.235308e-06
9.541871e-06
9.2076e-06
9.338187e-06
8.716318e-06
8.966637e-06
8.886694e-06
8.309546e-06
8.156096e-06
8.885914e-06
8.567248e-06
8.255846e-06
8.790996e-06
8.98145e-06
8.551265e-06
8.901674e-06
8.848912e-06
9.584604e-06
1.001304e-05
1.012411e-05
1.081328e-05
1.155519e-05
1.155072e-05
1.113786e-05
1.174958e-05
1.096083e-05
1.176036e-05
1.0826e-05
1.113431e-05
1.139862e-05
1.145926e-05
1.193424e-05
1.146758e-05
1.213049e-05
1.28612e-05
1.301461e-05
1.187125e-05
1.172415e-05
1.139812e-05
1.160512e-05
1.2213e-05
1.08697e-05
1.068365e-05
1.052432e-05
9.916954e-06
9.719732e-06
1.071808e-05
1.004613e-05
1.038052e-05
1.024715e-05
1.009888e-05
1.091494e-05
1.22036e-05
1.271293e-05
1.246168e-05
1.16574e-05
1.232354e-05
1.104023e-05
1.055105e-05
9.75332e-06
9.847533e-06
1.106653e-05
1.096475e-05
1.081128e-05
9.949434e-06
1.014085e-05
9.64783e-06
9.544607e-06
9.066981e-06
9.011795e-06
8.234654e-06
8.313245e-06
8.221076e-06
7.131364e-06
7.078863e-06
6.710975e-06
6.870353e-06
6.650541e-06
6.889654e-06
7.48179e-06
7.382239e-06
8.15002e-06
7.564495e-06
6.642918e-06
6.627011e-06
7.482427e-06
8.188901e-06
8.372003e-06
8.812463e-06
8.842612e-06
9.38681e-06
9.464525e-06
8.997604e-06
8.468236e-06
9.135846e-06
8.429937e-06
8.842077e-06
9.2964e-06
9.531966e-06
9.558146e-06
8.990021e-06
9.204022e-06
9.357058e-06
1.058913e-05
1.123674e-05
1.173226e-05
1.125041e-05
1.098011e-05
1.253955e-05
1.210299e-05
1.076932e-05
9.936439e-06
1.031684e-05
1.084716e-05
1.058001e-05
1.041566e-05
1.039868e-05
1.121527e-05
1.137377e-05
1.15731e-05
1.181932e-05
1.214582e-05
1.185295e-05
1.249609e-05
1.082745e-05
1.101516e-05
1.078369e-05
1.072512e-05
1.032684e-05
1.030134e-05
1.147093e-05
1.207568e-05
1.276268e-05
1.30384e-05
1.431937e-05
1.396366e-05
1.403392e-05
1.47291e-05
1.402622e-05
1.225546e-05
1.295212e-05
1.287873e-05
1.213799e-05
1.226536e-05
1.172301e-05
1.165103e-05
1.231313e-05
1.208384e-05
1.333604e-05
1.403688e-05
1.396818e-05
1.390872e-05
1.345108e-05
1.512449e-05
1.557636e-05
1.617747e-05
1.704649e-05
1.661561e-05
1.655884e-05
1.67334e-05
1.63091e-05
1.64749e-05
1.705902e-05
1.641305e-05
1.480683e-05
1.552385e-05
1.600059e-05
1.59348e-05
1.639204e-05
1.716816e-05
1.515529e-05
1.596462e-05
1.668595e-05
1.488644e-05
1.537604e-05
1.496029e-05
1.472548e-05
1.629461e-05
1.596579e-05
1.50176e-05
1.622242e-05
1.449183e-05
1.467127e-05
1.362758e-05
1.249244e-05
1.258778e-05
1.33267e-05
1.267739e-05
1.208236e-05
1.155246e-05
1.177481e-05
1.123505e-05
1.124552e-05
1.113541e-05
1.188623e-05
1.27929e-05
1.388248e-05
1.38093e-05
1.301538e-05
1.383858e-05
1.380524e-05
1.387413e-05
1.402253e-05
1.41118e-05
1.347948e-05
1.283553e-05
1.298078e-05
1.2655e-05
1.31408e-05
1.246118e-05
1.203418e-05
1.11489e-05
1.107087e-05
1.184506e-05
1.279574e-05
1.212326e-05
1.220712e-05
1.137361e-05
1.123269e-05
1.096633e-05
1.061282e-05
1.023545e-05
9.856579e-06
1.087536e-05
9.717684e-06
9.049552e-06
9.558373e-06
8.712695e-06
9.471625e-06
9.004719e-06
8.853351e-06
8.856783e-06
9.265925e-06
9.357675e-06
8.661933e-06
8.497497e-06
7.960679e-06
7.713298e-06
7.86116e-06
8.052872e-06
8.493476e-06
8.663031e-06
8.259582e-06
8.78772e-06
9.160699e-06
8.480216e-06
8.101489e-06
8.507929e-06
8.365891e-06
8.819418e-06
9.127413e-06
9.733493e-06
1.036667e-05
9.987183e-06
9.67295e-06
9.839359e-06
9.667311e-06
9.925915e-06
9.708045e-06
9.787535e-06
9.377198e-06
8.93335e-06
8.947726e-06
8.2589e-06
7.242937e-06
7.29329e-06
7.69478e-06
7.916195e-06
7.226769e-06
6.939388e-06
7.373771e-06
7.557261e-06
8.047571e-06
7.018671e-06
6.287561e-06
6.345323e-06
6.394962e-06
6.275715e-06
6.060265e-06
6.130261e-06
6.620053e-06
6.22411e-06
6.495406e-06
6.903055e-06
6.471868e-06
6.130184e-06
6.35388e-06
6.178698e-06
6.210756e-06
6.54043e-06
6.316147e-06
6.498056e-06
6.585794e-06
6.703271e-06
7.033059e-06
7.721908e-06
8.051432e-06
8.555918e-06
8.620555e-06
9.431192e-06
9.873596e-06
9.921828e-06
1.008194e-05
1.106127e-05
1.132966e-05
1.155053e-05
1.051618e-05
1.065379e-05
9.936545e-06
1.020021e-05
1.045312e-05
1.038507e-05
1.009053e-05
1.022333e-05
1.070876e-05
9.624671e-06
9.87101e-06
1.04793e-05
1.057614e-05
1.051869e-05
1.069757e-05
1.04409e-05
1.053171e-05
9.795481e-06
9.675793e-06
9.851407e-06
9.457057e-06
9.043454e-06
9.403441e-06
9.714032e-06
1.029715e-05
1.027417e-05
1.092059e-05
1.057657e-05
9.721479e-06
9.953479e-06
9.849935e-06
9.88228e-06
1.050296e-05
1.021162e-05
1.113359e-05
1.110578e-05
1.080038e-05
1.067426e-05
1.199768e-05
1.241887e-05
1.246989e-05
1.327791e-05
1.202177e-05
1.285664e-05
1.238516e-05
1.188864e-05
1.245614e-05
1.269689e-05
1.293429e-05
1.29016e-05
1.283175e-05
1.311068e-05
1.412356e-05
1.387043e-05
1.323173e-05
1.439631e-05
1.347078e-05
1.386793e-05
1.326186e-05
1.20943e-05
1.327052e-05
1.338514e-05
1.243031e-05
1.224823e-05
1.226001e-05
1.207467e-05
1.185536e-05
1.10761e-05
1.054501e-05
1.005795e-05
1.051787e-05
1.127895e-05
1.091517e-05
1.189006e-05
1.145331e-05
1.219015e-05
1.25773e-05
1.254425e-05
1.235544e-05
1.197579e-05
1.154972e-05
1.217217e-05
1.142791e-05
1.164554e-05
1.182668e-05
1.149716e-05
1.049227e-05
1.067092e-05
1.0257e-05
1.149385e-05
1.098193e-05
1.149424e-05
1.06039e-05
1.082668e-05
1.039027e-05
1.041255e-05
1.13174e-05
1.185051e-05
1.152243e-05
1.132396e-05
1.101374e-05
1.074573e-05
1.13692e-05
1.100353e-05
1.144041e-05
1.114568e-05
1.148455e-05
1.06746e-05
9.645553e-06
9.571666e-06
9.204393e-06
8.613367e-06
9.421678e-06
9.537811e-06
1.035189e-05
9.932407e-06
9.442614e-06
9.683291e-06
1.023557e-05
1.049326e-05
1.139459e-05
1.077833e-05
1.030971e-05
1.012374e-05
9.904702e-06
1.06455e-05
1.123745e-05
1.0334e-05
1.11067e-05
1.074599e-05
1.025497e-05
1.047697e-05
1.060668e-05
1.06181e-05
1.135583e-05
1.166349e-05
1.159113e-05
1.138221e-05
1.203185e-05
1.163907e-05
1.203533e-05
1.140225e-05
1.081586e-05
9.968145e-06
1.015502e-05
9.821438e-06
9.153302e-06
9.314962e-06
9.604017e-06
1.001479e-05
1.085852e-05
1.005546e-05
1.160327e-05
1.207218e-05
1.154531e-05
1.199814e-05
1.281922e-05
1.238095e-05
1.149343e-05
1.112889e-05
1.094737e-05
1.107344e-05
1.129462e-05
1.100666e-05
1.107356e-05
1.226454e-05
1.149475e-05
1.18821e-05
1.16313e-05
1.212932e-05
1.283037e-05
1.257004e-05
1.155279e-05
1.074864e-05
1.030336e-05
9.73159e-06
1.044449e-05
1.089534e-05
1.016258e-05
1.032509e-05
1.010877e-05
9.691612e-06
9.52481e-06
9.694449e-06
9.360436e-06
9.528538e-06
1.007715e-05
1.028039e-05
9.6205e-06
9.798433e-06
1.017096e-05
9.632418e-06
9.196081e-06
9.471318e-06
8.727427e-06
8.535157e-06
8.596124e-06
9.526234e-06
9.978197e-06
9.928196e-06
9.695531e-06
1.034669e-05
1.048521e-05
1.06417e-05
1.066321e-05
1.080792e-05
1.124988e-05
1.177205e-05
1.25697e-05
1.291171e-05
1.218587e-05
1.211122e-05
1.254792e-05
1.312146e-05
1.329986e-05
1.270194e-05
1.342725e-05
1.350995e-05
1.444038e-05
1.406929e-05
1.554079e-05
1.338321e-05
1.394661e-05
1.368574e-05
1.28614e-05
1.326032e-05
1.289104e-05
1.229971e-05
1.300218e-05
1.327785e-05
1.244639e-05
1.285618e-05
1.407526e-05
1.317014e-05
1.167075e-05
1.165951e-05
1.146182e-05
1.099833e-05
1.245283e-05
1.335828e-05
1.34065e-05
1.185393e-05
1.11334e-05
1.156584e-05
1.096703e-05
1.140373e-05
1.046324e-05
1.100806e-05
1.076428e-05
1.062642e-05
1.080633e-05
1.067579e-05
1.027191e-05
1.037703e-05
1.048111e-05
1.01697e-05
1.04903e-05
1.023282e-05
1.00309e-05
1.045787e-05
1.178447e-05
1.083795e-05
1.151541e-05
1.161953e-05
1.144181e-05
1.120945e-05
1.235832e-05
1.254428e-05
1.156757e-05
1.168975e-05
1.258353e-05
1.351442e-05
1.229958e-05
1.282254e-05
1.346011e-05
1.25465e-05
1.219054e-05
1.218507e-05
1.171412e-05
1.148264e-05
1.113711e-05
1.073666e-05
1.024355e-05
9.695559e-06
1.019839e-05
9.617303e-06
9.837229e-06
8.925638e-06
9.221848e-06
8.779087e-06
9.170007e-06
9.515913e-06
9.569679e-06
9.654955e-06
1.124343e-05
1.09877e-05
1.191628e-05
1.261536e-05
1.270302e-05
1.283081e-05
1.163501e-05
1.098827e-05
1.189263e-05
1.217899e-05
1.262674e-05
1.324685e-05
1.279422e-05
1.330832e-05
1.20603e-05
1.240316e-05
1.218529e-05
1.224459e-05
1.173847e-05
1.183959e-05
1.251448e-05
1.317051e-05
1.413872e-05
1.340004e-05
1.363041e-05
1.3186e-05
1.315472e-05
1.195614e-05
1.159614e-05
1.077877e-05
1.072409e-05
1.068735e-05
1.046022e-05
1.086097e-05
1.155088e-05
1.141815e-05
1.074277e-05
9.897668e-06
1.019496e-05
1.039065e-05
9.732247e-06
9.368343e-06
9.223244e-06
9.102631e-06
9.543764e-06
9.952625e-06
9.795074e-06
1.034392e-05
9.667046e-06
9.096268e-06
9.408596e-06
1.00414e-05
1.00524e-05
1.029194e-05
1.044351e-05
1.032865e-05
1.073159e-05
1.14115e-05
1.090231e-05
1.088098e-05
1.147744e-05
1.154967e-05
1.081005e-05
1.020882e-05
8.851263e-06
8.47332e-06
9.137312e-06
9.263176e-06
8.392964e-06
8.107818e-06
7.483574e-06
7.708902e-06
7.604122e-06
8.11633e-06
8.165862e-06
8.495872e-06
7.505499e-06
7.533584e-06
7.170461e-06
6.754896e-06
6.380694e-06
6.863629e-06
7.179855e-06
7.207256e-06
7.134605e-06
7.410234e-06
7.193535e-06
8.655697e-06
8.269993e-06
8.791329e-06
9.023983e-06
9.182763e-06
9.064227e-06
8.601762e-06
8.416927e-06
8.664917e-06
8.929998e-06
9.463291e-06
8.901064e-06
8.342341e-06
8.261881e-06
8.433139e-06
8.082425e-06
7.952872e-06
8.279124e-06
8.474698e-06
8.921583e-06
8.61277e-06
8.389444e-06
8.833396e-06
8.434411e-06
8.002749e-06
7.661946e-06
6.860443e-06
6.232943e-06
6.486495e-06
6.594055e-06
6.629381e-06
6.722501e-06
6.931666e-06
7.223582e-06
7.65203e-06
8.189281e-06
8.168841e-06
8.167029e-06
8.4953e-06
8.288535e-06
8.656467e-06
8.791025e-06
8.068769e-06
8.538217e-06
8.771307e-06
8.513477e-06
8.674763e-06
8.641146e-06
8.620681e-06
9.332294e-06
9.121005e-06
8.502563e-06
9.127192e-06
9.068549e-06
7.967277e-06
9.0408e-06
9.465049e-06
9.169349e-06
8.867858e-06
8.822198e-06
8.281083e-06
8.12551e-06
8.880479e-06
8.025863e-06
8.623563e-06
8.604356e-06
8.561617e-06
9.743598e-06
9.563483e-06
9.033054e-06
8.375359e-06
8.222203e-06
8.411431e-06
8.530536e-06
9.508159e-06
9.226556e-06
8.732951e-06
8.707526e-06
8.534208e-06
8.505293e-06
8.849539e-06
8.179076e-06
8.65592e-06
9.983687e-06
9.975477e-06
9.422578e-06
9.506121e-06
8.848819e-06
9.156335e-06
8.951121e-06
9.206405e-06
9.143063e-06
9.157645e-06
8.616294e-06
7.954685e-06
7.672896e-06
6.693233e-06
6.764185e-06
6.756637e-06
7.607336e-06
7.608135e-06
7.157908e-06
7.214857e-06
7.464524e-06
6.935116e-06
7.031671e-06
6.734459e-06
6.626006e-06
7.186438e-06
7.150206e-06
6.649085e-06
6.369819e-06
7.551953e-06
8.229716e-06
7.990165e-06
7.911979e-06
7.840562e-06
7.243383e-06
6.771182e-06
6.921306e-06
6.793759e-06
6.568333e-06
6.984834e-06
7.691756e-06
7.990238e-06
7.796021e-06
8.416496e-06
8.258976e-06
8.771328e-06
8.21712e-06
8.227579e-06
8.888559e-06
9.136594e-06
9.290871e-06
9.494667e-06
9.589396e-06
9.070443e-06
9.661385e-06
9.741893e-06
9.789237e-06
1.054733e-05
9.884653e-06
9.762196e-06
9.476881e-06
9.582452e-06
1.002663e-05
9.013109e-06
8.881739e-06
8.760946e-06
8.816473e-06
8.702494e-06
8.744359e-06
7.54239e-06
7.377243e-06
6.954148e-06
6.765016e-06
7.622012e-06
8.082417e-06
7.732573e-06
7.738562e-06
8.215343e-06
8.339455e-06
8.593697e-06
8.778032e-06
8.85528e-06
8.819247e-06
8.930198e-06
1.001016e-05
1.031191e-05
1.024954e-05
1.120834e-05
1.075263e-05
1.080337e-05
1.195763e-05
1.169276e-05
1.144733e-05
1.181073e-05
1.144335e-05
1.117271e-05
1.061913e-05
1.098823e-05
1.046447e-05
9.890705e-06
1.021635e-05
1.027289e-05
9.646292e-06
8.992446e-06
9.479256e-06
9.840773e-06
9.353661e-06
1.002529e-05
9.216495e-06
9.606198e-06
1.001151e-05
1.109474e-05
1.137636e-05
1.256683e-05
1.220895e-05
1.22291e-05
1.122192e-05
1.014378e-05
9.376374e-06
1.020061e-05
9.112854e-06
8.839211e-06
1.017014e-05
1.072435e-05
1.133269e-05
1.15607e-05
1.144975e-05
1.143621e-05
1.078568e-05
9.351906e-06
9.142593e-06
8.61732e-06
8.206733e-06
8.471063e-06
7.562138e-06
7.723904e-06
7.157703e-06
7.807181e-06
8.165272e-06
8.657624e-06
8.561664e-06
9.089623e-06
8.968712e-06
8.613417e-06
8.369963e-06
8.700332e-06
9.228491e-06
9.230877e-06
1.02511e-05
9.83125e-06
9.412459e-06
8.645081e-06
9.366283e-06
9.96752e-06
9.134825e-06
9.014934e-06
9.520524e-06
1.034219e-05
1.098293e-05
9.661768e-06
9.9051e-06
9.658917e-06
8.544853e-06
8.45357e-06
8.107619e-06
7.882552e-06
8.142957e-06
8.116699e-06
7.557893e-06
8.191207e-06
7.9181e-06
7.701351e-06
8.609298e-06
8.422538e-06
8.446434e-06
8.608722e-06
8.373045e-06
8.307289e-06
8.100753e-06
7.802824e-06
7.551028e-06
7.97634e-06
8.340953e-06
8.496689e-06
8.463155e-06
9.351194e-06
1.041944e-05
1.026757e-05
1.03049e-05
9.241285e-06
8.961814e-06
8.838029e-06
9.645251e-06
9.753572e-06
9.197577e-06
9.425093e-06
9.264426e-06
9.2368e-06
9.530449e-06
9.58745e-06
9.429268e-06
9.644638e-06
8.806617e-06
8.609419e-06
9.225924e-06
9.073285e-06
8.305749e-06
8.816768e-06
8.783112e-06
8.263634e-06
8.901782e-06
9.291601e-06
1.002773e-05
1.100044e-05
1.193532e-05
1.226704e-05
1.19888e-05
1.291401e-05
1.250326e-05
1.277104e-05
1.214444e-05
1.073508e-05
1.061417e-05
1.137745e-05
1.151344e-05
1.239652e-05
1.274995e-05
1.240051e-05
1.275662e-05
1.349958e-05
1.27897e-05
1.298302e-05
1.200218e-05
1.23399e-05
1.143486e-05
1.088933e-05
1.200585e-05
1.205334e-05
1.095226e-05
1.100825e-05
1.128805e-05
1.11013e-05
1.053996e-05
1.088378e-05
1.0593e-05
1.035711e-05
1.032406e-05
9.190788e-06
9.773583e-06
9.50686e-06
1.015296e-05
1.024121e-05
9.825943e-06
9.796121e-06
9.662099e-06
1.009725e-05
1.033266e-05
9.651399e-06
9.462827e-06
9.425711e-06
9.252593e-06
9.550916e-06
9.982678e-06
9.891536e-06
9.614275e-06
9.611018e-06
9.257438e-06
9.465782e-06
9.377348e-06
9.201651e-06
8.673841e-06
7.835831e-06
8.251704e-06
7.653057e-06
8.203032e-06
9.026668e-06
8.640506e-06
8.426362e-06
8.567314e-06
8.768627e-06
8.705197e-06
8.127275e-06
7.321504e-06
7.062971e-06
7.046517e-06
6.678456e-06
6.367761e-06
5.793472e-06
5.308219e-06
5.312825e-06
5.658489e-06
6.007665e-06
6.335928e-06
6.145065e-06
6.158849e-06
6.256991e-06
6.442174e-06
6.56683e-06
6.909686e-06
6.881938e-06
6.921197e-06
7.130562e-06
6.863681e-06
7.059562e-06
7.480224e-06
7.2448e-06
7.078893e-06
7.2223e-06
7.489525e-06
7.524461e-06
6.835414e-06
6.515415e-06
6.255614e-06
6.406913e-06
6.598506e-06
6.834277e-06
6.976516e-06
6.752268e-06
7.312023e-06
6.80463e-06
7.774762e-06
7.898768e-06
7.78927e-06
7.255181e-06
7.497422e-06
7.138793e-06
7.576409e-06
7.183485e-06
7.090004e-06
7.340378e-06
8.204797e-06
8.6718e-06
8.112727e-06
8.24234e-06
8.384362e-06
7.89158e-06
7.769401e-06
7.830593e-06
8.77706e-06
8.56966e-06
7.844763e-06
8.037255e-06
8.483164e-06
7.055429e-06
8.123775e-06
8.008666e-06
8.059463e-06
8.087373e-06
8.418198e-06
8.591557e-06
7.939903e-06
7.98471e-06
8.105646e-06
8.347759e-06
8.387493e-06
7.949346e-06
7.745417e-06
7.909512e-06
7.770292e-06
7.363569e-06
7.409177e-06
7.494858e-06
8.297665e-06
8.706568e-06
8.778941e-06
8.582435e-06
8.256859e-06
8.324324e-06
9.461727e-06
9.830541e-06
9.140734e-06
8.288118e-06
8.209643e-06
8.744426e-06
7.31336e-06
6.418581e-06
6.43952e-06
6.466446e-06
6.32636e-06
6.785681e-06
7.040444e-06
7.103442e-06
7.769207e-06
7.562802e-06
7.6908e-06
7.67385e-06
8.072246e-06
8.563842e-06
8.093723e-06
7.916909e-06
8.08989e-06
8.949301e-06
9.224888e-06
8.381251e-06
8.839373e-06
9.244117e-06
9.83232e-06
1.032549e-05
1.106246e-05
1.214272e-05
1.135427e-05
1.151133e-05
1.229158e-05
1.189255e-05
1.132934e-05
1.099057e-05
1.101702e-05
1.191293e-05
1.160237e-05
1.164309e-05
1.244634e-05
1.283249e-05
1.229651e-05
1.174324e-05
1.233689e-05
1.197888e-05
1.296833e-05
1.28383e-05
1.241245e-05
1.291091e-05
1.284891e-05
1.311632e-05
1.411815e-05
1.312043e-05
1.275281e-05
1.220054e-05
1.166734e-05
1.123426e-05
1.154996e-05
1.09898e-05
1.056955e-05
1.079941e-05
1.027671e-05
1.084688e-05
1.133594e-05
1.214104e-05
1.322699e-05
1.172417e-05
1.157853e-05
1.09326e-05
1.019418e-05
1.09144e-05
1.091403e-05
1.010123e-05
9.883694e-06
1.00577e-05
1.00283e-05
1.008889e-05
1.040984e-05
1.026783e-05
1.012874e-05
9.948462e-06
9.454633e-06
1.010689e-05
1.063183e-05
9.969598e-06
1.063515e-05
1.163272e-05
1.110567e-05
1.103737e-05
1.143968e-05
1.16755e-05
1.241822e-05
1.149359e-05
1.161456e-05
1.284065e-05
1.240118e-05
1.253035e-05
1.288495e-05
1.270717e-05
1.238065e-05
1.192817e-05
1.163385e-05
1.229196e-05
1.245885e-05
1.151914e-05
1.22502e-05
1.15979e-05
1.237649e-05
1.248308e-05
1.123589e-05
1.169624e-05
1.175763e-05
1.206487e-05
1.271115e-05
1.271865e-05
1.347667e-05
1.230005e-05
1.273566e-05
1.336296e-05
1.332127e-05
1.217339e-05
1.202321e-05
1.235866e-05
1.221177e-05
1.218455e-05
1.205748e-05
1.192576e-05
1.173309e-05
1.19125e-05
1.183137e-05
1.152615e-05
1.014885e-05
1.121044e-05
1.178319e-05
1.310266e-05
1.342021e-05
1.465361e-05
1.278771e-05
1.413069e-05
1.404929e-05
1.474404e-05
1.563824e-05
1.708386e-05
1.718092e-05
1.740708e-05
1.640273e-05
1.542878e-05
1.435368e-05
1.407694e-05
1.379989e-05
1.312175e-05
1.262213e-05
1.175116e-05
1.103805e-05
1.110195e-05
1.187385e-05
1.231178e-05
1.265012e-05
1.254795e-05
1.293299e-05
1.351242e-05
1.291062e-05
1.311986e-05
1.281549e-05
1.265353e-05
1.208168e-05
1.149039e-05
1.065295e-05
1.084864e-05
1.073018e-05
1.193091e-05
1.125936e-05
1.134246e-05
1.200137e-05
1.178844e-05
1.146333e-05
1.223486e-05
1.169197e-05
1.069956e-05
1.087108e-05
1.210267e-05
1.230363e-05
1.286653e-05
1.440695e-05
1.511898e-05
1.2683e-05
1.236444e-05
1.317894e-05
1.228702e-05
1.284498e-05
1.313506e-05
1.307412e-05
1.290525e-05
1.26567e-05
1.25357e-05
1.274647e-05
1.35718e-05
1.172163e-05
1.191903e-05
1.163204e-05
1.049623e-05
1.11137e-05
1.22028e-05
1.311382e-05
1.354062e-05
1.348083e-05
1.425038e-05
1.500772e-05
1.468415e-05
1.391198e-05
1.33373e-05
1.27042e-05
1.365904e-05
1.209838e-05
1.245405e-05
1.256854e-05
1.214627e-05
1.26871e-05
1.3229e-05
1.449341e-05
1.542736e-05
1.443155e-05
1.314347e-05
1.353812e-05
1.252708e-05
1.21892e-05
1.17023e-05
1.172754e-05
1.153678e-05
1.186971e-05
1.192459e-05
1.199878e-05
1.255497e-05
1.214675e-05
1.145149e-05
1.119615e-05
1.15566e-05
1.199465e-05
1.192035e-05
1.172421e-05
1.23788e-05
1.301667e-05
1.36425e-05
1.349025e-05
1.42384e-05
1.475243e-05
1.48998e-05
1.50398e-05
1.42192e-05
1.446458e-05
1.500608e-05
1.51055e-05
1.377939e-05
1.246861e-05
1.09353e-05
1.147705e-05
1.090153e-05
1.032486e-05
1.001891e-05
9.931179e-06
1.02746e-05
1.119134e-05
1.062419e-05
1.119441e-05
1.123814e-05
1.312874e-05
1.223772e-05
1.209495e-05
1.194761e-05
1.114477e-05
1.046815e-05
9.561108e-06
9.640137e-06
8.853831e-06
8.920906e-06
8.930109e-06
8.56452e-06
8.19276e-06
8.688535e-06
8.359267e-06
7.742572e-06
7.455928e-06
7.719884e-06
7.760114e-06
7.456873e-06
7.579001e-06
7.928134e-06
8.210747e-06
8.6397e-06
8.635553e-06
8.476252e-06
8.05813e-06
8.775648e-06
8.48019e-06
8.65693e-06
8.782519e-06
7.960769e-06
7.53104e-06
8.640608e-06
9.242914e-06
9.714723e-06
9.934581e-06
9.726947e-06
1.036759e-05
1.036717e-05
1.07998e-05
9.983885e-06
1.081136e-05
9.796546e-06
1.02142e-05
1.068963e-05
9.891566e-06
9.110552e-06
8.614134e-06
8.606747e-06
8.082271e-06
8.144735e-06
8.098767e-06
8.329981e-06
8.311199e-06
8.065895e-06
7.903598e-06
6.924189e-06
7.212888e-06
7.287612e-06
7.164406e-06
7.133627e-06
8.079714e-06
8.143017e-06
8.657543e-06
9.281318e-06
8.831021e-06
8.910263e-06
8.428797e-06
7.536505e-06
8.026281e-06
7.55938e-06
7.996627e-06
8.579802e-06
8.680112e-06
8.773821e-06
9.172618e-06
9.127231e-06
8.539213e-06
8.365664e-06
8.67941e-06
8.921284e-06
9.684491e-06
9.610088e-06
1.030188e-05
1.093672e-05
1.043871e-05
1.104112e-05
1.109631e-05
1.103959e-05
1.039494e-05
1.099659e-05
1.224253e-05
1.291518e-05
1.324269e-05
1.307754e-05
1.227935e-05
1.170458e-05
1.200876e-05
1.228166e-05
1.198129e-05
1.178116e-05
1.105522e-05
1.130577e-05
1.08021e-05
1.106754e-05
1.213801e-05
1.141935e-05
1.193268e-05
1.254725e-05
1.23496e-05
1.134221e-05
1.06655e-05
1.084378e-05
1.005331e-05
9.93396e-06
1.067466e-05
1.212642e-05
1.293435e-05
1.195592e-05
1.204329e-05
1.128769e-05
1.127439e-05
1.202414e-05
1.225999e-05
1.182032e-05
1.129722e-05
1.23663e-05
1.338182e-05
1.370869e-05
1.306311e-05
1.246476e-05
1.322071e-05
1.342584e-05
1.426058e-05
1.357471e-05
1.479894e-05
1.588394e-05
1.622672e-05
1.616952e-05
1.559125e-05
1.6118e-05
1.636466e-05
1.626851e-05
1.539314e-05
1.528397e-05
1.542921e-05
1.415717e-05
1.298979e-05
1.468653e-05
1.457737e-05
1.35893e-05
1.298078e-05
1.48488e-05
1.446093e-05
1.364554e-05
1.38291e-05
1.473169e-05
1.473023e-05
1.398409e-05
1.303774e-05
1.390676e-05
1.334512e-05
1.28521e-05
1.282066e-05
1.304751e-05
1.260952e-05
1.2613e-05
1.38536e-05
1.374013e-05
1.389147e-05
1.392536e-05
1.40495e-05
1.440488e-05
1.440078e-05
1.411388e-05
1.393296e-05
1.422291e-05
1.444181e-05
1.478116e-05
1.484208e-05
1.513839e-05
1.39652e-05
1.4187e-05
1.433856e-05
1.437541e-05
1.525293e-05
1.537985e-05
1.545345e-05
1.448001e-05
1.418708e-05
1.394737e-05
1.484669e-05
1.461851e-05
1.45952e-05
1.459354e-05
1.430136e-05
1.488355e-05
1.521738e-05
1.462991e-05
1.471884e-05
1.3775e-05
1.369779e-05
1.405295e-05
1.34166e-05
1.296351e-05
1.258475e-05
1.242911e-05
1.266831e-05
1.257224e-05
1.194785e-05
1.117959e-05
9.920909e-06
9.874288e-06
9.856387e-06
8.93726e-06
8.169136e-06
7.873455e-06
8.213902e-06
8.06457e-06
7.833332e-06
8.155705e-06
8.720809e-06
8.431601e-06
8.562615e-06
8.25028e-06
8.854521e-06
9.070285e-06
8.797115e-06
7.945255e-06
7.754683e-06
8.264623e-06
8.346375e-06
9.168522e-06
8.446304e-06
8.90718e-06
9.208552e-06
8.635944e-06
8.958161e-06
9.454966e-06
1.001782e-05
9.919322e-06
9.331162e-06
9.835421e-06
1.051587e-05
1.015749e-05
1.03122e-05
9.951474e-06
1.072097e-05
9.609766e-06
9.665823e-06
9.562916e-06
9.813504e-06
9.773667e-06
9.862058e-06
1.052721e-05
1.077413e-05
1.035748e-05
1.039435e-05
1.109703e-05
1.242362e-05
1.239285e-05
1.101634e-05
1.118899e-05
1.069455e-05
1.096666e-05
1.129962e-05
1.297042e-05
1.413738e-05
1.389961e-05
1.337521e-05
1.450345e-05
1.438567e-05
1.418474e-05
1.419539e-05
1.403623e-05
1.231315e-05
1.263457e-05
1.220305e-05
1.158196e-05
9.863124e-06
1.019719e-05
9.957661e-06
9.501786e-06
9.557136e-06
9.63676e-06
9.834427e-06
1.084488e-05
1.085971e-05
1.071865e-05
1.151814e-05
1.204177e-05
1.171524e-05
1.246882e-05
1.22959e-05
1.166342e-05
1.204756e-05
1.239983e-05
1.287187e-05
1.284804e-05
1.236341e-05
1.242692e-05
1.178681e-05
1.163126e-05
1.24017e-05
1.201757e-05
1.25808e-05
1.24509e-05
1.290481e-05
1.256625e-05
1.292847e-05
1.268002e-05
1.392919e-05
1.329526e-05
1.341458e-05
1.236567e-05
1.344986e-05
1.324857e-05
1.310327e-05
1.227304e-05
1.192017e-05
1.202227e-05
1.303569e-05
1.262986e-05
1.141418e-05
1.226154e-05
1.206409e-05
1.158709e-05
1.202912e-05
1.214823e-05
1.356548e-05
1.380686e-05
1.342863e-05
1.350026e-05
1.329582e-05
1.289482e-05
1.299384e-05
1.223712e-05
1.393952e-05
1.33797e-05
1.290343e-05
1.240359e-05
1.265881e-05
1.313405e-05
1.428276e-05
1.442371e-05
1.433131e-05
1.340355e-05
1.288297e-05
