0.03561142
0.04112419
0.04302468
0.03967399
0.04002867
0.03579528
0.03311783
0.03532461
0.03249134
0.03903278
0.03447672
0.03731175
0.04141554
0.03671137
0.04281432
0.03532104
0.03522613
0.03087122
0.03945754
0.03828525
0.0375912
0.03707677
0.03735103
0.0375327
0.03715781
0.04231461
0.03598354
0.03678926
0.03960501
0.04036848
0.04223607
0.03521394
0.036678
0.04288327
0.04145512
0.03688703
0.03926935
0.04022221
0.0388334
0.03780048
0.03990971
0.04107182
0.04306464
0.03608363
0.03668237
0.03982139
0.04135198
0.03764071
0.03864172
0.03988455
0.03982505
0.04312048
0.03586495
0.03880962
0.03725418
0.03965458
0.03686002
0.03924571
0.04254578
0.04212282
0.03898794
0.03690964
0.03567082
0.03974255
0.04068781
0.04109201
0.03772166
0.03694077
0.03960323
0.03562961
0.04340685
0.04489082
0.03475935
0.03897306
0.04063947
0.03760484
0.03587353
0.0440776
0.04255466
0.03868576
0.03950755
0.04030756
0.04124394
0.04100064
0.03844968
0.04163772
0.03736567
0.04090009
0.04104019
0.03937714
0.03705357
0.03967854
0.03847261
0.0395916
0.04368009
0.04485263
0.03984474
0.04013501
0.04283628
0.04118478
0.03734288
0.03962653
0.04138586
0.04137071
0.04079701
0.04457052
0.03834473
0.03851388
0.04101898
0.04035167
0.0431454
0.04162164
0.03926879
0.04156596
0.04021077
0.04053893
0.03897653
0.04010682
0.04232258
0.04116271
0.04355973
0.04142443
0.04560381
0.0435436
0.04061039
0.04055492
0.0387257
0.04219704
0.03899592
0.03795798
0.0413244
0.03355725
0.04357983
0.03680238
0.03517011
0.03529356
0.03846043
0.03659383
0.03812001
0.04070006
0.03478137
0.03856178
0.03805129
0.03811771
0.03732155
0.03566321
0.03400292
0.02989416
0.03390657
0.03460585
0.03669651
0.04090319
0.03729799
0.03723424
0.03531611
0.0380534
0.04013331
0.03353028
0.03737138
0.03790549
0.03573073
0.03714106
0.03938992
0.04249035
0.03456474
0.03862831
0.03346281
0.03825019
0.0396043
0.03560612
0.0393666
0.03684693
0.03684407
0.03489106
0.03377062
0.03177639
0.03788969
0.03394618
0.03560685
0.03504818
0.03676965
0.03416967
0.03879813
0.03882979
0.03626846
0.04420971
0.04132033
0.03981523
0.03956414
0.03665037
0.03933986
0.03314463
0.03650682
0.03723195
0.03902452
0.03605029
0.04129984
0.03738965
0.04275259
0.03899445
0.03646433
0.03927741
0.03963306
0.03853449
0.04623314
0.03826494
0.04409115
0.03843742
0.03966376
0.04279753
0.0334322
0.04318492
0.04096465
0.03933104
0.04120162
0.04037266
0.03740436
0.03951188
0.04554228
0.03810194
0.03838135
0.03845295
0.0383068
0.03593278
0.04319995
0.03804629
0.03567165
0.03768134
0.03736817
0.04120835
0.03307614
0.04087769
0.04072175
0.03337052
0.04170506
0.03513215
0.04047054
0.03534156
0.03746387
0.04041161
0.03757245
0.04022719
0.03957062
0.03829082
0.03404888
0.03502352
0.04020282
0.03653118
0.03871435
0.0355119
0.03451767
0.04202001
0.0363472
0.03774283
0.03840066
0.03646989
0.04401052
0.04227343
0.03839067
0.03620586
0.03859882
0.03374275
0.03976659
0.03222866
0.04017428
0.03811712
0.04123105
0.03496153
0.03504768
0.0385
0.03095723
0.04102772
0.03609362
0.03184238
0.03786941
0.03930218
0.03896151
0.04091898
0.0359193
0.04163282
0.03414847
0.03347529
0.03244076
0.03379165
0.03582228
0.03151828
0.03444666
0.03388254
0.03418286
0.03504234
0.0367617
0.03942795
0.04455827
0.03614043
0.04805407
0.03689737
0.03676001
0.03754934
0.03859196
0.03491104
0.03975119
0.03375376
0.03720938
0.03835756
0.04033193
0.03630956
0.03761209
0.03752566
0.03550245
0.03512111
0.03482379
0.03808519
0.03627381
0.03833883
0.03751821
0.03734716
0.03786199
0.03601743
0.03393651
0.039056
0.04064442
0.03692587
0.04083288
0.04513232
0.03320597
0.03823522
0.0363826
0.04086664
0.03610743
0.0365727
0.03661423
0.03791535
0.03693987
0.04016807
0.03836535
0.03713514
0.04530198
0.04013527
0.03847575
0.03900294
0.0449577
0.04016967
0.03537481
0.0363064
0.03775092
0.0394407
0.03837211
0.03809589
0.03654794
0.03861661
0.03368718
0.03342149
0.03630193
0.03525128
0.03680682
0.04129542
0.03867757
0.04081005
0.03910082
0.03553625
0.03620238
0.03734828
0.03618998
0.04201424
0.0373586
0.03742928
0.03954322
0.03831863
0.03583642
0.04338758
0.03642269
0.03980446
0.03572044
0.03755904
0.03886235
0.03706939
0.04342596
0.04015148
0.03794582
0.03434235
0.04002074
0.0390914
0.03771854
0.03838221
0.03858839
0.03631394
0.03635881
0.0428368
0.03991879
0.04103373
0.03918191
0.04102639
0.03634214
0.03928046
0.03742202
0.03705977
0.04468795
0.04128056
0.04289247
0.04510625
0.04061253
0.0412619
0.04204821
0.03971933
0.04185174
0.03868746
0.03655884
0.04250007
0.03756633
0.03791327
0.03965749
0.03978764
0.04280985
0.03588536
0.03471017
0.04372959
0.04216056
0.03812491
0.04290392
0.04168258
0.03744541
0.03975306
0.03686687
0.03766326
0.03383482
0.03975031
0.03640125
0.04222531
0.04128355
0.04212463
0.03896777
0.039061
0.0346956
0.03771484
0.03941716
0.03725762
0.03812153
0.0405434
0.03970899
0.0417918
0.03901422
0.04062527
0.03927434
0.04260584
0.03792082
0.03943509
0.03725737
0.03934851
0.03973946
0.04153401
0.04132074
0.04532536
0.03910778
0.03908252
0.03763662
0.03769309
0.04163998
0.03752161
0.03858685
0.04346506
0.04223821
0.04079951
0.041976
0.04240768
0.03776407
0.03990822
0.03997015
0.042456
0.03604409
0.03829152
0.03337683
0.04096464
0.03682515
0.03725688
0.04304546
0.04331821
0.03839039
0.03584955
0.03661467
0.04098857
0.03902374
0.04026658
0.03899604
0.04056563
0.03782378
0.04243289
0.0418725
0.04087169
0.04073306
0.03954761
0.04084893
0.03717099
0.04198657
0.04284178
0.0395454
0.03991474
0.04249906
0.04686899
0.03780111
0.0466533
0.03975894
0.03581681
0.04450034
0.04649706
0.04520909
0.04086936
0.04048383
0.04369702
0.03851835
0.03890462
0.04380864
0.0465183
0.04694645
0.03864221
0.0454558
0.04454263
0.04307497
0.04813776
0.04482648
0.04423658
0.04409687
0.04872449
0.04394911
0.04091016
0.04729022
0.0469875
0.04241148
0.04092591
0.0479575
0.03858551
0.04441048
0.0371614
0.03991362
0.04151946
0.03853563
0.04235806
0.0400036
0.03833599
0.04228205
0.04142063
0.03708457
0.04014476
0.04405937
0.0427655
0.03997734
0.0455066
0.0403406
0.03904531
0.03942975
0.03876457
0.03814501
0.04194972
0.04276561
0.04217401
0.03789266
0.0405201
0.04484091
0.04102988
0.04142405
0.04167933
0.03967152
0.04640125
0.03989793
0.0401223
0.04377369
0.04018192
0.04170543
0.04126194
0.03798494
0.03859677
0.04274656
0.0403159
0.03922359
0.03765284
0.04040643
0.03643942
0.04025912
0.03693211
0.03913023
0.03771224
0.04002597
0.03721281
0.04151721
0.03888542
0.03752015
0.03762982
0.03365257
0.04122156
0.03789002
0.04284679
0.04001598
0.03753631
0.03678934
0.04271554
0.03862502
0.04232972
0.03877244
0.03878026
0.04269744
0.03784276
0.0371545
0.03940936
0.0399196
0.04008661
0.0419765
0.03812483
0.03907548
0.03905065
0.03621592
0.03555053
0.03604827
0.03373851
0.03624952
0.0380694
0.03589494
0.03885568
0.04172027
0.03891928
0.04184277
0.03919904
0.03429076
0.03734957
0.03855503
0.0377023
0.03678427
0.03605016
0.03674004
0.04091683
0.03518499
0.03563823
0.03963881
0.03670851
0.03736511
0.04057853
0.03610185
0.03876486
0.03971238
0.042674
0.04041268
0.03994609
0.04227395
0.04054951
0.04097345
0.03672365
0.04067611
0.03520802
0.04033036
0.03887005
0.0395126
0.03744887
0.03989049
0.03975284
0.03993842
0.03647814
0.03525422
0.03786341
0.04152908
0.03597024
0.03550935
0.03755764
0.03978387
0.03775072
0.04105974
0.04142371
0.04041002
0.03712257
0.03794041
0.03781484
0.0389684
0.03892024
0.04225506
0.03690128
0.03633691
0.03890351
0.0374932
0.03980036
0.03854634
0.04123262
0.04196124
0.04118226
0.03610554
0.04132526
0.04181638
0.0475039
0.03800273
0.04343239
0.03798843
0.04188664
0.04004342
0.04090543
0.04384695
0.03982668
0.03834017
0.03799597
0.0379955
0.03943474
0.0383225
0.03726674
0.04231178
0.03940111
0.04227129
0.04382166
0.03684486
0.04003222
0.04157737
0.044624
0.03928309
0.04214668
0.04320123
0.04199579
0.03778925
0.04436496
0.04089283
0.04238757
0.03871293
0.0410466
0.04208346
0.03949364
0.04110548
0.03942979
0.03873231
0.04139591
0.0364472
0.03894055
0.03845489
0.03987655
0.04480817
0.03876564
0.03879432
0.03891474
0.04024966
0.04175037
0.03928255
0.03732414
0.03997621
0.04345538
0.04167764
0.04241796
0.04047733
0.03800178
0.03956127
0.03711467
0.03696861
0.03771102
0.03432032
0.04248367
0.04198752
0.0384167
0.04119338
0.04357798
0.03980186
0.04520679
0.04269438
0.0394881
0.03770567
0.04112638
0.04027579
0.04005718
0.04523305
0.03934811
0.0433946
0.04035466
0.04173882
0.04266411
0.04255858
0.04243964
0.04115384
0.04533152
0.03888474
0.04053948
0.04714395
0.03595672
0.04480617
0.03265553
0.04401247
0.04048883
0.03678389
0.0369597
0.03990166
0.04248276
0.03735479
0.04237634
0.04179965
0.03341815
0.03789155
0.03838367
0.04555127
0.03393278
0.03525539
0.0416395
0.03646122
0.03781763
0.03752494
0.03689122
0.0403789
0.03865715
0.03675957
0.03694538
0.04266709
0.03864113
0.04041058
0.03752264
0.03826844
0.03703575
0.03587721
0.0400131
0.04348071
0.04441857
0.04055287
0.03967895
0.03643986
0.04424846
0.04465325
0.0394799
0.04121102
0.04103499
0.0470809
0.04136599
0.03912062
0.04322461
0.04164753
0.04106448
0.03957874
0.04107818
0.0417181
0.04040091
0.03706618
0.04165992
0.03732045
0.0396592
0.03513001
0.03977396
0.03848167
0.03967581
0.04041783
0.03889278
0.03828329
0.03768461
0.03976028
0.03948205
0.03509984
0.03742349
0.04145926
0.0378759
0.03632389
0.03706438
0.04236803
0.03787535
0.03735432
0.03394975
0.04157147
0.03747639
0.03556387
0.03384802
0.03840046
0.03591105
0.037832
0.03469774
0.0436138
0.03834508
0.04253696
0.03821564
0.04139526
0.03963749
0.03779342
0.04060126
0.04738009
0.03436946
0.04008038
0.03575821
0.04222284
0.04369094
0.03790887
0.03989222
0.03291296
0.04133158
0.04076976
0.03963587
0.04343672
0.04164889
0.03920905
0.04013443
0.03914052
0.04027813
0.0391694
0.039223
0.03813647
0.04011226
0.03619722
0.03922685
0.03541337
0.03214229
0.03546527
0.03682563
0.04202503
0.0368939
0.03497626
0.03914326
0.03729621
0.03894265
0.03943226
0.03794011
0.04126897
0.04120366
0.04065576
0.042466
0.0361873
0.03909283
0.03943842
0.03577441
0.03817306
0.03494062
0.03898598
0.03675566
0.03897124
0.03762238
0.03355217
0.03509648
0.03328491
0.03545823
0.03283088
0.03902181
0.04479141
0.04079219
0.03784628
0.03858389
0.03550012
0.03417656
0.03755915
0.03956416
0.03577212
0.03695033
0.03961964
0.04041221
0.03472147
0.03281171
0.0341774
0.03564616
0.03379908
0.04195529
0.03727836
0.03847383
0.03961035
0.03803157
0.04045138
0.03744553
0.03994092
0.04199664
0.04136474
0.04084074
0.04260214
0.03782209
0.03485686
0.03332134
0.04394099
0.03680131
0.03510731
0.03679952
0.03741228
0.0365164
0.03463612
0.03585381
0.03770933
0.03446405
0.04219378
0.03271199
0.03701522
0.03816965
0.03831645
0.03628005
0.03835606
0.0404453
0.03942045
0.03733089
0.03458039
0.03867543
0.03742455
0.03512606
0.03586989
0.03914884
0.03724915
0.04074709
0.03929374
0.04079991
0.03787289
0.03420848
0.03539707
0.04041725
0.03147829
0.03653863
0.03662478
0.04126829
0.03824567
0.03725483
0.03439149
0.03259244
0.03101452
0.03447506
0.03776085
0.04005016
0.0370324
0.03826684
0.03744462
0.03373253
0.03731351
0.03861988
0.03696896
0.0317299
0.04261781
0.03839181
0.04107729
0.03562497
0.03941422
0.0370076
0.03802805
0.03639479
0.0388773
0.03552318
0.03630112
0.03780223
0.03736564
0.03198179
0.036629
0.03931848
0.03981223
0.03782225
0.03426925
0.03564366
0.03543723
0.0353723
0.03482146
0.03635137
0.04084281
0.03587364
0.03714134
0.03730284
0.04148354
0.03728397
0.04009206
0.03561276
0.03563596
0.03315248
0.03492043
0.03370782
0.0364602
0.0312318
0.03642218
0.03382727
0.04109374
0.03332651
0.0394209
0.03305961
0.03840507
0.03639957
0.03939721
0.03350064
0.03266304
0.03595385
0.03407357
0.03715353
0.04142605
0.02961896
0.04227391
0.04086605
0.03678913
0.03704359
0.03645792
0.03454339
0.03549117
0.03695934
0.03229763
0.03747662
0.03260253
0.03658133
0.03323743
0.03727502
0.0334808
0.0381686
0.03308143
0.03372662
0.03372638
0.0353156
0.03164398
0.0353728
0.03447904
0.03826597
0.03115534
0.03592855
0.03085702
0.03527388
0.03190975
0.03610551
0.03655999
0.03330338
0.03728713
0.03478984
0.0376576
0.03525253
0.03459366
0.04014571
0.03375455
0.03411252
0.03407314
0.03583072
0.03566166
0.03187922
0.0349833
0.03757733
0.03587092
0.03506206
0.03282243
0.03206499
0.0363338
0.03646113
0.03591555
0.03388475
0.03513679
0.03460659
0.03800851
0.02965814
0.03179462
0.03849205
0.03369159
0.03376291
0.03671808
0.03500328
0.0366098
0.03425942
0.03508141
0.03595357
0.03095869
0.03833157
0.03187111
0.03449846
0.03375483
0.03298756
0.03519989
0.03492471
0.03460075
0.0319877
0.03476511
0.03598637
0.03691156
0.03206211
0.03326458
0.02929472
0.03152702
0.03739318
0.03324421
0.03674923
0.0360288
0.03723257
0.0405929
0.03864852
0.03764165
0.03780466
0.04109876
0.03515357
0.03654199
0.03586673
0.03730168
0.03565715
0.03385743
0.03672025
0.03076748
0.03630976
0.03447709
0.03234865
0.0374744
0.03448809
0.03325729
0.03765283
0.0324993
0.03830645
0.03874258
0.03373025
0.03287361
0.03246988
0.03287331
0.03278168
0.03680754
0.03776546
0.03225933
0.03554616
0.03556347
0.03380729
0.03656321
0.03422067
0.03853004
0.03270553
0.03418117
0.0404122
0.03699687
0.04265805
0.03755228
0.04007633
0.04045287
0.03904525
0.03693394
0.04142405
0.04170585
0.04126499
0.03754802
0.04547899
0.03673843
0.03695919
0.03279723
0.03889507
0.03682073
0.03745424
0.03619922
0.03563882
0.03969351
0.03876766
0.03794566
0.03813668
0.0374201
0.03814241
0.04176372
0.03646582
0.04474354
0.03781388
0.0400789
0.04187483
0.0338328
0.03996836
0.04260099
0.0394056
0.04164325
0.04166869
0.03805658
0.04251237
0.03991347
0.03880982
0.0386966
0.04134566
0.03887113
0.04109891
0.04221767
0.04296819
0.04208943
0.03837732
0.04469393
0.04078594
0.04137675
0.04009883
0.03712553
0.03993414
0.03985821
0.03926522
0.03878883
0.0373306
0.03961884
0.03987766
0.0375565
0.03802456
0.04200151
0.03599696
0.04025351
0.03643694
0.03859736
0.04414497
0.03960318
0.03804505
0.0374094
0.04041187
0.04118749
0.0410816
0.04267302
0.03753266
0.04069155
0.04555083
0.04124418
0.0427291
0.03915262
0.0347511
0.03860454
0.04198851
0.04120357
0.03769177
0.04232202
0.03917194
0.03634973
0.03880553
0.04230927
0.04121839
0.03555128
0.04131491
0.03932914
0.03559824
0.03586647
0.04146528
0.04239174
0.04038223
0.04253261
0.03884547
0.04609828
0.0423337
0.03955115
0.04106521
0.04298202
0.0364199
0.04400785
0.03642342
0.04416913
0.03928486
0.03817991
0.04211962
0.04422537
0.04354392
0.04093669
0.04225918
0.04182945
0.04802018
0.04281414
0.0398711
0.04250577
0.03642775
0.04409786
0.04142137
0.03735067
0.04219113
0.03820563
0.04035093
0.03806257
0.03912003
0.04036849
0.04053456
0.03784592
0.03925897
0.04405635
0.04114286
0.04072831
0.04105902
0.04102588
0.03958334
0.03977259
0.04033388
0.04034887
0.0370269
0.03877331
0.03593795
0.04013523
0.03714217
0.04052593
0.04100807
0.03929391
0.04155913
0.04109909
0.03662743
0.04041695
0.04021727
0.03967841
0.04127844
0.04224702
0.04234874
0.0432065
0.04151589
0.04301464
0.04224316
0.04265956
0.03783611
0.0426844
0.0425651
0.03764269
0.0372349
0.04011278
0.04095223
0.03877808
0.042331
0.03749394
0.03684653
0.04550137
0.04070379
0.03655743
0.03785777
0.0395751
0.034723
0.04113641
0.03797615
0.04174042
0.03783448
0.0346464
0.04424538
0.04268004
0.03888071
0.04269465
0.03884797
0.04056969
0.03974793
0.03928236
0.03787827
0.04422987
0.04244204
0.03199242
0.03804751
0.03886031
0.03602756
0.03481273
0.03778855
0.03561746
0.03539583
0.03694159
0.03553955
0.03819007
0.03751282
0.0387008
0.03625681
0.04006736
0.03851322
0.03780094
0.04245734
0.03442535
0.03783406
0.0324908
0.03788376
0.03560032
0.04279226
0.03910871
0.03704973
0.03786877
0.04202835
0.04062293
0.03646331
0.0357874
0.03716751
0.03681634
0.04113155
0.03684344
0.04069699
0.04027569
0.03974053
0.04296958
0.04188659
0.03905889
0.03931797
0.04051678
0.03986746
0.04761577
0.03760775
0.0407041
0.03821677
0.03812752
0.03627108
0.04087868
0.03832858
0.04146733
0.03809449
0.03555803
0.04142016
0.03756486
0.04213299
0.04298255
0.0407645
0.03639771
0.03758227
0.04187081
0.03761454
0.0409119
0.04139745
0.03946341
0.03990507
0.04360282
0.03993593
0.03948433
0.04281782
0.04477767
0.0440395
0.04149008
0.04287815
0.04341257
0.04070489
0.04801454
0.04027673
0.04312549
0.04259848
0.04125347
0.04301228
0.03770716
0.03891624
0.03887243
0.03684614
0.04474685
0.03670247
0.03965593
0.04485119
0.04630844
0.04429917
0.0367804
0.04469517
0.03837922
0.03388499
0.03895984
0.03660482
0.04104467
0.04411824
0.04376478
0.03851572
0.04456949
0.04346723
0.03776014
0.04072772
0.0371739
0.0357252
0.03816025
0.03290324
0.0440627
0.03733042
0.03815969
0.04193292
0.03603684
0.04010935
0.0376433
0.03787512
0.03458733
0.03868472
0.03354958
0.03616131
0.03625484
0.03646053
0.03740968
0.04038429
0.03301283
0.03580695
0.0372394
0.03700048
0.0394129
0.04078496
0.03363298
0.03836377
0.03555937
0.04241868
0.03964453
0.04217547
0.03518605
0.0359497
0.03594913
0.03638544
0.04033312
0.04238995
0.03836544
0.04043254
0.03519252
0.03702107
0.04586877
0.04035692
0.0433119
0.04075695
0.04434287
0.03582515
0.03509719
0.03644668
0.03853506
0.04242426
0.03750305
0.04005086
0.03895065
0.04368148
0.03703382
0.03548893
0.03800513
0.03868428
0.03591471
0.03998826
0.04142558
0.04083485
0.04103222
0.0405836
0.04162914
0.03803562
0.03831451
0.03439836
0.04294771
0.03874313
0.03304789
0.03832542
0.04010309
0.03550639
0.03328838
0.03741876
0.03407131
0.03907769
0.0330701
0.03213945
0.03897942
0.03621848
0.03906278
0.0365006
0.03454135
0.03574406
0.03637102
0.03661294
0.03431404
0.03369634
0.03545552
0.03372485
0.0326848
0.03670519
0.03583776
0.03739767
0.03456831
0.0350307
0.03785923
0.03467634
0.03857377
0.03293997
0.03283614
0.03358939
0.03692764
0.03291476
0.03484929
0.03335973
0.03481746
0.03709051
0.03369782
0.04042577
0.03442964
0.03745047
0.03209553
0.03597634
0.04071076
0.03764045
0.03822606
0.03515275
0.03865474
0.03310557
0.03757586
0.03585066
0.03736485
0.03840916
0.03990521
0.03481619
0.03529094
0.03568975
0.03788388
0.0407898
0.04199259
0.03625248
0.03549887
0.0362163
0.03816934
0.03944313
0.03963605
0.03351379
0.03803944
0.03694162
0.03740912
0.03904895
0.03705762
0.03875029
0.03625377
0.03785794
0.03485242
0.04371444
0.04047541
0.03780718
0.03731179
0.03646104
0.04188923
0.03811926
0.03539616
0.04069002
0.04081523
0.03592895
0.04112014
0.03877967
0.04012043
0.0388609
0.03672417
0.03605232
0.03976692
0.03827842
0.03832121
0.03904455
0.03705828
0.03925022
0.0401642
0.04283321
0.03746724
0.03870354
0.03925379
0.03660449
0.03537939
0.04250557
0.04247426
0.03526163
0.03887338
0.03849744
0.03787853
0.04027228
0.03514459
0.04362944
0.04422127
0.04249521
0.03814706
0.0402545
0.04419305
0.03870963
0.04104313
0.03832126
0.03924199
0.04051759
0.03850867
0.0413693
0.03748507
0.03834057
0.04228466
0.0380807
0.03847854
0.03898745
0.04221574
0.04316049
0.03858191
0.04420943
0.04137008
0.04181738
0.03753007
0.03771598
0.04049519
0.03843921
0.03771497
0.03971695
0.03788509
0.03645308
0.04231899
0.03745953
0.04150778
0.0351435
0.0375986
0.03711852
0.03886747
0.03830226
0.03755235
0.03611817
0.03955021
0.03732621
0.04054011
0.03832599
0.04531927
0.03608976
0.03866742
0.03790581
0.03981402
0.04260188
0.03765036
0.03791786
0.04209357
0.0381161
0.03862163
0.03742643
0.04004683
0.04102328
0.03323852
0.03913802
0.0403073
0.03980067
0.03882811
0.04105746
0.03701229
0.03793661
0.03802648
0.04157869
0.03547966
0.04169594
0.03991529
0.04542294
0.04123307
0.04170079
0.03588554
0.04375127
0.03734879
0.03977196
0.04119051
0.03801638
0.03925454
0.03709254
0.0342213
0.04079937
0.03595484
0.03993381
0.03892877
0.03766987
0.04277463
0.03842801
0.041416
0.04368427
0.0392165
0.03722848
0.04032813
0.04270426
0.04080591
0.04378096
0.04261411
0.04448251
0.03948093
0.03426316
0.04020753
0.0404071
0.03877221
0.03664255
0.03648604
0.03384374
0.03944372
0.03890782
0.03938123
0.04102778
0.04196147
0.03814944
0.03842403
0.03551129
0.03591088
0.03764258
0.03713455
0.03518713
0.03864756
0.03719848
0.03895649
0.04027261
0.03476863
0.03741963
0.04315121
0.03924052
0.04169241
0.036447
0.03604642
0.03594444
0.03795112
0.03270279
0.03493205
0.03740933
0.04070397
0.03621368
0.03501989
0.03942082
0.03550768
0.04095022
0.03682292
0.0353922
0.03796586
0.03648091
0.03812487
0.03693783
0.03549825
0.03632816
0.03816463
0.0420672
0.03626195
0.03772674
0.03797607
0.03906906
0.03869906
0.03966102
0.03938066
0.03982648
0.04029144
0.03978739
0.03857662
0.03740173
0.04208166
0.04172459
0.03731074
0.03945063
0.03470054
0.0341466
0.03630808
0.03639167
0.03549804
0.03738486
0.03397383
0.03590183
0.0371119
0.03701307
0.03543481
0.04020349
0.03333584
0.03552297
0.04126109
0.03696423
0.03560925
0.03516038
0.03107995
0.0402336
0.03953423
0.03845493
0.04082359
0.03695609
0.0373481
0.04089301
0.04051131
0.03911817
0.03907276
0.04018293
0.03899742
0.04152487
0.04152951
0.03398427
0.03662046
0.03409406
0.03681795
0.04296977
0.03559926
0.03907502
0.03976679
0.03650818
0.0349096
0.03565525
0.03486543
0.03215983
0.03695208
0.03893515
0.03898864
0.04016982
0.03788273
0.04370209
0.03945273
0.03564172
0.03679956
0.03706768
0.04021919
0.03774924
0.03347027
0.03570103
0.03754421
0.03471385
0.03955083
0.03514975
0.03347759
0.03367748
0.03415697
0.03540258
0.03390859
0.03440505
0.03553933
0.03309099
0.03385261
0.03865112
0.03458762
0.0372767
0.04065019
0.04071779
0.04214456
0.03561434
0.03762912
0.04406609
0.03342082
0.03953066
0.04055223
0.03852004
0.03946753
0.04151008
0.04161635
0.03426999
0.03836368
0.03982185
0.03893027
0.03654073
0.0385817
0.03973023
0.04282208
0.03822895
0.03948062
0.03465873
0.03520554
0.03333966
0.04193774
0.03873339
0.03677107
0.03823782
0.04294013
0.03904267
0.03975782
0.0379047
0.0355796
0.03728116
0.03758894
0.03433692
0.03211602
0.03603387
0.03464861
0.03642589
0.03784068
0.0398235
0.03652112
0.03843129
0.03609777
0.03822667
0.03950054
0.03960988
0.03601348
0.03916109
0.04058172
0.03739473
0.03677699
0.03763944
0.03606624
0.03620958
0.03903461
0.03947921
0.03531665
0.03753657
0.03775513
0.04143728
0.03411232
0.04215426
0.04004999
0.03842135
0.03876634
0.0352938
0.03732044
0.03931928
0.03776275
0.03731594
0.03969612
0.04181729
0.03699886
0.03913377
0.0335138
0.03634895
0.03682785
0.03746603
0.03630079
0.03776747
0.0363119
0.03785632
0.04145178
0.03553905
0.03527388
0.03721559
0.03767569
0.03798116
0.03541374
0.03897648
0.0362188
0.04403485
0.03790079
0.04234745
0.03606683
0.03737953
0.03529969
0.03680024
0.0371845
0.03993604
0.03876567
0.03835495
0.03807717
0.04433259
0.03892569
0.03861748
0.04174984
0.03966505
0.03384054
0.03536596
0.03963587
0.03608878
0.03433799
0.03722375
0.03441163
0.04176241
0.03900692
0.03617151
0.0352078
0.03708562
0.03895488
0.03624893
0.03494117
0.03666638
0.03465948
0.03795505
0.04096492
0.03509183
0.0378791
0.0354442
0.03588769
0.03506743
0.03604533
0.03887186
0.0351268
0.03806435
0.03562976
0.03705171
0.03578612
0.04059701
0.03945801
0.04339695
0.03632703
0.03566744
0.03739334
0.03910563
0.03859645
0.03801489
0.03423252
0.03274243
0.03801509
0.03620964
0.03805103
0.03634808
0.03526947
0.04142509
0.03998108
0.03419396
0.03657021
0.03341633
0.03838896
0.04068903
0.03921574
0.03878725
0.03800913
0.03859112
0.03469766
0.03921373
0.04001453
0.04014608
0.04172317
0.03824015
0.03737161
0.04074578
0.03842388
0.04305467
0.04409531
0.03948021
0.04390543
0.04146835
0.04257508
0.04273066
0.0413339
0.04226498
0.04332655
0.03796137
0.04233768
0.03766768
0.04144347
0.04288294
0.04159849
0.04070736
0.04449524
0.04044736
0.04324983
0.04108116
0.04464778
0.04638937
0.04280845
0.04189995
0.04272485
0.03664595
0.03885123
0.04182827
0.0409875
0.04106628
0.04136051
0.03858734
0.04166519
0.03633737
0.03832876
0.04260472
0.04254773
0.04155826
0.03920331
0.04246216
0.03948129
0.0399042
0.03942852
0.0399737
0.03609186
0.03668922
0.03563202
0.04020547
0.03928119
0.04140609
0.043646
0.04239347
0.03841732
0.03873545
0.04069753
0.04158155
0.03605781
0.03504234
0.03903977
0.04653077
0.03939401
0.03634801
0.03825665
0.03546982
0.03642728
0.03463125
0.03729541
0.04103612
0.04185616
0.03544113
0.03446471
0.03643013
0.03490792
0.03563744
0.03577381
0.04262721
0.04015272
0.03551307
0.03847043
0.03741963
0.04156164
0.03725512
0.04090727
0.03880581
0.04429894
0.03922872
0.03917036
0.0403603
0.04546985
0.04147858
0.03987528
0.03995919
0.04088502
0.03864508
0.03996241
0.03642541
0.04020186
0.04055219
0.04072828
0.03686854
0.04581771
0.04275321
0.0423343
0.03799436
0.04018251
0.04457985
0.04210786
0.04177531
0.04020416
0.04509774
0.03449011
0.03751373
0.03976125
0.04003346
0.0349474
0.0362241
0.03937712
0.03907402
0.03928681
0.0367866
0.03872827
0.04235227
0.03698653
0.03822921
0.04310581
0.04307076
0.04212491
0.03630747
0.03841691
0.03672392
0.03965365
0.04149717
0.03759681
0.03913432
0.03866224
0.03417473
0.03726554
0.03419265
0.03825454
0.03967181
0.03755764
0.03613116
0.03812059
0.04155282
0.0367868
0.03065059
0.03901992
0.03940539
0.03545604
0.04089839
0.03303858
0.03694186
0.03972993
0.03945359
0.03804597
0.04222586
0.03784713
0.03723962
0.04112575
0.03974075
0.03810468
0.04216568
0.04016138
0.03757973
0.04265915
0.03499923
0.04209371
0.04023266
0.04104244
0.03830022
0.03792704
0.04085794
0.04108594
0.03939196
0.03449039
0.03905914
0.03529142
0.03655931
0.04374767
0.03853629
0.03980692
0.03542538
0.04493086
0.03956701
0.04347222
0.03725123
0.03953154
0.03773599
0.0371076
0.0397507
0.03604043
0.04186216
0.04196436
0.0388628
0.03649899
0.04042061
0.03647073
0.03959494
0.03735095
0.04041625
0.03888006
0.03671563
0.03827323
0.03537043
0.03769085
0.041525
0.03992103
0.03610596
0.0369937
0.03904856
0.03950692
0.04012782
0.03485859
0.03963716
0.0369323
0.03683796
0.03526934
0.03400284
0.03763204
0.0354915
0.03748959
0.03672011
0.03569921
0.03825908
0.03633652
0.03602348
0.03786498
0.04019444
0.0330793
0.03595171
0.04010818
0.03730279
0.03684502
0.03328832
0.0313056
0.03131415
0.03478051
0.03795012
0.03491764
0.03706586
0.03914713
0.03455422
0.03130288
0.03497179
0.03431405
0.03646652
0.03764908
0.03614651
0.03644196
0.03538041
0.03713575
0.03813844
0.04014028
0.04023907
0.04049525
0.03984816
0.03843828
0.0405441
0.03922077
0.03873392
0.04305133
0.03938501
0.03718027
0.03583494
0.03804537
0.03923357
0.03943448
0.0362506
0.03798829
0.03978168
0.03627576
0.03954069
0.04031164
0.03788164
0.03947405
0.03637713
0.0393469
0.03923045
0.03746356
0.04005272
0.03752251
0.03622213
0.0338998
0.04418276
0.04233176
0.0400814
0.04161548
0.03868989
0.04070361
0.04305228
0.03767773
0.04072052
0.0362989
0.03759799
0.03984489
0.03836272
0.04054507
0.04005037
0.03713424
0.03888714
0.0378058
0.03235941
0.0350157
0.03352887
0.03419916
0.0367447
0.03350184
0.03584811
0.03872247
0.03670198
0.0326916
0.03542214
0.03799188
0.03554502
0.04224191
0.03919013
0.03835051
0.04096967
0.03900633
0.03738387
0.04026027
0.03947995
0.04311077
0.0392563
0.03760468
0.03457594
0.03415974
0.03608518
0.04039029
0.03482518
0.03574393
0.03389844
0.03606816
0.03832944
0.03646658
0.03854837
0.03877054
0.0358656
0.03686174
0.04001634
0.03507921
0.03412147
0.03765034
0.03868706
0.03524189
0.03552879
0.03957397
0.04001325
0.03995216
0.03986257
0.03791448
0.03856439
0.03669022
0.03681903
0.03964156
0.03918354
0.03910698
0.03503457
0.03829721
0.03861178
0.0367076
0.03417577
0.03425158
0.03037432
0.03607614
0.03557976
0.03830799
0.03397263
0.03961612
0.03957887
0.03172275
0.03192331
0.03536043
0.03969857
0.0396929
0.03646769
0.03824676
0.03676009
0.03405574
0.03357141
0.0435059
0.03532919
0.03656469
0.03593795
0.03318146
0.03891722
0.0371633
0.03819857
0.04204344
0.04220379
0.03827056
0.03407423
0.04007526
0.03516888
0.03910609
0.03547017
0.03478664
0.03792147
0.04139923
0.03699097
0.03440257
0.0387365
0.03813929
0.0352851
0.03605662
0.03782781
0.0375156
0.03649816
0.03861088
0.03865893
0.03683544
0.03591132
0.03933848
0.03640648
0.03476071
0.03818236
0.03751308
0.03848902
0.03632625
0.03953838
0.0369887
0.03659885
0.04019037
0.03624412
0.03920331
0.03775477
0.03883472
0.04117946
0.04026537
0.03636129
0.03296457
0.03939633
0.03896646
0.03515735
0.03972062
0.0356031
0.03295419
0.0339693
0.03243755
0.03469035
0.03702022
0.03922571
0.03650518
0.0341974
0.03379885
0.03490401
0.03867467
0.03180462
0.03417346
0.03698296
0.03454237
0.03436607
0.04097465
0.03588334
0.0350004
0.03844921
0.04004549
0.0360891
0.03810344
0.03853934
0.03578341
0.03781569
0.03394657
0.03656673
0.03769935
0.04246662
0.04048956
0.03113819
0.03948368
0.04000153
0.04370699
0.03646041
0.040242
0.0377062
0.03916656
0.03431523
0.03892202
0.03644647
0.03620236
0.03464364
0.0348351
0.03783487
0.03382652
0.03597505
0.04110978
0.03476516
0.03413717
0.0346259
0.03467255
0.03165256
0.03598351
0.03417637
0.0341913
0.03670605
0.03489289
0.03243764
0.03604882
0.03709113
0.03713374
0.04090847
0.03630693
0.03549791
0.03824074
0.03334558
0.03467256
0.04283053
0.0376724
0.04194123
0.04075133
0.03967583
0.03664761
0.03721387
0.03478153
0.04183651
0.03406895
0.03395608
0.03623399
0.03549478
0.03517989
0.03701552
0.03930705
0.03636559
0.03941257
0.0405254
0.03816469
0.04010779
0.03952026
0.03681324
0.03903722
0.03700526
0.04117719
0.03873407
0.03669339
0.04151358
0.03478204
0.03465635
0.03401495
0.04023036
0.03841142
0.03742326
0.03598489
0.0415536
0.03241996
0.03542941
0.04229778
0.03855599
0.03925079
0.0366868
0.03812803
0.0355597
0.03710764
0.0393149
0.03258653
0.03523679
0.03508599
0.03699943
0.0420178
0.03554278
0.03676935
0.03472768
0.03747964
0.03531798
0.03116745
0.03505701
0.03438413
0.03351518
0.03631254
0.03863093
0.03828249
0.03560195
0.03614584
0.03705646
0.03357528
0.03661752
0.03428548
0.03351361
0.03421657
0.04184635
0.03774111
0.03978405
0.04196196
0.03647372
0.03419367
0.03513287
0.03400586
0.03435563
0.03947587
0.03497549
0.03449243
0.03518276
0.0375132
0.03432533
0.03428429
0.0346986
0.03344751
0.03362162
0.03608118
0.03562768
0.03722708
0.03158425
0.03003276
0.0335901
0.03535734
0.03930326
0.03348316
0.03154911
0.03785694
0.03468017
0.03410695
0.03466445
0.03687836
0.03284826
0.03263545
0.03897288
0.03225399
0.03229006
0.02726526
0.03435398
0.03582488
0.03131687
0.03319284
0.0340588
0.03146328
0.03649688
0.03188652
0.03303106
0.02904394
0.03385285
0.03130804
0.03175587
0.03141594
0.02799031
0.03045846
0.03264088
0.03231181
0.03698786
0.03665197
0.03263746
0.03038861
0.03007252
0.03306378
0.03265803
0.03013315
0.03206725
0.02900997
0.03508813
0.03208453
0.03002505
0.03498214
0.03525941
0.03373877
0.03311438
0.03381703
0.0349674
0.03513007
0.03001955
0.03377344
0.03425881
0.03310296
0.03441978
0.03379112
0.03499563
0.03846667
0.03141303
0.03519201
0.03525853
0.04047477
0.03731886
0.03779162
0.03792472
0.03624548
0.03709474
0.03401895
0.03630277
0.03528092
0.0334369
0.03867408
0.0351522
0.03632918
0.03538241
0.04040741
0.03475197
0.0385205
0.0367918
0.03785689
0.03590388
0.0364526
0.04133097
0.03835575
0.03277645
0.03635358
0.03728921
0.03652318
0.03753745
0.04194793
0.03624383
0.04032607
0.03461713
0.03867198
0.03994253
0.03761873
0.03963726
0.0349458
0.03325141
0.03373364
0.03948099
0.04582743
0.03465203
0.03491142
0.0407684
0.04080804
0.03277547
0.04185443
0.03745589
0.03529904
0.03959318
0.03613548
0.04021988
0.03743316
0.03796108
0.03476315
0.0360185
0.04027319
0.03928255
0.03961872
0.0319254
0.04091044
0.03921875
0.0348782
0.03703957
0.03841727
0.03347167
0.03448795
0.03791454
0.03363458
0.042411
0.03919215
0.04050528
0.03865977
0.03912097
0.03873385
0.03362951
0.03503496
0.03380921
0.03566889
0.03720906
0.036837
0.03565754
0.04365543
0.03682265
0.0380373
0.03498726
0.03687839
0.0351929
0.03833967
0.03625375
0.03587252
0.03975129
0.03425261
0.03385789
0.03552399
0.03983817
0.03169398
0.03729468
0.03422668
0.03481462
0.03270592
0.03894595
0.03521852
0.03605333
0.03636716
0.03916867
0.03896192
0.03580549
0.03540859
0.03335561
0.0317067
0.03252405
0.03705174
0.03439895
0.0344488
0.03554655
0.03551211
0.04328786
0.03857288
0.03416853
0.03498714
0.03373035
0.03314648
0.03543224
0.03688024
0.03954414
0.03732818
0.03748242
0.03820226
0.03638697
0.03324879
0.0373622
0.04180358
0.03541818
0.03583486
0.03685164
0.03963301
0.03828818
0.03636588
0.03994843
0.03827336
0.03640933
0.03673623
0.04290608
0.03284965
0.04203458
0.03951857
0.03841847
0.03967109
0.03787799
0.04213757
0.03861548
0.03737366
0.04065238
0.03851957
0.03499134
0.04077504
0.04130807
0.03827919
0.04745239
0.04361822
0.03813026
0.04282369
0.04157515
0.04351438
0.04114751
0.04043028
0.04146343
0.04512317
0.03547424
0.03610212
0.0341708
0.0388489
0.04026468
0.03849505
0.03925949
0.03832862
0.0405812
0.03981621
0.03811789
0.04079745
0.03795253
0.03426173
0.04001176
0.03900082
0.03965771
0.04074681
0.03828361
0.03839105
0.04089377
0.04114898
0.04224188
0.03741404
0.04279482
0.0349211
0.04046555
0.03913248
0.03740377
0.03653307
0.03884049
0.03802264
0.04241558
0.04104175
0.03982333
0.03761798
0.03514499
0.04053847
0.03484531
0.03347682
0.04011276
0.03934582
0.03918885
0.0413674
0.04207553
0.040922
0.03390684
0.03925136
0.03874773
0.03874638
0.03852946
0.04044097
0.0387203
0.03978757
0.03969332
0.04075247
0.04508811
0.03839301
0.04278269
0.04031033
0.03921437
0.04292072
0.03816187
0.03948981
0.03907776
0.04077474
0.03892084
0.03905414
0.03682139
0.03677059
0.03918769
0.03972891
0.03997853
0.04373281
0.03813821
0.03694098
0.03850993
0.03751761
0.04244919
0.0366841
0.04037866
0.03881171
0.04387505
0.03946916
0.036102
0.03649998
0.03869184
0.04036141
0.04126145
0.03826943
0.04126283
0.0403137
0.04037084
0.03616495
0.0359189
0.03956623
0.04402493
0.03694701
0.04050984
0.0353337
0.03282084
0.03981352
0.03994518
0.03860048
0.03999029
0.03885497
0.04258229
0.0388929
0.04003762
0.0408147
0.03890271
0.04022114
0.0409745
0.04244875
0.03835515
0.04031217
0.03954447
0.04099495
0.03800764
0.03715731
0.03811693
0.04204127
0.03836625
0.03920448
0.03953538
0.03480384
0.04153448
0.04555509
0.04198374
0.0414087
0.03987944
0.03728013
0.03588917
0.03249144
0.03660508
0.03726968
0.03848482
0.04053922
0.0353824
0.04098373
0.03779445
0.03047242
0.03776373
0.03768375
0.03889112
0.03539755
0.03702522
0.03754537
0.03720219
0.03912728
0.03602569
0.03482761
0.03293268
0.03745409
0.03895246
0.03547922
0.03390578
0.03653824
0.03171551
0.02803075
0.03668534
0.03565056
0.03943814
0.03680129
0.03695054
0.03910603
0.03851218
0.03765205
0.03253765
0.03322995
0.03725001
0.03689082
0.04341527
0.03805888
0.03647513
0.04448513
0.0392748
0.03770119
0.04107249
0.03683454
0.04009013
0.03882445
0.0350193
0.03828113
0.03676532
0.03825701
0.04130529
0.03776951
0.03804457
0.03784048
0.03500246
0.04278074
0.03449187
0.0345299
0.0394587
0.03903886
0.03865016
0.0406082
0.03786229
0.0368595
0.03700908
0.03621574
0.03865921
0.03630373
0.03556945
0.03628993
0.0435478
0.04274464
0.03672354
0.0370802
0.03855584
0.03436886
0.0399002
0.03561378
0.03624143
0.03529801
0.03767586
0.04002668
0.03432072
0.03185192
0.03712695
0.03673389
0.03682457
0.0328249
0.03399794
0.034219
0.03392575
0.03368208
0.03597814
0.0369687
0.03610211
0.03552072
0.03846729
0.03340158
0.03599405
0.03638341
0.03531491
0.04418219
0.0357735
0.03338853
0.03607667
0.03635422
0.03748177
0.03811472
0.03787048
0.04030917
0.04008216
0.03351083
0.03802521
0.03852543
0.04082153
0.03894949
0.03862826
0.03564028
0.03616793
0.03844084
0.04062888
0.04095407
0.03883993
0.0394636
0.03921768
0.03739272
0.03734202
0.03746512
0.04006019
0.03635742
0.03507046
0.0355108
0.0342077
0.03420964
0.03277617
0.03738359
0.0351843
0.03145514
0.03627012
0.03501466
0.03475162
0.03214429
0.03281471
0.03926196
0.03473532
0.03949829
0.03671547
0.03502502
0.03881382
0.03867861
0.03238196
0.03552405
0.0365793
0.03206667
0.0342784
0.03641339
0.03485031
0.03673149
0.03640646
0.03490113
0.03938683
0.03366664
0.03695886
0.03305079
0.03667627
0.0365006
0.03772922
0.03867433
0.03535509
0.03890797
0.03579225
0.03418178
0.04086992
0.03747182
0.03804092
0.0372015
0.03993343
0.04210114
0.03823588
0.04256738
0.04385601
0.03407346
0.03539107
0.03839748
0.03474356
0.03331259
0.03624801
0.0386813
0.04342432
0.03932722
0.03752964
0.04041284
0.04100734
0.0380277
0.03538973
0.03835743
0.03970599
0.03982678
0.03897573
0.03877853
0.03673161
0.04318117
0.03758298
0.03987043
0.04099571
0.04284255
0.04113033
0.03827792
0.03535318
0.03708023
0.04600122
0.04121619
0.04286245
0.03842779
0.03502232
0.03933104
0.04363343
0.04414866
0.04156107
0.04102828
0.04260697
0.03912344
0.03650991
0.04106586
0.03570091
0.03631602
0.04263415
0.04086844
0.0368543
0.03766286
0.03551243
0.03868687
0.039101
0.03923052
0.04030034
0.0396834
0.0417507
0.04097274
0.04166358
0.04060048
0.03842387
0.03843405
0.03972794
0.03838469
0.04195453
0.03956585
0.03666624
0.03743577
0.03658919
0.03833994
0.03856315
0.03540576
0.04204965
0.0404634
0.03891055
0.04149365
0.0418067
0.04307746
0.039582
0.04329516
0.0410695
0.04123762
0.03740522
0.04007829
0.03607273
0.03583255
0.03636175
0.03998282
0.03733224
0.03539858
0.03829362
0.03637442
0.03953122
0.0382707
0.04090816
0.04095178
0.03916433
0.0364644
0.03891847
0.03818192
0.03527501
0.03610434
0.03988317
0.03617501
0.03482892
0.04087054
0.03736673
0.03801445
0.04233826
0.0346631
0.04539839
0.04143289
0.03805821
0.03588926
0.03899162
0.04210196
0.04341729
0.0403128
0.0394246
0.03685898
0.03739498
0.04134681
0.03856097
0.04083347
0.03864449
0.03998017
0.04327993
0.03599808
0.03948481
0.04120234
0.04112615
0.03860195
0.03516409
0.0364839
0.04209835
0.04064143
0.03600076
0.04167687
0.04232791
0.03897766
0.03308454
0.04249215
0.04031332
0.0421233
0.03915037
0.03660729
0.03919292
0.03723046
0.03793742
0.0374725
0.04356634
0.04057636
0.03890627
0.0399115
0.03767937
0.03472343
0.03730636
0.03801553
0.04241685
0.03772188
0.03815182
0.04541986
0.04056035
0.03798927
0.03969789
0.04381152
0.03933226
0.04198215
0.04608895
0.04319876
0.04090747
0.0418555
0.04183849
0.04556413
0.04109308
0.03764498
0.03456896
0.04443002
0.0388853
0.04386605
0.0367538
0.03942235
0.04311282
0.03597444
0.04087333
0.03773006
0.04289144
0.03704256
0.04370209
0.04099062
0.04002186
0.04482916
0.0430014
0.03922847
0.04195033
0.03881868
0.03924619
0.04354964
0.04016187
0.04179164
0.03729802
0.04582066
0.04037469
0.04000872
0.04068219
0.0426465
0.04185199
0.04310792
0.03793778
0.04264957
0.04307534
0.04346574
0.03877808
0.03763024
0.03981547
0.04298047
0.04294992
0.04095425
0.04462304
0.04378512
0.0412382
0.03924299
0.0429324
0.04074059
0.04355652
0.04303476
0.04566622
0.04350527
0.03738916
0.04241156
0.04047434
0.04020137
0.04136843
0.0379392
0.03600077
0.03985094
0.03878397
0.03591923
0.03641165
0.03452574
0.04076466
0.03835763
0.04138232
0.04311424
0.04152217
0.03865995
0.04345361
0.03626274
0.03351322
0.0361244
0.035963
0.03817978
0.03626555
0.03795535
0.03856558
0.03705825
0.03737866
0.04096552
0.03708944
0.04159583
0.035914
0.03388047
0.03497672
0.04051644
0.03977992
0.03407599
0.03592795
0.0396779
0.03320153
0.03504607
0.04050326
0.03982871
0.04260865
0.03633326
0.03683712
0.03640066
0.03406079
0.03604175
0.03742545
0.04211926
0.03757366
0.03693314
0.0340112
0.03574062
0.03720471
0.03677918
0.03470081
0.04071284
0.03927043
0.03864101
0.03611717
0.03728304
0.03230401
0.03377388
0.03882748
0.03388274
0.03463327
0.03843076
0.03741418
0.03644111
0.03710234
0.03845404
0.04114206
0.03976443
0.03956979
0.04049518
0.03759209
0.0374861
0.03773732
0.03847349
0.03858439
0.03915205
0.03948474
0.0382834
0.04122036
0.03989812
0.04135342
0.03575937
0.04287887
0.04197249
0.04215269
0.04491688
0.03940942
0.04127257
0.03985719
0.03804028
0.04229834
0.04330391
0.03767636
0.03828904
0.0422596
0.03604616
0.04120069
0.03621207
0.04091915
0.04303165
0.04143142
0.04053647
0.04341336
0.04020256
0.03762996
0.03954817
0.03861359
0.03963523
0.03824726
0.03812902
0.04126689
0.03969893
0.03856447
0.04000595
0.04430958
0.04427069
0.03903098
0.0339867
0.03788951
0.03998623
0.03907967
0.03594039
0.04310581
0.03813218
0.03470127
0.04286651
0.04030826
0.03376809
0.03961832
0.0390463
0.03958799
0.03564409
0.03924952
0.04670461
0.03885931
0.04045542
0.03903689
0.03727065
0.03988985
0.03928696
0.03332585
0.03781439
0.03770035
0.03545554
0.04341516
0.04102329
0.03869438
0.03699759
0.03997073
0.03615041
0.03738272
0.03962496
0.03518911
0.04052839
0.03728214
0.03923184
0.03797375
0.03752584
0.03317079
0.04035002
0.03567397
0.03928196
0.03769096
0.03879221
0.03588354
0.03870173
0.0367865
0.03930654
0.04110833
0.04260137
0.03496722
0.04164465
0.03648901
0.03832791
0.04207744
0.04169287
0.04136572
0.04023769
0.03780255
0.03660392
0.04213805
0.03906417
0.03735917
0.04126535
0.03727253
0.0434731
0.03537115
0.04630287
0.03620977
0.04277788
0.03769362
0.04602235
0.04224453
0.03535475
0.04262922
0.04122379
0.03729647
0.04005769
0.04216078
0.03625229
0.04189287
0.03916599
0.03959258
0.04209434
0.04125706
0.03862609
0.04423136
0.04241854
0.04071167
0.04588604
0.04398049
0.03628718
0.03983574
0.04383989
0.04138448
0.04029969
0.04127124
0.04265955
0.0416257
0.04313398
0.04086299
0.04387359
0.04320979
0.04110784
0.0393619
0.03737922
0.0449193
0.04490315
0.0452385
0.04061122
0.04591761
0.04372317
0.04221836
0.04847587
0.04160661
0.04426978
0.0448104
0.04502963
0.04065672
0.04136302
0.04281511
0.04119922
0.04188493
0.04235948
0.04686809
0.03832175
0.04113591
0.04057784
0.04547767
0.04260072
0.04114429
0.04519818
0.04139634
0.03844233
0.03781312
0.03672499
0.04004573
0.04096312
0.03988421
0.04098811
0.03648259
0.03703596
0.0404511
0.03886208
0.04093292
0.03957457
0.03662648
0.03590236
0.04003275
0.03943781
0.03776732
0.04086383
0.0373586
0.03918526
0.03652879
0.04011287
0.03996479
0.03718468
0.04217534
0.03838131
0.03634758
0.04028848
0.03999254
0.04018754
0.03248801
0.0420369
0.03978876
0.04477807
0.03588756
0.04025576
0.04234767
0.03810659
0.04224125
0.03839508
0.03647069
0.03936388
0.03434405
0.03457768
0.04272818
0.03915693
0.04143129
0.03595679
0.03835254
0.03448807
0.04253654
0.04073021
0.04103906
0.03781681
0.04385596
0.03903433
0.04076941
0.03735292
0.04303846
0.04020101
0.04520336
0.04244643
0.04346095
0.03922022
0.03996138
0.04230836
0.04520144
0.04246421
0.04465218
0.03518052
0.04356384
0.04108225
0.04373184
0.04566925
0.04339074
0.03569305
0.03858687
0.03755482
0.04071727
0.04137706
0.0372106
0.04183354
0.04350565
0.04115772
0.04064588
0.04549643
0.0412889
0.03934025
0.03767117
0.0408993
0.04441962
0.04158115
0.04244121
0.04295353
0.03642991
0.04217158
0.04239641
0.04200079
0.03753149
0.03809975
0.04148029
0.04112947
0.03991661
0.04166431
0.04183229
0.03871586
0.03968926
0.04084993
0.03784222
0.04203654
0.0381283
0.04006117
0.04541241
0.03725664
0.03142006
0.04102958
0.04127811
0.03865415
0.03889158
0.03930184
0.04326104
0.038748
0.03866175
0.03392076
0.04133481
0.03940097
0.03920359
0.0452498
0.0385709
0.04342851
0.03795701
0.04142709
0.04172588
0.03995909
0.04057182
0.04122432
0.03511102
0.04101877
0.03888735
0.03950603
0.0360978
0.04003856
0.04313204
0.04164625
0.03946027
0.04151651
0.04537358
0.03930666
0.04099121
0.04430456
0.04011131
0.04436255
0.03767881
0.03735622
0.03893636
0.03428888
0.03679212
0.03696819
0.03671398
0.03676036
0.0388537
0.04314413
0.04274466
0.03639335
0.03922305
0.03762879
0.03999512
0.03850936
0.03538278
0.04284105
0.03626612
0.03826309
0.0378759
0.04028889
0.03892872
0.0391547
0.04533921
0.03711277
0.04049445
0.03925586
0.03841246
0.03595083
0.03812904
0.03461804
0.0427117
0.03563737
0.03794572
0.04196929
0.03996597
0.03895484
0.03784847
0.03576563
0.03422914
0.0459491
0.03878588
0.04483232
0.03745737
0.03982646
0.03851604
0.03856418
0.03743957
0.03918939
0.03540255
0.03719796
0.03520003
0.03658606
0.04202684
0.03661555
0.03818692
0.03850983
0.03846863
0.03728468
0.04061028
0.03755975
0.04098035
0.04380439
0.03415492
0.03550008
0.03506128
0.0390267
0.03485715
0.03590184
0.03365916
0.03425966
0.03733499
0.03645284
0.04263597
0.03473502
0.03606665
0.03716627
0.03458174
0.03280516
0.03240997
0.03958254
0.03069943
0.03596167
0.03941596
0.03627451
0.03564054
0.03972253
0.03785674
0.03937239
0.03673976
0.03536342
0.03713861
0.03599724
0.03765433
0.03390177
0.03434685
0.03891858
0.03630732
0.03969314
0.04041258
0.04551362
0.0404818
0.04113536
0.03500472
0.03598907
0.0381158
0.03733445
0.03738434
0.03947549
0.03870758
0.04111772
0.04187619
0.0366195
0.03869413
0.03891399
0.04146976
0.03837234
0.03735121
0.04022606
0.0379511
0.03662447
0.03796001
0.03262155
0.03815559
0.04266116
0.0385941
0.03822331
0.03873421
0.03746461
0.03460819
0.03887643
0.03599429
0.04056151
0.0386679
0.04041021
0.03741888
0.0418769
0.03970113
0.04342529
0.04065361
0.036279
0.03951826
0.04159769
0.0416506
0.04191931
0.04105454
0.042758
0.04248444
0.03871302
0.04480629
0.04149485
0.03802496
0.0427604
0.04137979
0.04040489
0.03742299
0.04039112
0.03649293
0.03686246
0.0417487
0.04340987
0.0400012
0.03870678
0.04311181
0.04028566
0.03997453
0.04171712
0.04376663
0.03974892
0.04300064
0.03777675
0.04326687
0.04244687
0.03622307
0.03726618
0.04302989
0.03760121
0.03970107
0.04010515
0.03769625
0.03771002
0.03677382
0.04002553
0.03652639
0.03953997
0.0444066
0.04026016
0.04202141
0.04282342
0.03743437
0.03940407
0.03619623
0.04092747
0.03663678
0.04692871
0.03954031
0.03780615
0.03922494
0.03555415
0.03783954
0.03997397
0.03451978
0.04056412
0.03967922
0.03679528
0.038695
0.04016986
0.03815078
0.03878075
0.0337885
0.03212358
0.03752224
0.03677337
0.03725482
0.03823098
0.03647506
0.035124
0.03455849
0.03905287
0.03966356
0.032695
0.03537237
0.0397319
0.03914202
0.03806371
0.04002452
0.03942424
0.03928586
0.03946188
0.03658689
0.03450955
0.03859558
0.03584216
0.03843157
0.03791203
0.03828349
0.04010428
0.04187014
0.04173566
0.04433773
0.03968554
0.03900954
0.03977808
0.04316254
0.03941869
0.04314626
0.03935553
0.04104089
0.04109481
0.04068166
0.03890171
0.03784948
0.03726486
0.04247385
0.0425651
0.03677944
0.03948197
0.04323181
0.03766941
0.03393267
0.0399247
0.03577079
0.03610121
0.03779933
0.0391249
0.03344144
0.03973528
0.03940198
0.0360687
0.03392154
0.03565035
0.03629688
0.03188739
0.03378196
0.03492067
0.03411275
0.03583089
0.03700854
0.03453049
0.04053205
0.03953401
0.03515647
0.04271767
0.03593156
0.03910106
0.04154297
0.04116272
0.03523566
0.03653153
0.0396801
0.03553507
0.04007345
0.03880745
0.03768928
0.04391375
0.03800869
0.03858786
0.0391893
0.03472093
0.03411631
0.04204211
0.03702502
0.03645022
0.03578582
0.03602962
0.03572873
0.03997544
0.03664687
0.03548661
0.04168123
0.03940403
0.03976403
0.03648751
0.04199718
0.03867141
0.04125223
0.03810769
0.04297663
0.0356786
0.03740845
0.03646731
0.03364371
0.03914811
0.0396234
0.037543
0.03955792
0.03429427
0.03645245
0.03890378
0.04010379
0.03936047
0.03783764
0.03714816
0.03465157
0.03761189
0.03637623
0.04265868
0.03662287
0.0382679
0.03718742
0.03695495
0.0386544
0.03487975
0.04277859
0.03865733
0.03536613
0.03365046
0.03500951
0.04074322
0.03959961
0.04247045
0.03918357
0.03728476
0.03526839
0.03391624
0.04008383
0.03219868
0.03380972
0.04002548
0.03946406
0.03563804
0.04121939
0.03896094
0.04461369
0.04426314
0.03774064
0.03190935
0.03555129
0.04069192
0.03951572
0.03867856
0.03868046
0.03548524
0.03759218
0.03607663
0.0374644
0.03689727
0.03889385
0.03821862
0.03940464
0.0403577
0.03640956
0.03910357
0.03769735
0.038696
0.04000747
0.04271412
0.04173303
0.03573224
0.03275175
0.03890568
0.03775471
0.03780748
0.03732651
0.03714225
0.03971978
0.0403903
0.03858668
0.03806903
0.03883858
0.03556786
0.03794305
0.03295046
0.03982521
0.03655207
0.04266766
0.03400293
0.04124373
0.03775442
0.03452293
0.03474452
0.0458377
0.03684004
0.03668328
0.03996326
0.03965385
0.03172842
0.04122368
0.03897102
0.04144972
0.03988435
0.03765431
0.04180689
0.03997165
0.04185907
0.03687045
0.04195327
0.03809678
0.03650933
0.04199593
0.03842589
0.03670795
0.03868735
0.04226828
0.03802145
0.04578783
0.04125087
0.04163742
0.04205045
0.03989669
0.04010817
0.04458244
0.04533951
0.04019195
0.04360928
0.04074255
0.03690135
0.04015285
0.04039793
0.03939883
0.03845855
0.04198391
0.04226125
0.03900516
0.0445988
0.04040316
0.04018536
0.04326128
0.04247633
0.04245415
0.043236
0.04011268
0.04500394
0.03858936
0.04112268
0.03998129
0.03928312
0.03750029
0.04067812
0.04755553
0.03724126
0.04285737
0.049787
0.04061969
0.04318365
0.04315287
0.03982337
0.04298626
0.04134931
0.0347582
0.04306962
0.04312428
0.04378112
0.04478624
0.03833734
0.0429069
0.04018233
0.0380721
0.03878356
0.03844108
0.04056215
0.04235823
0.03757658
0.04307595
0.04032293
0.03993145
0.03692869
0.03870128
0.04339396
0.04468816
0.0411515
0.04424104
0.03890046
0.0422786
0.04038586
0.03704908
0.04087268
0.03728218
0.03804542
0.04323991
0.04046252
0.03995208
0.03988965
0.04348156
0.04264916
0.04503442
0.04641776
0.04168456
0.03539908
0.03970438
0.04194622
0.03702371
0.04294609
0.04128351
0.03890201
0.04077597
0.04123607
0.04032066
0.04538474
0.03879587
0.04005256
0.04136986
0.04442061
0.04177661
0.03621083
0.03974629
0.04665559
0.03996587
0.04808107
0.04254369
0.03872195
0.04122107
0.04320133
0.04163273
0.04002292
0.04043711
0.04143282
0.03927615
0.03592086
0.03996785
0.04301162
0.04159097
0.03794785
0.04063649
0.04210951
0.04334307
0.03812972
0.03770333
0.03863559
0.03710302
0.0399214
0.04039101
0.04032086
0.03981794
0.04240435
0.03745103
0.042194
0.03741601
0.04254516
0.03844039
0.04251925
0.03504241
0.03673633
0.04438946
0.03793172
0.04006006
0.0387549
0.03825741
0.04099514
0.03637001
0.03839585
0.03411885
0.04922449
0.03750266
0.03820377
0.03849026
0.03690265
0.04089377
0.04214476
0.04085843
0.03858425
0.04498541
0.03897748
0.04417105
0.04277171
0.03832666
0.04350097
0.03982088
0.03798641
0.04065257
0.03659919
0.03376894
0.03944579
0.03471389
0.03776323
0.03839764
0.03791733
0.04185251
0.04061597
0.04222125
0.03999355
0.04173296
0.03869567
0.04099734
0.03657583
0.04391728
0.04220902
0.04076824
0.04138023
0.04439051
0.04514183
0.03564901
0.03881702
0.04087038
0.04576405
0.04018529
0.03927452
0.04066153
0.04545429
0.05172588
0.04256887
0.0385664
0.04563983
0.0434568
0.04129696
0.04090364
0.04168692
0.03790979
0.04518624
0.03847017
0.03901676
0.0412204
0.03922606
0.03907216
0.03851348
0.04379162
0.03974908
0.04109587
0.04311389
0.03952221
0.04021897
0.03966408
0.03843874
0.0405834
0.03535637
0.03779265
0.03858314
0.03682558
0.04220537
0.04027916
0.04153493
0.04307094
0.04607632
0.03958833
0.0405304
0.03496216
0.03920182
0.03821542
0.03700847
0.03698465
0.03970056
0.03694639
0.03727709
0.03652738
0.04284271
0.03863016
0.03476911
0.03758999
0.03478579
0.03690819
0.03630634
0.03618936
0.03956418
0.04610784
0.03920055
0.03796386
0.03943717
0.03814421
0.03681166
0.03677919
0.03896894
0.03603128
0.03835075
0.04098524
0.03920551
0.03799276
0.03746883
0.0409423
0.04021991
0.03925721
0.04259383
0.03583791
0.03823488
0.03720001
0.03857015
0.03427258
0.03715517
0.03183028
0.03886837
0.04027089
0.04338505
0.03656662
0.03317816
0.03786602
0.03972265
0.03577532
0.03870635
0.04263606
0.04094632
0.03476224
0.03279797
0.03695801
0.03700301
0.03928696
0.03911176
0.03554223
0.03678846
0.04075283
0.0297675
0.0336495
0.03617806
0.03546675
0.03783377
0.03898772
0.03725242
0.03411936
0.03792994
0.03509242
0.04037369
0.03808683
0.03564072
0.03750472
0.03801788
0.03978076
0.03742482
0.04305437
0.03866096
0.04024187
0.03807954
0.03850552
0.03765805
0.03769614
0.03619046
0.03965061
0.04040918
0.0379559
0.03785598
0.04195758
0.03682921
0.03526427
0.04742803
0.04056626
0.03865785
0.03788266
0.0386152
0.03355865
0.03775483
0.03626414
0.03763737
0.04116937
0.03407845
0.03522967
0.03992463
0.04527745
0.04438061
0.03519697
0.03419365
0.04446882
0.03422362
0.03835097
0.04034185
0.03906372
0.03711463
0.03490609
0.04368623
0.03735891
0.04171936
0.0394026
0.0432273
0.03627519
0.03737625
0.03759576
0.03631331
0.03867147
0.03631865
0.0347689
0.03959148
0.04026354
0.03727697
0.04051408
0.03301437
0.04344581
0.03443115
0.03658756
0.03898129
0.04095913
0.03852015
0.03665201
0.03786957
0.03948733
0.03245877
0.03636064
0.03523768
0.03398427
0.03686962
0.0421863
0.03357263
0.03305758
0.03078841
0.03648517
0.03532247
0.03715332
0.03626706
0.03254245
0.03552728
0.0357513
0.03417558
0.03421172
0.03532727
0.03904825
0.03307564
0.03656063
0.03662514
0.03891294
0.0369211
0.03601426
0.03539865
0.03708506
0.03699659
0.04247646
0.03916226
0.03936734
0.03765952
0.03565901
0.0384257
0.03476111
0.03861291
0.03896103
0.03435439
0.03790782
0.03296541
0.03561427
0.03645443
0.03431612
0.03616197
0.03807749
0.0405151
0.03592803
0.03861866
0.0380747
0.03588189
0.03484672
0.034746
0.03758793
0.0383829
0.03480637
0.0359405
0.03863821
0.04028502
0.03731792
0.03902962
0.03810528
0.03809683
0.04003351
0.03865823
0.04093855
0.04408521
0.04082941
0.03800334
0.04077068
0.04061197
0.03806669
0.03971317
0.03943997
0.03996083
0.04072391
0.04019819
0.03605303
0.0375373
0.03364314
0.03545194
0.03620421
0.0377477
0.04100882
0.03939412
0.03982238
0.04046546
0.03953584
0.04098954
0.03848961
0.03609202
0.03721
0.04364968
0.04193426
0.03833855
0.03692555
0.03982119
0.03856615
0.04078443
0.03552389
0.0405114
0.03804395
0.04020433
0.03850832
0.0374438
0.03853528
0.03690085
0.03659302
0.04623921
0.03761106
0.04443893
0.03742764
0.04112403
0.04096946
0.04291303
0.04161126
0.04270742
0.04176661
0.04726281
0.04107684
0.03836695
0.04253216
0.03845917
0.04025661
0.04228674
0.04014996
0.04414535
0.04192568
0.0396533
0.0426046
0.03905228
0.04462808
0.04147797
0.03655569
0.04118518
0.03839964
0.03872909
0.04375847
0.03834929
0.0385165
0.04059184
0.04224781
0.04052525
0.03818897
0.03646328
0.03943302
0.04017893
0.03950845
0.04152897
0.04540199
0.03628243
0.03935955
0.03951925
0.0386514
0.04064298
0.04148978
0.04111405
0.03988401
0.03723099
0.03933255
0.03935484
0.03876541
0.03958535
0.03924561
0.04148542
0.03622621
0.03987359
0.04108926
0.04020167
0.03938817
0.03684721
0.03629487
0.03679973
0.04049441
0.03680832
0.03762413
0.04296029
0.04296337
0.03583651
0.04058828
0.03970937
0.03716141
0.04386408
0.03949647
0.03916555
0.03907521
0.03561797
0.04078968
0.03410902
0.04164582
0.03814643
0.03645954
0.03713415
0.03888857
0.03719916
0.03893172
0.03580095
0.03851447
0.04083246
0.0378372
0.03761857
0.03483697
0.03683695
0.03539858
0.03999442
0.03479904
0.03804641
0.03930335
0.04051719
0.03597824
0.03886256
0.03429297
0.03449286
0.03695713
0.03535794
0.03774014
0.03217388
0.04039412
0.03949178
0.0361117
0.03512237
0.03250932
0.0367814
0.03957059
0.03673047
0.04146462
0.03862858
0.03648779
0.03665002
0.03831265
0.03834112
0.04024352
0.04102204
0.03538101
0.0445803
0.03100584
0.03370103
0.03663159
0.03912914
0.03860576
0.03899969
0.03697283
0.03541064
0.03785606
0.03671094
0.04084948
0.03628691
0.03831265
0.0361392
0.0339922
0.04008916
0.02972785
0.03870786
0.04079909
0.03632309
0.03639477
0.03389529
0.03192027
0.03830003
0.03817763
0.0336058
0.03688551
0.03563554
0.0338443
0.03718056
0.03729173
0.02973165
0.03883094
0.03271198
0.03022581
0.0396623
0.03363966
0.03350773
0.03865611
0.03761146
0.04101401
0.03668405
0.04370012
