2.907629
2.961593
2.867365
3.128342
2.819231
3.299039
3.167683
3.162386
3.269524
3.337817
3.052512
3.34082
3.393771
2.990174
3.00453
3.163213
2.906229
3.064978
3.398191
3.095085
3.215995
2.995173
3.483128
3.223349
3.50353
3.400822
3.194691
3.280733
3.097551
3.114136
3.238832
3.146139
3.521407
3.208981
3.346957
2.926491
3.097863
3.222308
3.362382
3.303965
3.363757
3.147553
3.084318
3.275223
3.007498
3.152697
2.816069
3.411556
3.22733
3.092834
3.351045
2.967737
3.328466
3.243898
3.184328
3.188321
3.308568
3.503132
3.069679
3.148248
3.654504
3.189102
3.317862
3.438813
3.306995
3.435151
2.809613
3.577123
3.145904
3.36891
3.189457
2.904742
3.036086
3.130711
3.119941
3.361417
3.308382
3.387042
3.157006
3.301796
3.440648
3.061729
2.903847
3.455317
3.424349
3.367015
2.935094
2.981564
3.16941
3.411693
3.24866
3.408637
3.105011
3.586883
3.474447
3.33619
3.22028
2.974125
3.495366
3.271324
3.416798
2.993299
3.423393
3.368426
3.314898
3.181431
3.144207
3.100153
3.194258
3.453094
3.101944
3.211473
3.106147
3.114746
3.404154
3.225502
2.987283
3.340702
3.355112
3.100749
3.560183
3.470916
3.102543
3.375702
3.09014
3.315159
2.818469
3.401501
3.171054
3.141424
3.211682
3.222151
3.239025
2.998953
3.087813
3.49403
3.282686
3.341792
3.368896
3.16585
3.28852
3.272911
3.61843
3.169154
3.361446
3.609252
3.484617
3.432046
2.971586
3.322467
3.215616
3.507674
3.529561
3.190725
3.49254
3.701004
3.284333
3.47244
3.568393
3.667871
3.317831
3.375667
3.132023
3.442264
3.665336
3.481679
3.493379
3.429177
3.369676
3.332719
3.452479
3.357244
3.260766
3.50164
3.410612
3.714876
3.325209
3.286131
3.506286
3.184234
3.874171
3.107845
3.059429
3.461567
3.159394
3.517589
3.297508
3.519302
3.671482
3.352915
3.415189
3.29214
3.354704
3.158335
3.526144
3.43884
3.573056
3.454131
3.559746
3.295829
3.148766
3.53808
3.499881
3.515375
3.474606
3.353179
3.410244
3.012424
3.5502
3.458848
3.277157
3.371937
3.514375
3.202637
3.592049
2.859866
3.199708
3.889275
3.484597
3.055991
3.259546
3.419146
3.092701
2.826155
3.441211
3.122967
2.923402
3.413587
3.053617
3.280404
3.152993
3.542892
3.154284
3.356431
3.201723
3.391137
3.152672
3.501347
3.232152
3.531546
3.402747
3.313347
3.307687
3.032203
3.034157
3.226548
3.193234
3.522251
3.070373
3.013883
3.141914
3.181317
3.42469
3.178823
3.229522
3.055805
3.176391
3.130375
3.223826
3.360717
3.045935
3.230194
3.344816
3.248516
3.08473
3.162519
3.076055
3.129751
3.198806
3.17831
3.284756
3.397137
3.374713
3.229849
3.244846
3.433587
3.371361
3.155433
3.485438
3.163955
3.162712
3.258252
3.215913
3.407057
3.195167
3.13111
3.267008
3.423859
3.024106
3.525311
3.193923
3.200128
3.099297
3.155836
3.357831
2.962092
3.359422
3.154936
3.285879
3.205847
2.904232
3.254359
3.364897
2.912086
3.176003
3.447127
3.153589
3.340271
3.273226
2.741666
3.208203
3.237139
3.0548
3.527652
3.081416
3.165753
3.234967
3.049578
3.224676
2.823366
3.253907
3.111717
3.611364
3.424656
3.113112
3.133953
3.339006
3.286994
3.275771
3.431272
3.207758
3.289513
3.251804
2.816328
3.53449
3.427357
3.298813
3.231797
3.565265
3.289124
3.527333
3.068826
3.329072
3.360379
3.373206
3.113171
3.125193
3.414066
3.084446
3.453906
3.222933
3.259122
3.095092
3.196821
3.705677
3.345275
3.544392
3.353308
3.250616
3.072577
3.1229
3.033372
3.070564
3.378552
3.354737
3.213445
3.381619
3.249797
3.443362
3.557738
3.227538
3.39099
3.262514
3.569195
3.599114
3.601916
3.222173
3.728442
3.739285
3.381772
3.404861
3.097045
3.32119
3.261374
3.334367
3.257936
3.168908
3.277621
3.418757
3.500937
3.499167
3.251724
2.851339
3.413276
3.342505
3.004798
3.116698
2.989434
3.267007
3.275719
3.419804
3.234029
3.270743
3.098198
2.822493
3.371095
3.393025
3.055414
3.173747
3.368897
3.041105
2.984991
3.316913
3.287871
3.242739
2.96361
3.062164
3.37654
3.386143
3.397694
3.193738
3.256109
3.501941
3.10782
3.138989
3.348829
3.272513
3.523364
3.427137
3.183683
3.600376
3.356653
3.296926
3.602385
3.40316
3.645786
3.105587
3.171535
3.491043
3.73772
3.408657
3.471357
3.148312
3.52868
3.370966
3.231885
3.923245
3.2246
3.439492
3.224028
3.440796
3.557096
2.972474
3.00133
3.346133
3.13786
2.891589
3.185338
3.348394
3.598198
2.989117
3.22115
3.22896
2.956449
3.075522
3.417764
3.352684
3.634637
3.19185
3.223092
3.350744
3.193019
3.12769
2.973754
3.017638
3.071323
3.346743
2.911275
3.104012
2.769419
3.500419
3.354945
3.352319
3.201862
3.27863
2.899507
3.254538
3.357232
2.995169
3.085704
3.163733
2.860898
3.10443
3.062519
3.15992
3.371791
3.253791
3.115132
3.408964
2.925671
3.497617
3.41915
3.005195
3.333704
2.922317
3.16005
3.31787
3.525271
3.396271
3.478754
3.208748
3.129231
2.980576
3.280604
3.224285
3.062505
3.274003
3.032506
2.911934
2.979667
3.352117
2.905487
3.620422
3.69146
3.132532
3.195653
3.196952
3.385095
3.590092
3.169197
3.225558
3.503144
3.397927
3.280052
3.215353
3.000506
3.39454
3.578275
3.369522
3.301173
3.401867
3.378754
3.259505
3.14508
3.224359
3.148424
3.169497
3.242485
2.953436
3.341536
3.229386
3.459596
3.264551
3.291171
3.264836
3.377277
2.708405
3.158857
3.126925
3.015427
3.296187
3.390793
3.168644
3.504873
3.141787
3.2649
3.250613
3.286439
2.920054
3.169531
3.416489
3.019352
3.328965
3.187477
3.167416
3.233725
3.51926
3.26468
3.536491
2.915208
3.464946
3.159195
3.028438
3.353663
3.467106
3.184906
3.374465
3.253972
3.100503
3.267959
3.381525
3.310794
3.141392
3.05008
2.957531
3.247591
3.201112
3.074287
3.164454
3.066491
3.024287
3.276748
3.028428
3.173157
3.230808
3.50061
3.290142
3.216947
3.086131
3.260488
3.449857
3.334139
3.469392
3.301323
2.823424
2.933317
2.74291
3.248045
2.892523
3.200578
3.072841
2.916247
3.135161
3.34043
3.308627
3.039312
3.079056
3.116972
3.174628
3.010282
3.258297
3.231021
2.994825
3.207198
3.176743
3.239192
3.417436
3.234666
3.154559
3.166681
2.932125
3.342941
2.975641
3.462425
3.121705
3.335519
2.833838
3.241172
2.99845
3.429659
3.185895
3.010983
3.284221
2.926314
3.396849
3.088485
3.061047
3.217084
3.438937
3.080714
3.17342
3.000525
3.409236
3.29763
3.113048
3.313657
3.34451
2.900207
3.315392
3.198701
2.744992
3.155707
3.334911
3.044242
3.133133
3.030124
3.1914
3.034193
2.997674
2.948844
3.106263
3.261155
3.236665
3.563881
3.042914
3.125971
3.402544
3.32114
3.214271
3.555312
2.66823
3.444834
3.226231
3.451597
3.061709
2.929124
3.102812
3.275422
3.076526
3.069206
3.155927
3.112407
3.322231
3.335608
3.358152
3.360347
3.641367
3.135346
3.393823
3.243968
3.449302
3.28701
3.310026
3.535968
3.410871
3.075363
3.443936
3.060777
3.552039
3.332478
3.529993
3.135553
3.153085
3.776228
3.272553
3.042892
3.244784
3.433014
2.958883
3.759666
3.3421
3.162683
3.173449
3.249036
3.360485
3.232218
3.056835
3.587909
3.238682
3.373628
3.104586
3.515782
3.139172
2.967418
3.265602
2.999596
3.242668
3.101756
3.199235
3.435334
2.936626
3.093413
3.071089
3.521687
3.178363
3.537043
3.081201
3.335362
3.362817
3.116104
3.242325
3.566503
3.214595
3.207091
3.098776
3.294646
3.440041
2.98856
3.296179
3.179924
3.352442
3.228797
3.366724
3.538113
3.120582
3.647826
3.331693
3.416534
3.332527
3.385835
3.120209
3.324174
3.289765
3.35389
3.414263
3.730261
3.23634
3.195825
3.397234
3.545681
3.0927
3.359248
3.179126
3.262631
3.278132
3.4358
3.14726
3.078651
3.24981
3.421671
3.226914
3.241371
3.408696
3.300666
2.930179
3.088604
3.365581
3.318533
3.310301
3.173619
2.94994
3.658862
3.346854
2.951689
3.314887
3.0065
3.464248
3.155688
3.265186
3.042671
3.200075
3.416017
3.500234
3.213152
3.254687
3.523768
3.431407
3.380552
3.407446
3.129661
3.412924
3.578842
3.844917
3.162569
3.08035
3.382573
3.131586
3.387679
3.494356
3.416495
3.095245
3.054545
2.861882
3.145224
3.242846
3.22359
2.882645
3.447817
2.935188
3.06959
3.201924
3.611156
3.263075
3.339057
3.17505
3.539401
2.887302
3.080801
3.014617
3.500158
3.564052
3.73288
3.567807
3.308549
3.532257
3.178313
3.143282
3.448652
3.516894
3.269079
3.440472
3.364246
3.511818
3.197244
3.216487
3.091985
3.313077
3.522805
3.184818
3.221334
3.302106
3.605567
3.429226
3.368147
3.16366
3.155893
2.730085
3.384497
3.151872
3.745152
3.060003
2.836485
3.558007
3.397122
3.336597
3.176623
3.19516
3.145808
3.50658
3.199357
3.140257
3.185745
3.059249
3.215
3.450652
3.427191
3.092834
3.225241
2.965914
3.018153
3.383295
3.317795
3.543957
3.199241
3.386409
3.326318
3.306293
3.228428
3.124524
3.227359
3.291917
3.366009
2.971309
3.13322
3.490221
3.205485
3.34901
3.270719
3.499291
3.344163
3.469461
3.345173
3.520294
3.17711
3.477879
3.546471
3.706245
3.093434
3.141228
3.128824
3.333132
3.712326
3.443587
3.199155
3.319523
3.517955
2.817684
3.382134
3.240937
3.386352
3.309871
3.466468
3.38915
3.292278
3.172432
3.613127
3.411178
3.231208
2.850701
3.182774
3.349054
2.918414
3.302599
3.366018
3.593825
3.221048
2.965048
3.403748
3.046954
3.211034
3.211868
3.246669
3.294206
3.560768
3.155764
2.974541
3.328357
3.000642
2.9843
3.534494
3.34226
3.343435
3.155568
3.205784
3.173135
3.342235
3.46446
3.414007
3.333569
3.522607
3.528533
3.510622
3.323276
3.439594
3.440677
3.266222
2.802848
3.337789
3.219793
3.412633
2.905211
2.876365
3.62214
3.260323
3.382186
3.479848
3.306117
3.441103
3.278471
3.337478
3.339324
3.07498
3.335318
3.236965
3.099622
3.584625
3.223413
2.989528
3.232373
3.205362
3.09811
3.19111
3.6235
3.357948
3.325909
3.150675
3.118086
3.187094
2.720099
2.875784
3.253734
3.268421
3.593978
3.260055
2.984093
3.400084
3.270429
3.026081
2.960964
3.355071
3.177057
3.326726
2.856329
3.648505
2.981401
3.050804
3.364789
3.283645
2.779603
3.083726
3.331375
2.992198
3.446922
3.031587
3.210565
3.163842
3.258189
3.437888
3.523942
2.997054
3.347798
3.129008
3.188727
3.327602
3.261978
3.08613
3.069953
3.430939
3.133303
3.163168
3.536109
2.785977
3.34374
3.233856
3.153028
3.410027
2.948401
3.482643
3.210448
3.011645
3.332776
3.313026
3.157004
3.121221
3.446236
3.414076
3.569936
3.345666
3.47762
3.501451
3.020146
3.333761
2.972996
3.396269
3.471506
3.516473
3.226846
3.179159
3.362382
2.909631
3.568383
3.305504
3.158482
2.889252
3.110483
3.082412
3.03108
3.125074
3.328799
3.567592
3.154606
3.499952
3.173964
3.466344
3.594098
2.91034
3.534006
3.370943
3.284364
3.041503
3.156063
3.324136
3.282106
3.253489
3.321311
3.042031
3.19467
3.244856
3.368523
3.207586
3.316977
3.248021
3.349669
3.704735
3.350863
3.190485
3.467501
3.118598
3.66151
3.611432
3.581083
3.399355
3.524231
3.465283
3.025201
3.205225
3.330185
3.057568
3.395001
3.265938
3.299395
3.478014
3.098341
3.19865
3.649532
3.558319
3.41247
3.471666
3.58119
3.394553
3.345148
3.379022
3.121426
3.376213
3.264165
3.51851
3.276196
3.292804
3.189318
3.25775
2.974775
2.971286
3.262577
3.702438
3.136539
3.4875
3.04891
3.225262
2.886569
3.196214
3.397043
3.659703
3.253744
3.195612
3.427008
3.344165
3.291797
2.856368
3.456942
3.066739
3.054358
3.479831
3.437908
3.522175
3.011408
3.613684
3.579921
3.50881
3.128638
3.551847
3.304932
3.457007
3.077193
3.073218
2.912024
3.230792
3.298702
3.445393
3.062603
3.576262
3.284554
3.38331
2.950072
3.32091
3.120918
3.228626
3.532404
3.611501
3.084
3.503101
3.081974
3.704646
3.035666
3.961562
3.42835
3.122605
3.59796
3.503312
3.339876
3.207311
3.057247
3.294961
3.414677
3.209505
3.345793
3.379369
3.13623
3.242618
3.111759
3.140465
3.490472
3.616271
3.036846
3.03782
3.441966
2.932682
3.303049
2.932988
3.483917
3.107817
3.109908
3.687608
3.303802
3.356511
3.280102
3.104364
3.198344
3.568586
3.489795
3.375499
3.040493
3.172144
3.407922
3.280513
3.358696
3.218072
3.187355
3.105579
3.148479
3.378161
3.579695
3.584726
3.259216
3.152203
3.184389
3.478671
3.159317
3.085387
2.956957
3.293286
3.311233
3.681911
3.324764
3.264091
3.138269
3.201323
3.135888
3.250835
3.205672
2.813985
3.672839
3.402859
3.408519
3.128387
3.660905
3.439863
3.356981
3.331275
3.278469
2.910705
3.184772
3.123011
3.501847
3.639621
3.53286
3.697257
3.498663
2.957313
3.165635
3.462506
3.436845
3.066714
3.357659
3.028376
3.461842
3.367522
3.287311
3.164989
3.27164
3.575727
3.133682
3.363571
3.103253
3.285526
3.36876
3.31787
3.199407
3.458526
3.156473
3.265195
3.061861
3.286006
3.440416
3.008037
3.307193
3.588241
3.256853
3.46198
3.123058
3.344356
2.847334
2.97872
3.19943
3.219745
3.488008
2.810805
3.250434
3.18286
3.5268
3.418276
3.252911
3.49019
3.360146
3.19856
3.188776
3.159599
3.273415
3.300642
2.996377
3.017558
3.060781
3.106596
3.356067
2.844493
3.680359
3.28701
3.127835
3.140452
3.235862
3.162002
3.251427
3.250707
3.568401
3.138038
3.132183
2.870576
3.178852
2.879947
3.332207
3.26257
3.138689
3.125954
3.226157
3.070845
3.139328
3.370261
3.247056
3.427707
3.390988
3.244724
3.355955
3.322952
3.056341
2.892421
3.134012
3.049282
3.241105
3.273677
3.028804
3.408729
3.429774
3.176843
3.160899
3.169295
2.995856
3.324128
3.338502
2.917194
2.985668
3.271329
3.15366
3.149929
3.228662
3.365758
3.236176
3.204589
3.338658
3.063916
3.438549
3.286185
3.285189
3.523239
3.379807
3.325214
3.394259
3.129704
3.283826
3.303764
3.367733
3.015477
2.951806
3.209911
3.434031
3.389012
2.988101
3.016791
2.967977
3.370803
3.20476
3.195278
3.076429
3.397551
3.467368
3.333534
3.454084
3.490132
3.142603
3.73197
3.013013
3.063722
3.107858
3.293497
3.192214
3.123265
3.468562
3.473256
3.469969
3.5039
3.367622
3.300212
3.566599
3.166543
3.536049
3.385752
2.986384
3.298048
3.144739
3.382063
3.261819
3.215215
3.283325
3.567116
3.116453
3.091517
3.336536
3.151539
3.036412
3.23138
3.328701
3.294535
3.366258
3.017077
3.302818
3.295552
3.579751
3.290712
3.143911
3.23906
3.275681
3.310272
3.468864
3.573081
3.2967
3.390169
3.232509
3.008972
3.343341
3.016544
3.068884
3.05702
3.272337
3.354795
2.997622
3.321759
3.144483
3.478574
3.574278
3.131336
3.42956
3.183313
3.156112
3.235635
3.052999
3.192211
3.079633
3.091549
3.258022
3.462071
3.563567
2.965464
3.22185
3.290065
3.326639
3.17779
3.240696
3.540289
3.261678
3.189483
3.489684
3.193483
3.112353
3.060792
3.232977
3.765945
3.275505
3.429899
2.882907
3.539398
3.157999
3.155437
3.180057
3.302483
3.234779
3.126342
3.208922
3.331715
2.936658
3.0059
3.341191
3.29687
3.436624
3.416956
3.363568
3.190224
3.276112
2.967653
3.34452
3.479116
3.061656
3.065173
2.636867
2.819604
3.175883
3.013339
3.357121
3.386958
3.231848
3.231221
3.253553
3.59564
3.61751
3.449056
3.365359
3.179309
3.409825
3.048653
3.323846
3.368104
3.077877
3.359253
3.427729
3.268334
3.220406
3.425587
2.834458
3.23479
3.20449
3.474459
2.996371
3.509582
3.511248
3.363173
3.337707
3.145846
3.13222
3.489548
3.248643
3.29987
3.412595
3.445805
3.465273
3.155356
3.379599
3.426484
3.370628
3.02426
3.089067
3.217678
2.986558
3.415322
3.781224
3.271773
3.441063
3.148804
3.748921
3.513196
3.283617
3.244079
2.811644
3.576708
3.507823
3.182142
3.484374
3.542226
3.219932
3.042235
3.372327
3.1769
3.471755
3.169532
3.48337
3.582564
3.308089
3.440751
3.380071
3.137721
3.302045
3.369189
3.250482
3.514292
3.285613
3.519508
3.4935
3.428883
3.289174
3.364939
3.215059
2.68126
3.177513
3.453416
2.962029
3.157757
3.536309
3.256936
3.052589
3.370943
3.472991
2.973965
2.97635
3.049456
3.189776
2.736768
3.516615
3.179558
3.048425
3.333412
3.242064
3.609882
2.839971
3.112495
3.303907
2.939508
3.149836
3.203547
3.097947
2.944049
3.144221
3.345863
3.132666
3.04882
3.425619
2.939357
3.084693
3.505111
2.971392
3.490808
3.081942
3.035486
3.104329
3.036765
3.134446
3.055194
3.466947
2.955344
3.359676
3.363052
3.018895
2.887629
3.27561
2.983072
3.289473
2.98163
3.057983
3.332237
3.292269
3.030641
3.191332
3.265799
3.432919
3.050355
3.543019
3.344497
3.309189
3.207557
3.448784
3.088225
3.613426
3.157992
3.353718
3.397406
3.077221
3.409373
3.158284
3.200046
3.004681
3.422062
3.116022
3.055248
3.132595
3.290125
3.23866
3.153663
3.061943
3.38804
3.125455
3.46995
3.261924
3.411376
3.464234
3.370989
3.162703
3.549374
3.201087
3.771234
3.556825
3.430038
3.199253
3.26275
3.802985
3.31946
3.170648
3.507
3.485696
3.3283
3.502532
3.090171
3.491822
3.198597
3.81428
3.316117
3.317622
3.39335
3.494212
3.223441
3.344225
3.122289
3.432512
3.158039
3.227423
3.327996
3.169584
2.765934
3.423178
3.076935
3.25559
3.168789
3.607812
3.21813
3.437353
3.536406
3.409162
3.34547
3.340051
3.254199
3.397075
2.902534
2.888556
3.22879
3.31452
3.083542
3.20016
3.513713
3.422279
2.972
3.317712
3.529247
3.213302
3.257639
3.079332
3.260584
3.114655
3.53369
3.236965
3.006359
3.3181
2.988357
3.078505
3.181995
3.342731
3.260374
3.315397
3.305756
3.093903
3.501228
3.072565
2.963516
3.290863
3.14267
3.237053
3.349335
3.411156
3.197933
3.304318
3.236873
3.552889
3.538095
3.214153
3.142992
3.271359
3.117815
3.502205
3.047792
3.433645
3.029864
3.3333
3.146458
3.178243
3.445259
3.364025
3.034982
3.091667
3.117077
3.34941
3.112031
3.456832
3.445269
3.355
3.156508
3.346297
3.371405
3.284998
3.131497
3.421816
3.386647
3.354442
3.120767
3.004735
3.323144
3.735863
3.123889
3.791011
3.085745
3.317158
3.075094
3.539647
3.112636
3.349651
3.059622
3.358171
3.559096
3.061937
3.50295
3.095486
3.392799
3.424987
3.065787
3.150014
3.211287
3.177337
3.48825
3.037248
3.199122
3.465635
3.483552
3.194183
3.119956
3.074774
3.135388
3.286945
3.386357
3.298282
3.332705
3.258563
3.123165
3.829372
3.349145
3.644971
3.286877
3.489574
3.517999
3.267622
3.446046
3.097915
3.58852
3.339553
2.994202
3.828011
3.111831
3.586971
2.94532
3.218482
3.780499
3.476155
3.468998
3.311686
3.092457
3.177941
3.07059
3.440197
3.372889
3.239195
3.472818
3.362007
3.181519
3.0578
3.629042
2.943502
3.018087
3.480224
3.465433
3.155568
3.49511
3.441746
3.488773
3.540339
3.066381
3.383637
3.371616
3.421597
3.270101
3.194398
3.249363
3.187304
3.324843
3.080962
3.098963
3.376356
3.500098
3.217461
3.280386
3.133317
3.455506
2.997237
3.362216
3.39481
3.155789
3.372541
3.164491
3.562658
3.17322
3.284806
3.329175
2.893083
3.210496
3.51316
3.35464
3.226601
3.588517
2.989912
3.198555
3.44565
3.143369
3.26276
3.137236
3.464418
3.20632
3.172369
3.497851
3.124981
3.380482
3.465497
3.343378
3.417297
3.113349
3.211672
3.021223
3.285941
3.378619
3.117435
3.165376
3.048094
3.11324
3.071047
3.143755
3.309761
3.011504
2.881734
3.112557
3.09904
2.988522
3.151509
3.020492
3.314119
3.222492
2.823051
2.805879
2.936315
3.048039
3.179865
3.40623
3.282742
3.185056
3.093128
3.151911
2.963218
3.102328
3.364304
3.308165
2.902508
3.057058
3.461538
3.083518
3.020819
3.268788
3.424788
2.984298
3.177926
2.671034
3.172363
3.110101
3.131566
3.082495
3.06095
3.131763
2.926383
3.104246
3.267467
3.026414
3.22019
3.126755
3.265348
3.264397
3.059424
2.976756
3.105942
3.161161
2.827375
3.19733
2.963038
3.018559
3.216804
3.103674
3.378475
3.096429
3.173711
3.742049
3.057802
3.18454
3.339781
3.228422
3.439339
3.051279
3.307172
3.01527
3.113519
3.409164
3.520914
3.249796
3.22002
3.556292
3.308823
3.301622
3.579254
3.387373
3.387948
3.356839
3.17394
3.370063
3.436497
2.784389
3.44707
3.33444
3.152829
3.327897
3.443872
3.356892
3.229684
3.451445
3.589953
3.058449
2.947418
3.321104
3.435616
3.758302
3.394683
3.357777
3.593085
3.278613
3.6188
3.51217
3.390198
3.292849
3.353048
3.482778
3.498168
3.338633
3.291245
3.342635
3.439647
3.707725
3.267126
3.284905
3.603902
3.399104
3.478172
3.540805
3.39823
3.275791
3.000478
3.195455
3.208585
3.13892
3.708024
3.163265
3.422936
2.921236
3.570942
3.254969
3.706973
3.511368
3.32029
3.461267
3.457464
3.184543
3.455364
3.258386
3.189506
3.184908
3.390195
3.384917
3.275826
3.509835
3.412061
3.60483
2.912591
3.260635
3.654442
3.349958
2.970139
3.178401
3.371825
3.345725
3.262036
3.480934
3.198484
3.201516
3.407234
3.098503
3.044531
3.297058
3.267333
3.348634
3.695671
3.40976
3.698832
3.410514
3.150432
3.434164
3.20681
3.131105
3.248756
3.308179
3.610662
3.164373
3.761872
3.36731
3.391988
3.368087
3.405489
3.119717
3.478439
3.126865
3.314854
3.136138
3.277545
3.279383
3.548622
3.028023
3.273812
3.684174
3.525461
3.329701
3.281695
3.175746
3.222565
3.269148
3.250796
3.246829
3.433743
2.959549
3.21356
3.115901
3.404423
2.920637
3.053769
2.954312
2.94679
3.161038
3.478541
2.907156
3.21706
3.255175
3.034485
3.030123
3.05977
3.693666
3.033961
3.134016
3.09164
2.914504
3.302014
3.410251
3.350487
3.267305
2.932388
3.031192
3.262282
3.308719
3.365562
3.198386
3.483273
2.874458
3.225982
3.465144
3.180767
3.476709
3.477135
3.149516
3.394234
3.059013
3.112161
3.459262
2.807765
2.778128
3.552942
3.481221
3.215183
3.126755
3.326634
3.021229
3.087475
3.124985
3.086356
3.157791
3.49361
3.003957
3.011614
3.357211
3.542698
3.046749
3.536495
3.095034
3.048861
3.363802
3.494096
3.558891
3.173677
3.398675
3.095403
3.130435
3.096675
3.266451
3.065833
2.963383
3.623698
3.639424
3.643153
3.085291
3.316052
2.864454
3.555334
3.626761
2.990796
3.352343
3.473318
3.369018
3.064515
3.549486
3.305522
3.29462
3.248563
3.004883
3.370855
2.991367
3.6544
3.604714
3.276529
3.225499
3.34844
3.5817
3.49901
3.111912
3.111731
3.409933
3.506976
3.417804
2.9997
3.159412
2.950634
3.483258
3.421618
3.480606
3.069327
3.295902
2.858177
3.403968
3.043887
3.206321
3.278976
3.279924
3.181492
2.825688
3.626584
3.19456
3.343978
3.099268
3.304739
3.345076
2.981499
3.602113
3.299251
3.076717
3.11819
3.24381
3.131426
3.360811
3.5135
3.579192
3.317154
3.433099
3.045188
3.053749
3.284592
2.961187
3.033264
3.495223
3.519128
3.200376
3.201246
3.245366
3.087632
2.971007
3.233446
3.060649
2.751337
3.19918
3.021677
3.313749
2.931679
3.022653
3.268787
3.086938
2.984489
3.239959
3.235828
3.519077
3.200626
2.989274
3.015615
2.921048
3.607148
3.096218
3.231957
3.510413
3.284562
3.460931
3.233578
3.402954
3.703075
3.344386
3.410019
2.986368
3.268804
3.066985
3.342555
3.102214
3.234025
3.157497
3.175565
3.136908
3.302569
3.450458
2.995115
3.438097
3.333125
3.312811
3.685928
3.01607
3.359631
3.471349
3.145926
3.350193
3.314126
3.399285
3.029098
3.288726
3.623033
3.077509
3.24068
3.459635
3.113571
3.585154
3.186748
3.509612
3.186743
3.377579
3.282983
2.973935
3.081851
3.25238
2.927816
3.458166
3.571848
3.056216
3.027797
3.372901
3.729227
3.521806
2.962926
3.201776
3.134466
3.542584
3.313509
3.030601
2.721301
3.435273
3.50819
3.254051
3.37968
3.17208
3.177642
3.180728
2.93193
3.322076
3.643482
3.528661
3.474
3.106414
3.339982
3.10763
3.386658
3.080207
3.396694
3.557182
3.05681
2.965168
3.288969
3.714028
3.293506
3.40122
3.516996
3.303166
3.108437
3.301769
3.299916
3.04828
3.305549
3.301855
2.876032
3.082011
3.319966
3.192317
3.142871
3.188919
3.255541
3.209883
3.322253
3.281291
3.403303
3.102204
2.926674
3.261246
3.497621
3.276889
3.361792
3.291537
3.427391
3.660161
2.969523
3.476438
3.088531
2.954727
2.95927
3.133384
3.086378
3.579244
3.323651
3.2515
3.474892
3.183221
3.451435
3.591419
3.378969
3.492055
3.5155
3.203269
3.361645
3.562164
3.140706
3.436254
3.363975
3.390429
3.014308
3.268824
3.191802
3.095364
3.297474
3.29544
3.247583
3.192736
3.304148
3.15132
3.950442
3.763604
3.175966
3.548034
3.375561
3.298355
3.170038
3.553879
3.508889
3.169581
3.268512
3.243422
3.648719
3.232844
3.26431
3.328995
3.333631
3.239602
3.373015
3.37464
3.278459
2.907408
3.217844
3.290238
3.619595
3.354373
3.070271
3.222208
3.313789
3.255915
3.115652
3.201356
3.375006
3.263661
3.246219
3.344713
3.064398
3.329264
3.241267
3.524642
3.27583
3.379637
3.595735
3.484226
3.548747
3.27999
3.226862
3.142181
2.886441
3.248412
3.234377
3.397051
3.170594
3.520895
3.356649
3.056917
3.060771
3.396663
3.627671
3.473642
3.375272
3.71644
3.633221
3.296936
3.387218
3.448056
3.293621
3.299815
3.327367
3.363246
3.567043
3.383381
3.489392
3.340872
3.610123
3.252064
3.34983
3.365601
3.682396
4.010833
3.435557
3.437423
3.371328
3.485236
3.730569
3.642872
3.64419
3.381287
3.645265
2.830858
3.700285
4.153046
3.294863
3.190793
3.165824
3.11525
3.333089
3.436164
3.053775
3.49119
3.634287
3.247631
3.004178
3.238582
3.481009
3.316396
3.44997
3.257858
3.640831
3.284892
2.916819
3.497513
3.464961
3.375112
3.468955
3.525243
3.334395
3.162644
3.033852
3.314433
3.363131
3.437393
3.4574
3.007987
3.1837
3.292453
3.138706
3.249955
3.243227
3.028195
3.307994
3.224028
3.560002
3.17852
3.464056
3.267899
3.06949
3.398082
3.18338
3.191676
3.300402
3.005864
3.328583
3.348479
3.293095
3.613881
3.097561
3.135987
3.225276
3.259319
3.360971
3.150255
3.071039
3.557941
3.319907
3.022135
3.272782
3.267645
3.306011
3.249014
3.191876
3.194845
3.408459
2.794177
3.30849
3.402114
3.020513
3.28186
3.260298
3.282066
3.277841
3.008623
3.234361
3.14396
3.338136
3.43558
3.112003
3.451016
3.746262
3.067828
3.160037
3.416278
3.151735
3.096686
3.265524
3.438535
3.329423
3.270019
3.178325
3.29521
3.31917
3.048462
3.473017
3.2328
3.204838
3.411338
3.335689
3.288592
3.373867
3.151657
3.401798
3.675648
3.430709
3.058337
3.3516
3.285076
3.287664
2.968191
3.369122
3.410553
3.451551
2.989287
3.022711
3.616398
3.188195
3.349695
3.447234
3.054719
3.048701
3.542591
3.289111
3.45526
3.384438
3.17564
3.494557
3.358489
3.309875
3.194276
3.470451
3.260248
3.221023
3.306307
3.099877
3.52391
3.214574
3.086874
3.249438
3.442317
3.16841
3.306425
3.583915
3.327041
3.204002
3.179701
3.046314
3.098743
3.254707
3.367893
3.066282
3.365906
2.943337
2.996843
3.167964
3.576887
3.073454
3.219784
3.026869
3.047301
2.984496
3.153782
3.305305
3.175739
3.077902
3.197794
3.588451
2.990893
3.252427
3.297439
2.886089
3.425407
3.211472
3.498558
3.055095
3.642068
2.994584
2.879341
3.012268
3.28873
3.375449
3.122796
3.310736
3.010025
3.517708
3.590344
3.526627
3.296467
3.043285
3.393558
3.464374
3.058349
3.2009
3.266221
3.772465
3.564638
3.285503
3.324646
3.527963
3.340746
3.161464
3.077086
3.232593
3.438147
3.619967
3.335648
3.724588
3.025656
3.419107
3.133994
3.104454
3.324586
3.284927
3.174128
3.465331
2.859556
3.443038
3.289494
3.120568
2.908433
3.379456
3.474276
2.867409
3.295009
3.108619
3.343691
3.595454
2.996511
3.111599
3.336338
3.337881
3.020513
3.429469
3.380932
3.197255
3.337224
3.182012
3.049124
3.117984
3.548954
3.448967
3.124387
3.057295
3.46463
3.149301
3.346214
3.272924
3.471311
3.010329
3.227154
3.331124
3.130792
3.075417
3.123376
3.227419
3.291915
3.074713
3.284155
3.480269
3.25631
3.417209
3.56925
3.590544
3.107493
2.934424
3.216822
3.007227
3.565692
3.311177
3.371391
3.506625
2.803981
3.634121
3.433544
2.98148
3.180083
3.303755
3.340131
3.187571
3.329613
2.982511
3.217934
3.494889
3.112183
3.021471
3.044327
3.378389
3.468601
3.408428
3.311218
3.870932
3.472112
3.258026
3.11475
3.346448
3.486868
3.355292
3.075777
3.420546
3.234187
3.962898
3.191799
3.157821
3.434126
3.370994
3.800679
3.470586
3.549594
3.183693
2.962737
3.078071
3.075037
3.74617
3.286529
3.042615
3.490035
3.03582
3.339443
3.078714
3.427075
3.318882
3.297739
3.377031
3.479005
3.787198
3.295115
3.351418
3.268382
3.211747
3.089508
3.113087
2.942674
2.977256
3.57085
3.593679
2.980855
3.194761
3.39794
3.347506
3.561341
3.371047
3.445908
3.260037
3.26899
3.360577
3.407371
3.289018
3.246216
3.524671
3.57906
3.429452
3.348586
3.57238
3.420919
3.395964
3.411243
2.976034
3.385613
3.231418
3.317134
3.185426
3.40145
2.987326
3.397425
3.399273
3.212453
3.183498
3.304847
2.899374
3.060837
3.503218
3.074727
2.959146
3.369193
3.571124
3.240655
3.49913
3.277292
3.547489
3.258735
3.045929
3.080987
3.464817
3.091733
3.41539
2.963624
3.155541
3.187524
2.984078
3.539988
2.990116
3.07718
3.625634
3.355853
3.415994
2.9562
3.433533
3.124968
3.291495
3.586197
3.331437
3.487125
3.122398
2.917975
3.26331
3.126463
3.132802
3.412618
3.244966
3.32803
3.522049
3.259418
3.340749
3.074951
3.027356
3.089794
3.313497
3.096416
3.24326
3.046585
3.095479
3.032989
3.355071
3.192519
3.216848
3.046543
3.294246
3.532944
3.234663
2.944133
3.040869
3.147005
3.203615
3.03362
3.162709
3.119946
3.368094
2.948718
3.176067
2.946878
3.016373
3.117306
3.02123
3.468516
3.139564
3.192211
3.518705
3.149386
3.087599
3.385223
3.083878
3.032313
3.08615
2.744072
2.925516
3.308966
3.550135
3.279137
3.24219
3.046477
3.198568
2.860657
3.077182
3.321005
3.301616
3.507677
3.398198
3.107001
3.456438
3.186458
2.795115
3.024146
3.061076
3.079671
3.55951
3.632727
3.182451
3.365872
3.355139
3.224009
3.253024
3.341271
3.359671
3.326516
3.533694
3.061456
3.538951
3.338994
3.34177
3.549587
3.080018
2.956082
3.309051
3.324834
3.067257
3.150473
3.06985
3.469405
2.941459
3.26846
3.301717
3.239663
3.26035
3.050089
3.159704
3.133187
3.367963
3.384325
3.451329
3.312061
3.124464
3.146334
3.279591
3.264711
3.034929
3.451081
3.430121
3.036632
3.367825
3.269729
3.339882
3.378879
3.256896
2.994012
3.138033
3.455742
3.442213
3.336845
3.384754
3.426237
3.305276
3.327889
3.443484
2.672827
3.295693
3.423443
2.89726
3.34884
3.006421
3.231906
3.227861
3.131747
3.273835
3.105759
3.108187
2.947813
3.09446
3.157278
3.335904
3.45236
3.42871
3.071881
3.184428
3.040795
2.933812
3.466334
3.65755
3.295653
3.379017
3.349644
3.352272
2.808186
3.422508
3.346663
3.429699
3.074405
3.035686
3.765759
3.02541
3.359736
3.162539
3.03748
3.039401
3.210342
3.313654
3.406604
3.188801
3.131359
2.991172
3.538999
3.050588
3.088763
3.200523
2.84033
3.476832
3.088031
3.083556
3.562659
3.322254
3.200766
3.344417
3.257804
3.152137
3.512115
3.160459
3.176439
3.662481
2.972993
3.236099
2.849708
3.599195
3.546229
3.556065
3.09729
3.183766
3.166546
3.368749
3.197033
3.263059
3.084928
3.30571
2.883486
3.541911
3.338518
3.005897
3.228931
3.172307
3.287759
3.537632
3.630661
3.330925
3.221773
3.118092
3.272453
2.927966
3.20624
3.248157
2.858354
3.360077
3.395226
3.52042
3.411989
3.334155
3.298979
3.225814
3.20599
3.528969
3.302491
3.272479
3.092363
3.731437
3.180943
3.200163
3.516612
3.031413
3.008403
3.184132
3.351111
3.222562
3.347091
3.159509
3.1768
3.06621
3.007374
3.204043
3.021966
3.2249
3.323274
3.575941
3.190637
3.420258
3.497727
3.463081
3.107012
3.445158
3.183964
3.25878
3.579596
3.088888
3.055511
3.508695
3.410523
3.186018
3.16225
3.423515
3.317954
2.991389
3.514726
3.171789
3.334658
3.633404
3.575002
3.229527
3.065298
2.985472
2.960111
2.832974
3.215276
3.391552
3.315454
3.150125
3.304187
2.969133
2.986904
3.27108
3.183895
3.408895
3.060448
3.059666
3.051121
3.02138
3.302583
3.067618
3.187845
3.379189
3.191653
3.166427
3.338784
3.119873
3.235225
3.450352
3.446749
3.272258
3.175775
3.309845
3.683211
3.326768
3.252835
3.323968
3.763423
3.206503
3.154058
3.514032
3.598604
3.050748
3.353129
3.401483
3.323795
3.198307
3.284748
3.595822
3.453037
3.242006
3.197741
3.208
3.272798
2.982529
3.388217
3.169934
3.301779
3.538121
3.386122
3.619814
3.237686
3.348215
3.463807
3.295855
3.130249
3.610395
3.251092
3.142116
3.588891
3.258752
3.538521
3.239736
3.447643
3.382728
3.42258
3.396897
3.323086
3.111551
3.400428
3.443971
3.059234
3.206031
3.220441
3.194735
3.028122
3.232121
3.180135
3.397182
3.080269
3.3731
3.255166
3.001533
3.313002
3.561541
3.429514
3.333088
3.294678
3.157474
3.152506
3.118267
3.278343
3.003776
3.445271
3.25836
2.914538
3.034414
2.982615
3.364512
2.952535
3.065933
3.256393
3.378536
3.63684
3.302801
3.207708
2.994719
3.27073
2.96111
3.601966
3.082121
3.308013
3.428399
3.486298
3.426016
3.658201
3.390644
2.99558
3.372974
3.6309
3.107227
3.437111
3.128164
3.311838
3.497161
3.569412
3.55919
3.356004
3.561517
3.407244
3.146916
3.247992
3.233171
3.058729
3.327511
3.399135
3.324828
3.235915
3.84921
2.992698
3.296415
3.306155
3.479826
3.260823
2.931523
3.360161
3.369096
3.116668
3.708942
3.238163
3.049306
3.180972
3.303914
3.237159
3.251674
3.258565
3.390278
3.112301
3.517285
3.04561
3.551034
3.125597
3.042936
3.087248
3.3271
2.99279
3.363436
3.340817
3.387814
3.301982
3.337354
3.111004
3.437529
3.421937
3.451715
3.365362
3.233376
3.236359
3.883131
3.477952
3.353979
3.300584
3.019505
3.455969
3.184725
2.965656
3.148165
3.100071
3.103947
3.513613
3.275187
3.170605
3.130077
3.505585
3.058785
3.177668
3.150317
3.218655
3.028715
3.182887
3.163565
3.003025
3.350057
3.297423
3.364008
3.243122
3.236206
3.28865
3.304959
3.221426
3.521634
3.311516
3.100226
3.386385
3.72505
3.374671
3.185146
3.284402
3.152715
3.497064
3.40335
3.580267
3.223247
3.402882
3.157928
3.306038
3.382543
3.366548
3.266934
3.424368
3.325234
3.474511
3.073622
3.160198
3.107872
3.211687
3.600472
2.928936
3.127168
3.418785
3.614002
2.934509
3.452829
2.877507
3.56813
3.285564
3.063308
3.25199
3.208716
3.302543
3.054598
3.081184
3.332946
3.101397
3.3846
2.956608
3.275395
3.377201
3.386349
3.271778
3.234534
2.986155
3.137779
3.17661
3.394112
3.101385
3.288274
3.577465
3.11185
3.055276
3.023213
3.177453
3.373162
3.253002
2.810272
2.975815
3.183964
3.119305
3.158537
3.211486
2.917437
3.026692
3.189804
3.407178
3.402265
3.371538
3.192138
3.176909
3.160585
2.878543
3.169365
3.115305
3.242789
3.078882
3.369535
3.385707
3.221323
3.405853
3.269217
3.352409
3.320633
2.983798
3.107009
3.536786
3.105169
3.320642
2.983437
3.202289
2.991268
3.179199
3.48639
3.227467
3.195288
3.397726
3.610607
3.719318
3.230663
3.44454
3.307249
3.028543
2.934073
3.311615
3.165645
3.271905
3.24333
3.238654
3.512942
3.29219
3.269137
3.044266
2.826783
3.298291
3.319243
3.32483
3.37255
3.137079
3.379683
3.089228
3.518925
3.392852
3.061713
3.692657
3.549937
3.212804
3.113373
3.510852
2.891667
3.044655
3.318106
3.461302
3.348744
3.252816
3.258225
3.022791
3.747561
3.008051
3.120929
2.923
3.272799
3.416684
3.484827
3.268882
3.212795
3.315072
3.463888
3.048293
3.157566
3.374617
3.198942
3.039716
3.203145
3.263283
3.081731
3.282176
3.547765
3.318701
3.258241
2.968308
3.19099
3.599381
3.542552
2.918879
3.295182
3.163399
3.266967
2.856605
3.297837
2.840335
2.974189
3.361119
3.48197
3.074417
2.971092
3.350357
3.031826
3.185392
3.064294
3.048749
3.363321
3.119872
3.097171
3.120734
3.383995
2.807191
3.288583
3.332005
3.425097
3.302691
2.854721
3.343431
3.421048
3.063842
3.626126
2.960728
3.040858
3.14306
3.327759
3.224032
3.337067
3.631884
3.47351
3.021486
3.257909
3.106268
3.652983
3.366144
3.079158
3.057451
3.224553
3.362011
3.741842
3.038394
3.167328
3.13826
3.200694
3.713994
3.274189
3.211458
3.125137
3.51432
3.325034
3.308864
3.619396
3.288655
2.800411
3.116558
3.232016
3.208137
3.027807
3.309229
3.246524
3.177267
3.362963
3.314114
3.055072
3.341356
3.27605
3.542208
3.602586
3.345277
3.298635
3.356998
3.118603
2.9839
3.010576
3.190358
3.130058
3.305218
3.231093
3.664992
3.20528
3.171233
3.217507
3.393482
3.355935
3.086669
3.002968
3.369195
3.37456
3.220147
3.404126
3.255253
3.290866
3.234194
2.993452
3.037629
3.170957
3.352402
3.324882
3.047057
3.482109
3.446924
3.220833
3.623082
3.542343
3.22645
3.144358
3.335134
3.044508
3.585005
3.074255
3.21586
3.122614
3.421546
3.274864
3.077282
3.481056
3.56307
3.005446
3.345997
3.166702
3.352251
3.208241
3.119414
3.617779
3.304866
3.333935
3.498776
3.349176
3.441204
3.008221
3.384561
3.230868
3.951866
3.187904
3.610794
3.111284
3.268472
3.337766
3.127929
3.147623
3.302283
3.205221
3.395927
3.382132
3.060381
3.075829
3.255727
3.212754
3.139931
3.122014
2.884958
3.096861
3.085859
3.04515
3.666887
3.35895
3.069439
3.125106
3.040671
3.238075
3.174793
3.098192
2.82401
3.21012
2.948023
3.19201
3.215318
2.969853
3.340278
3.102767
3.127941
3.469752
3.043794
2.974471
3.313301
3.18149
3.338636
3.044592
3.40956
3.016553
3.062688
3.225993
3.064874
3.119888
3.23589
3.153911
3.339559
3.167292
3.034557
3.152383
3.061134
3.50255
2.831447
3.239358
3.362106
3.592158
3.051053
3.579811
3.485886
3.232456
3.390472
3.174472
3.326293
3.667789
3.219723
3.057792
3.272269
3.247551
3.253352
3.05179
3.475344
2.916796
3.18329
3.297926
3.167923
2.932313
3.246784
3.201892
3.450705
3.360262
2.985155
3.091698
3.234074
3.621714
3.301259
3.047275
3.506673
3.022945
3.236942
3.198107
3.456784
3.152649
3.474085
3.323989
3.32025
3.351087
3.151946
3.3132
3.292332
3.449599
3.242443
2.935381
3.005289
3.165107
3.46391
3.11724
3.32962
3.167849
3.648505
3.238032
3.190949
3.388542
3.213072
3.537625
3.100962
2.97395
3.720732
3.3481
3.032334
3.026054
3.055632
3.221305
3.437677
2.961604
2.992783
3.278845
3.176887
3.149184
3.30132
2.740046
3.774967
3.187733
3.239058
3.19797
3.169304
2.815899
3.61132
3.137537
2.964022
3.234545
2.885584
3.288531
3.412978
3.279625
3.25356
3.085435
3.379543
3.169419
3.479416
2.903412
3.290868
3.522308
3.16954
3.173189
3.394638
3.225139
3.345985
3.669008
2.983588
3.151041
3.022496
3.288258
3.589602
3.098239
2.98543
3.29271
3.142085
3.085172
3.431734
3.173886
3.04713
2.964838
3.311966
3.174165
3.49306
3.334212
2.952449
3.185197
3.357489
3.230278
3.064965
3.123972
3.066921
3.610363
3.236743
3.182745
3.02223
3.160825
3.191118
3.429933
3.363478
2.971059
3.219351
3.328132
3.31052
3.085364
3.309852
2.861264
3.176005
3.042398
3.004807
3.355216
3.244341
3.442517
2.903301
2.988999
3.043918
3.231847
3.169062
3.142254
3.142464
3.025678
3.308345
3.448778
3.301524
2.994166
3.448923
3.000112
3.081593
3.145349
2.872354
2.7578
3.151155
3.262769
3.50727
3.323208
3.309469
3.261887
3.536398
3.538367
2.964753
3.286242
3.379943
3.17381
3.061326
3.160375
3.0366
3.070226
3.137163
2.693569
3.094963
3.655713
3.149759
3.258469
3.328579
3.012715
3.202011
3.636744
3.2863
3.131536
3.276316
3.385648
3.182141
3.160134
3.376108
3.275006
2.839363
3.229
2.977215
2.925497
3.001501
3.131995
3.473751
3.015651
3.055784
3.092309
3.291366
3.511992
3.233535
3.30032
3.366543
3.385896
3.230976
3.023376
3.067385
3.076713
3.123168
3.181704
3.277472
3.013296
3.619159
3.110585
2.963265
3.635022
3.491548
3.255189
3.45562
3.269165
3.156026
3.15379
3.064786
3.237767
3.205103
3.279342
3.43384
3.238975
2.923389
3.464367
2.996991
3.242793
3.28059
3.091605
3.017259
3.217049
3.149403
3.050673
3.147301
2.934631
2.997187
2.998309
3.089286
3.100877
3.507478
3.502623
3.101677
3.302331
2.997626
3.211879
3.410061
3.045207
3.223593
3.511054
3.315163
3.317871
3.021573
3.402784
3.428954
3.047989
3.212543
3.172029
3.172928
3.160962
3.504267
2.891441
3.035603
3.544654
3.322018
3.238845
3.371576
3.357182
3.445776
3.189437
3.5465
3.268145
3.441255
3.164263
3.406496
3.240611
3.312748
3.370357
3.274437
3.420391
3.549383
3.116522
3.307499
3.248105
3.524988
3.272858
3.098787
2.893938
3.167924
3.183803
3.314367
2.926534
3.428723
3.418423
3.63087
3.328417
3.633672
3.365167
3.119307
3.213373
3.116248
2.826082
3.10203
3.319993
3.336513
3.354675
3.375449
3.142405
2.890263
3.149855
3.220848
3.627884
3.419775
3.238742
3.365853
3.531959
3.309487
3.271934
3.411891
3.264481
3.297925
3.107321
3.157286
3.499455
3.561577
3.392367
3.511556
3.664482
3.294943
3.364076
3.034531
3.132666
3.060108
3.223246
3.256829
3.329704
3.226381
3.273342
2.928467
3.148789
3.411141
3.412873
3.442194
3.653491
3.390628
3.403081
3.241371
3.340169
3.563145
3.434836
3.486627
3.368681
3.143847
3.256925
2.811311
3.618711
3.300768
3.148627
3.277868
3.126363
3.159412
3.130139
3.336009
3.136946
3.136164
3.19794
3.489993
3.33098
3.445751
3.238677
3.526927
3.260655
2.943095
2.872427
3.966146
3.177947
3.40318
3.445066
3.516319
3.291151
3.2418
3.414295
3.441512
3.184699
3.643803
3.523397
3.364254
3.395823
3.310587
3.802832
3.456207
3.706966
3.304707
3.577206
3.544128
3.263941
3.083415
3.49468
3.30202
3.426794
3.356487
3.224689
3.006803
3.62867
3.600148
3.227905
3.518382
3.284631
3.28108
3.278784
3.539015
3.133992
2.993141
3.4022
3.278729
3.465868
3.114928
3.382009
3.470395
3.144886
3.259552
3.223019
3.701429
3.715732
3.265878
3.161155
3.222972
3.456617
3.441146
3.500589
3.241172
3.067123
3.142139
3.484542
3.240106
3.369305
3.279147
3.681072
3.407861
2.847055
2.954143
3.195272
3.257992
2.94371
3.084795
3.455981
3.424513
3.305785
3.194488
3.149376
3.565084
3.292928
3.488578
3.143873
3.151669
3.05374
3.296208
3.007382
3.111778
3.247148
3.48335
3.483761
3.228935
3.339286
3.289006
2.883145
3.053551
3.246976
3.349909
3.284563
3.279638
2.927232
3.25273
3.450984
2.986041
3.021943
3.129117
3.450624
3.174423
3.336056
3.151164
3.226442
3.168724
3.183776
2.874683
3.144436
3.183985
3.557683
3.226848
3.262673
3.011449
3.443321
3.26932
3.123463
2.851794
3.258325
3.244867
3.370164
3.432503
3.347873
3.361104
3.374959
3.22579
3.070951
3.319108
3.476331
2.972573
3.383572
3.19939
3.039891
3.164808
3.198303
3.423925
3.271284
3.20631
3.230303
3.06315
3.214054
3.096383
3.443562
3.026576
2.96257
3.417827
2.973313
3.39608
3.174089
3.05554
2.952619
3.134468
3.250366
3.294842
2.863298
3.100313
3.158757
3.082617
3.354069
3.706895
3.107147
3.066006
3.342895
3.382139
3.336178
3.209739
3.54882
3.058524
3.209142
3.928446
3.527567
3.204061
3.127553
2.881688
3.503397
3.246372
3.240318
3.330449
3.004585
3.205407
3.406265
3.630789
3.424193
3.316254
3.175572
3.096574
3.067541
3.150061
3.340885
3.155278
3.13381
3.243392
2.813891
3.053034
3.379006
2.961685
3.478915
3.366887
3.521406
3.614425
3.227914
3.132867
3.024063
3.195878
3.314823
3.581907
3.173302
3.571595
4.014736
3.496515
3.176287
3.425518
3.436979
3.260466
2.980471
3.353694
3.418831
3.031894
3.234944
3.245197
3.262398
3.263652
3.097749
3.095355
3.518846
3.20494
3.463454
3.30348
3.201438
3.430548
3.299888
3.138634
3.426916
3.29521
3.46173
3.108893
3.207251
3.473897
3.224577
3.213921
3.335777
3.05414
3.315541
3.401492
3.453224
3.305928
3.285585
3.046155
3.407175
3.159767
2.891677
3.37055
3.158383
3.334123
3.101787
3.577079
3.510277
3.131942
3.347578
3.615531
3.223403
3.328848
3.218032
3.290379
2.900862
3.148977
3.22141
3.035663
3.140498
2.942217
3.426905
3.220437
3.21187
3.10782
3.067682
3.315261
3.122827
3.191166
3.347446
3.149064
3.239239
3.438223
3.379295
3.345029
3.256579
3.111992
3.144954
3.317641
3.464045
3.246598
3.284562
3.456091
3.078838
3.349135
3.421228
3.217511
3.087364
3.149464
3.581364
3.268465
3.522373
3.093667
3.237496
3.378212
2.930118
3.478585
3.596385
2.994673
3.301837
3.51298
3.366341
3.164426
3.035458
3.269893
3.178369
3.350094
3.184693
3.255731
3.079157
3.493636
3.228851
3.180832
3.538068
2.837895
3.574159
3.47805
3.063612
3.010265
3.656804
3.306755
3.395236
3.44349
3.709709
3.145423
3.066028
3.018749
3.510346
3.642369
3.408177
3.493327
3.357458
3.13244
3.484624
3.399118
3.899764
3.535894
3.455268
3.217386
3.260021
3.649943
3.123385
3.554523
3.563012
3.313327
3.580425
3.385863
3.426879
2.960443
3.321682
3.479507
3.291592
3.544948
3.143987
3.050445
3.365864
3.354353
3.24026
3.219867
3.293847
3.283783
3.231293
3.367797
3.404574
2.987488
3.223119
3.17045
2.800055
3.1679
3.339933
3.163157
3.030063
3.318365
3.350977
3.44452
3.252844
3.278779
3.37935
3.190671
3.340383
3.507868
3.139622
3.10921
3.111767
3.46585
3.565025
2.919529
3.074556
3.113249
2.849875
3.285939
3.081681
3.469043
3.610524
3.031679
3.254807
3.262704
3.223827
3.153684
3.31623
3.201791
3.393141
3.205402
3.306883
3.684003
3.188927
3.311767
3.04684
3.316864
3.146326
3.335574
3.319544
3.250746
3.313119
3.333411
3.241165
3.385932
3.572572
3.320554
3.672981
3.54186
3.351035
3.103702
2.898517
3.406571
3.25706
3.327178
3.229627
3.527059
3.478004
3.269654
3.259556
3.717468
3.718063
3.457991
3.376632
3.152317
3.212708
3.230795
3.262579
3.406734
3.366342
3.339803
3.030128
3.613276
3.135998
3.403448
3.646742
3.371351
3.447101
3.172296
3.412795
3.066188
3.166205
3.185947
3.311506
3.174119
3.434667
3.288778
3.596513
3.395704
3.335332
3.584821
3.199316
3.491802
3.187381
3.22704
3.055576
3.260341
2.986171
3.248515
3.484093
3.160003
3.550926
3.25187
3.139139
3.20123
2.955685
3.120374
3.143023
3.317125
3.582294
3.391018
3.350591
3.00655
3.267891
3.059952
3.035526
3.336934
3.21952
4.056998
3.429303
3.248998
3.527926
3.286175
3.184897
3.292581
3.240026
3.152989
3.207113
3.323719
3.072959
3.377254
3.227684
3.324937
3.009529
3.348758
2.947814
3.157994
3.558913
3.379054
3.298368
3.212303
3.378971
3.242625
2.983295
3.168016
3.353769
3.59554
3.026462
3.362265
3.064822
3.434634
3.214215
3.20031
3.051821
3.351993
3.152438
3.139845
3.283596
3.337986
3.338453
3.354846
3.312909
3.233214
3.410699
3.392179
3.315461
2.791063
3.461032
2.979709
3.345078
3.307824
3.115576
3.127775
3.174922
3.504823
3.287055
3.180415
3.041398
3.307739
3.552088
3.587404
3.30909
3.124207
3.155015
3.216866
3.247723
3.131103
2.985964
3.218954
3.26227
3.111899
3.071849
3.313025
3.058285
3.374052
3.288247
3.449483
3.317975
3.490451
3.137985
3.419722
3.130584
3.377147
3.663344
2.986352
3.868346
3.074119
3.525309
3.385809
3.398885
3.303231
3.587401
3.157194
3.424528
2.983897
3.138558
3.312069
3.416334
3.696813
3.329767
3.5962
3.310267
3.260375
3.520026
3.274657
3.692433
3.214415
3.491974
3.096393
3.47574
3.237111
3.222181
3.18877
3.26126
3.128919
3.449123
3.05775
3.514049
3.470595
3.360416
3.024551
3.290846
2.901537
3.536105
3.045637
3.081478
3.490035
3.050495
3.40986
3.210237
3.488787
3.2295
3.436201
3.342362
3.054234
3.257187
3.439485
3.368156
3.33407
3.42302
3.348443
3.477606
3.166419
3.576023
3.119131
2.997434
3.327275
2.883608
3.406721
3.216079
3.202753
3.181635
3.423917
2.869477
3.059411
3.229097
3.2764
3.298216
3.838926
3.189037
3.334543
3.180226
3.25815
3.114527
2.97061
2.973316
3.685947
3.078843
3.089442
3.094474
3.222744
3.011789
3.096947
3.068554
3.426064
3.477093
3.085494
3.206451
3.556615
3.323728
3.235747
3.41876
3.460882
3.230554
3.428952
3.108529
2.893818
3.112502
3.121161
3.046069
3.234574
3.26567
3.089266
2.89004
3.36533
3.361466
3.196447
3.181679
3.330662
3.395705
3.365923
3.420965
3.38018
3.48647
2.944203
3.677791
3.11234
