8.786758
9.056095
8.899958
8.480508
8.616332
8.592109
9.345383
10.01963
10.64404
11.094
10.91355
10.56545
10.3786
9.608974
9.560721
8.94813
8.500616
8.11276
7.831595
7.345951
7.638226
7.734566
7.561203
7.382858
7.388091
7.436149
7.054004
7.44814
8.510701
8.824702
8.83348
10.01673
10.83469
11.43781
11.38192
11.69107
12.30312
12.68508
12.63096
12.91341
12.78974
12.90728
12.58756
12.28142
12.61585
12.28934
12.05308
12.15442
11.15053
10.19919
10.72707
10.41368
9.905615
9.971647
9.341834
8.871489
9.500767
9.746777
9.16224
8.423713
8.040395
7.733524
7.982365
7.857134
7.307488
6.969825
6.797835
7.118962
6.686334
6.40896
6.400227
5.790862
5.05228
4.651561
4.4013
4.096584
4.08121
3.737827
4.101572
4.575998
4.672507
4.212744
3.956481
3.908433
3.383588
4.2393
4.643792
4.842668
4.891889
4.444095
4.489691
4.356469
4.31639
3.735155
3.744432
3.955368
4.082247
4.518501
4.884578
5.74957
6.376509
6.401775
6.861428
7.504051
7.833338
7.845721
7.850647
7.882065
7.902384
8.70267
8.883554
8.914892
9.013743
8.976958
9.532761
9.84241
9.807582
9.751743
10.37245
10.63537
10.19689
10.57083
10.8354
11.0626
11.94408
11.24705
11.56882
11.27615
11.56303
11.33312
11.08642
11.05305
10.34753
10.12797
10.58222
10.3481
9.700007
8.514073
8.521605
9.453465
9.450694
9.593452
9.79453
8.943616
8.337659
8.104518
8.694795
9.002544
9.335778
10.0956
10.3894
10.09517
9.91713
10.17053
9.656107
9.466159
9.455883
9.170855
9.245676
8.476867
8.521204
8.596371
8.75183
8.284622
9.086554
8.557751
9.087443
9.493331
9.08415
9.309524
9.219247
9.615318
10.09159
10.3068
9.528201
8.768409
8.548902
9.060955
9.321305
9.521545
10.02211
9.956279
9.94741
10.46971
10.853
10.37293
9.971583
10.24911
10.54179
11.02339
12.46287
12.89075
13.01534
13.64577
13.85139
14.65747
14.53803
13.96955
12.97225
12.94962
12.77796
12.75793
12.94983
13.48404
12.91452
12.96061
13.12104
12.55067
12.69537
12.38088
12.20476
12.5635
12.2768
11.66566
12.21944
11.94939
11.96996
11.02627
10.90779
10.72538
10.57136
10.7758
10.38212
10.25944
10.56168
10.10807
9.935216
9.640573
9.477411
9.562219
9.506414
9.587419
9.131397
8.972551
8.67346
9.117897
9.061016
9.462262
10.51254
10.06364
11.29964
11.65096
11.89735
11.8844
11.5605
10.9681
10.93681
10.50631
10.8779
11.3849
11.54136
11.11887
10.34015
10.31218
10.34277
10.32545
10.17983
10.10942
9.734195
9.172099
8.714171
8.562331
8.389251
9.546039
9.266551
9.671503
9.006367
8.418951
8.382393
8.040884
8.356183
8.284747
8.433818
8.953861
10.03825
9.30664
8.939597
9.669918
9.195167
8.499173
9.217589
9.212361
9.266178
9.209029
9.443488
10.0302
10.26057
9.65876
8.901666
9.231078
9.097525
9.157724
8.799403
9.212099
9.727614
10.15367
10.41356
10.07848
9.74521
9.778575
9.574309
8.307617
7.895477
7.98957
8.089512
8.37018
8.478101
7.680674
7.521357
6.844072
6.844676
6.744464
7.265095
7.929214
7.840447
8.164583
9.074801
9.628828
9.106208
9.026382
9.25396
9.892304
10.24259
10.01301
9.586063
9.536862
9.478001
9.587784
9.958358
10.53731
10.64822
10.64625
10.63624
10.3667
10.67199
9.599201
8.870642
8.607529
8.143077
8.482807
8.757991
8.775076
8.042161
7.84985
8.483153
8.812555
8.294017
8.228697
8.022755
8.108889
7.911699
8.333502
7.626216
8.145913
8.408115
8.566876
9.213094
9.177251
9.636286
8.895789
7.670798
7.203753
7.20465
7.273031
8.049136
8.863072
9.172496
9.208633
8.810212
8.018549
7.878589
8.743579
8.639059
8.951623
9.341191
8.465991
8.976991
10.01587
11.36421
11.07509
11.56883
11.50874
11.28478
10.97928
10.84274
10.66979
10.82447
11.49469
10.83771
11.24189
10.0908
9.120542
8.586528
7.867991
7.880086
7.96696
8.169582
8.455481
8.462196
8.880783
8.503768
8.375964
8.180728
7.521794
7.563875
7.295259
7.22732
6.970308
7.530747
7.369488
6.804172
6.570334
6.397827
6.673151
6.93978
6.294901
6.763612
6.731668
6.956428
6.397016
6.834475
6.238766
5.699819
5.8241
5.650076
5.730904
5.800237
6.095212
6.237224
6.741899
5.99783
5.951718
6.010294
5.829532
5.996084
5.175583
4.808445
4.391623
4.03747
4.372055
4.866677
4.814372
5.089603
5.520938
4.872781
4.341079
5.271261
5.260403
5.412742
5.179055
4.944205
4.76943
5.105397
4.789246
5.463243
5.165562
5.237185
4.960512
4.573097
4.850205
5.18829
5.119889
5.681109
5.792084
5.107034
4.421333
4.321007
4.828132
5.155055
5.762386
5.573876
6.571136
6.427583
7.183434
7.582692
7.220419
6.768715
6.797673
6.426086
6.647808
7.504414
6.810376
7.08471
7.901832
7.718351
8.464632
7.790696
7.671131
7.311871
6.341903
5.92332
6.354744
6.559686
6.593201
6.725446
7.055275
8.136584
8.2225
7.830215
7.860883
8.453542
8.743436
9.072595
8.168918
7.729186
8.044424
7.654739
7.563986
7.043793
6.924017
6.942991
6.959204
6.207973
6.121597
5.269067
5.163829
4.859371
4.5286
4.397072
3.381965
2.736792
3.340489
2.898901
2.474176
2.768021
2.702056
2.744336
2.533622
2.673226
2.06372
1.736848
0.326663
-0.3143798
-0.6841985
-0.6800198
-0.4914938
-0.28255
0.01955712
-0.04224137
0.3326647
0.4079833
0.4395886
0.3273603
0.3007789
0.8301034
1.639056
2.017498
1.864055
2.011861
1.498297
1.444672
1.748983
1.963499
1.727229
1.964854
1.782979
1.294782
1.796092
1.847096
1.751118
2.168091
1.08066
1.265471
1.1384
1.291348
1.090214
0.9018954
0.8317799
0.7016683
0.6241407
1.070455
1.264614
1.538473
1.887555
1.108616
1.400578
0.6008309
0.4319371
0.1350968
0.3250798
0.9970912
0.6894359
0.8981027
1.889726
1.718947
2.104661
1.750435
1.829859
1.30897
1.515445
1.389795
2.20177
1.406596
2.077097
2.180972
1.889444
1.753424
1.732939
1.980401
1.010937
0.8771251
0.9642928
0.7023637
0.7929541
0.850477
0.9470317
0.6655308
1.218389
1.242278
1.244101
1.276898
1.362946
0.1711284
0.3244956
0.8844346
1.019622
0.7660469
0.8966688
1.128516
0.9954058
0.9291294
1.274366
1.433774
1.403175
0.8125287
0.3938079
0.1671979
-0.3302577
-0.8752641
-1.807054
-1.869008
-2.193274
-2.149041
-2.718237
-2.429831
-2.369208
-2.333314
-2.507466
-2.718469
-2.383879
-1.896806
-3.298926
-2.7522
-2.858787
-2.753162
-2.987364
-2.776425
-2.766252
-2.639028
-2.613353
-2.731996
-2.689216
-3.061512
-2.794864
-3.246723
-4.402725
-4.678197
-4.604233
-4.799113
-4.926857
-4.462698
-4.875625
-5.194875
-5.923588
-5.811149
-5.304141
-5.399883
-4.540444
-4.517013
-4.78514
-4.56355
-5.046981
-5.265329
-5.393446
-6.046811
-6.390365
-6.712651
-6.390157
-6.272329
-6.710605
-6.272438
-5.933853
-6.362135
-6.550383
-6.361831
-6.063686
-5.439769
-5.41457
-5.45834
-6.14566
-6.721771
-7.321581
-7.771257
-8.21195
-7.636995
-7.738282
-7.52581
-7.683969
-7.962122
-8.529191
-7.955871
-8.270454
-8.766799
-8.259797
-8.445145
-9.22528
-9.48533
-10.17939
-10.1661
-9.460017
-9.089856
-9.49214
-8.929548
-8.934252
-9.80272
-9.441169
-8.749911
-8.337889
-8.350625
-9.41329
-9.452693
-9.759057
-10.13185
-10.99508
-10.93249
-11.18414
-11.29051
-11.24486
-11.68106
-11.28153
-10.63164
-10.44744
-11.04232
-12.00383
-12.06785
-13.02322
-13.05079
-12.41112
-12.22557
-10.68522
-11.08797
-10.89421
-10.8057
-11.17966
-11.30083
-11.74136
-11.19672
-11.52982
-10.93391
-10.66492
-10.48375
-10.83153
-11.0364
-11.2136
-11.01689
-10.63707
-9.514748
-9.971498
-9.786222
-9.990925
-10.0457
-10.1258
-9.450127
-9.007647
-9.180377
-9.595038
-9.759246
-9.10195
-9.210791
-8.646847
-8.591948
-8.443263
-7.860532
-8.122287
-7.477511
-7.15612
-6.565444
-7.228456
-7.345245
-7.523892
-7.581723
-7.875233
-8.537791
-8.857265
-8.529498
-8.611884
-8.909912
-8.653237
-8.915514
-8.896091
-7.941187
-7.727503
-6.50306
-5.855075
-6.592466
-6.595972
-6.823233
-6.509254
-6.316673
-6.133056
-5.932187
-5.999236
-5.907591
-5.760572
-5.840455
-5.972891
-5.71114
-5.795071
-5.716411
-6.120522
-5.719737
-5.613185
-5.981906
-5.833993
-5.71274
-5.118929
-5.256802
-5.458717
-5.730745
-6.19022
-6.111067
-6.873926
-6.739724
-7.288919
-7.260085
-7.158348
-6.872167
-6.656604
-6.348988
-7.267667
-7.202412
-7.286075
-7.269152
-6.462895
-6.674155
-7.112277
-6.799561
-5.552892
-5.82172
-6.166479
-6.546059
-6.459486
-6.81072
-5.905326
-5.594799
-5.448903
-5.971543
-5.322223
-5.291347
-5.192451
-4.325596
-5.317942
-5.104612
-5.661827
-5.141316
-5.056535
-4.313959
-4.312472
-3.550734
-3.304965
-3.290138
-3.126214
-2.94791
-3.050657
-3.096211
-3.759753
-3.461379
-3.346517
-3.675168
-4.22569
-4.085185
-4.271179
-3.998829
-4.228835
-4.821212
-5.563377
-6.421543
-7.093309
-7.375446
-7.606725
-6.624612
-5.703595
-5.816344
-5.322105
-4.790754
-4.33244
-4.926151
-4.939486
-4.250257
-4.563146
-4.513009
-4.67242
-5.054876
-4.980275
-5.296735
-5.150463
-4.356684
-4.232543
-5.11705
-5.755462
-5.70406
-5.659084
-5.813219
-5.958668
-6.370875
-5.864072
-5.725315
-5.602994
-5.438297
-5.995015
-6.118516
-6.344187
-6.127331
-6.138622
-5.284573
-4.437357
-4.358012
-4.662782
-4.388504
-4.463653
-4.844487
-4.030671
-4.603447
-4.233781
-4.511741
-3.8011
-4.34799
-4.010813
-2.94827
-2.951488
-2.67906
-3.099034
-3.639674
-4.317472
-4.229619
-4.159091
-4.754366
-4.610985
-4.50358
-4.255705
-4.159889
-3.894361
-2.87226
-2.017813
-2.284869
-3.437955
-2.768767
-3.176889
-2.520489
-2.546159
-1.967707
-2.114385
-1.987996
-1.769276
-2.210659
-1.992315
-1.736194
-2.493613
-2.521776
-2.045068
-2.311655
-3.090189
-3.479098
-3.346137
-3.64395
-4.094418
-4.217909
-3.795353
-2.771829
-3.112397
-2.252731
-2.786495
-2.759193
-2.528901
-2.054244
-2.259492
-2.461987
-2.788798
-3.08326
-3.553306
-3.526759
-3.032244
-2.474958
-1.763508
-1.785941
-1.347158
-1.762896
-1.962385
-2.323485
-2.159268
-2.344478
-2.647788
-3.370759
-4.37553
-4.328554
-4.306433
-3.740231
-3.685979
-3.675983
-3.63932
-3.94843
-4.624073
-5.708859
-6.026301
-5.882847
-5.755747
-5.827402
-5.707599
-4.645189
-4.139027
-3.516562
-4.127051
-4.667484
-4.602565
-4.151324
-4.095816
-4.026424
-3.988923
-4.403113
-4.695894
-5.102496
-4.63745
-4.735621
-5.201357
-5.386444
-6.133014
-6.490096
-6.587625
-6.213556
-6.630625
-7.104052
-7.549111
-7.105477
-7.849816
-7.662722
-6.897108
-6.942006
-5.922165
-5.915976
-5.606858
-5.724735
-5.407688
-5.365004
-5.677227
-5.367219
-5.250526
-4.966205
-5.476059
-5.314438
-4.613266
-3.173842
-3.157306
-3.219388
-2.878187
-2.651969
-2.619558
-3.111792
-2.720478
-2.72646
-2.691908
-1.850916
-1.144977
-1.319765
-1.171912
-1.174847
-0.3062192
-0.80323
-1.374705
-0.917083
-1.089415
-0.6956276
-1.185313
-1.593754
-1.411439
-1.625525
-1.651836
-1.439647
-0.7105199
-0.6686437
-1.360778
-1.648062
-2.037653
-1.795775
-1.713036
-2.434589
-2.475079
-3.07714
-2.782553
-2.570433
-2.429463
-2.094057
-2.510408
-2.646312
-2.423504
-2.580958
-2.057385
-2.270624
-2.031004
-1.438479
-0.6228365
-0.2985789
0.3537304
0.04280682
-0.8927023
-0.7724486
-0.966125
-1.479217
-0.9460714
-1.207915
-1.326118
-1.784724
-1.446453
-1.239143
-1.973825
-2.117056
-2.051186
-2.652771
-1.653351
-1.681278
-2.412153
-2.48887
-2.241742
-2.214034
-2.070789
-2.066249
-1.543876
-1.315107
-1.09154
-0.9159281
-0.9903614
-0.7556797
-0.9960202
-0.6358117
-0.2391078
-0.783997
-0.4747978
-0.436179
-0.6698152
-1.422137
-1.486662
-2.375174
-2.34264
-2.630679
-2.359737
-2.496813
-2.72124
-3.22874
-2.608394
-2.772769
-2.608362
-2.166186
-1.652488
-1.600128
-1.902875
-2.11825
-2.537449
-1.993188
-1.976604
-2.070675
-2.639188
-2.579823
-3.054854
-2.532843
-2.364874
-1.8761
-1.916377
-2.518953
-2.205731
-2.13265
-1.813508
-2.185774
-2.386122
-2.142233
-1.893964
-2.199654
-1.966472
-2.41351
-2.033381
-1.981207
-2.704371
-3.018769
-2.531841
-3.329835
-3.162052
-3.482965
-3.985697
-3.820906
-3.550851
-3.084701
-3.248688
-2.837076
-3.156246
-2.827056
-2.701435
-1.831477
-1.684547
-1.527492
-1.642048
-1.494124
-1.008766
-0.9047153
-0.774214
-1.163148
-0.9303795
-0.8894086
-0.1714255
-0.04609312
-0.8693313
-1.817795
-2.425052
-2.343411
-2.233201
-1.807881
-1.407382
-1.088012
-1.091953
-1.084972
-0.5777134
-0.1436923
-0.0513797
-0.5273166
-0.9909239
-1.232019
-1.169365
-0.952464
-0.9753168
-1.14483
-1.439548
-1.627396
-1.198305
-1.657448
-2.657236
-3.139619
-3.818227
-3.699235
-4.47018
-4.692924
-4.642018
-4.698024
-4.897674
-4.891574
-4.948468
-5.199441
-5.799591
-5.450086
-5.395845
-5.173015
-4.642712
-4.958972
-5.050967
-5.444456
-5.569563
-5.405899
-5.480028
-5.159547
-5.953346
-5.697113
-7.173315
-7.35283
-7.102824
-6.981967
-6.147809
-5.456855
-4.586709
-4.099258
-4.273496
-4.345489
-4.325514
-4.443609
-4.796822
-5.650486
-5.523109
-5.409585
-5.844626
-6.327314
-6.804072
-7.274125
-6.964564
-6.551224
-6.807209
-6.569486
-6.807552
-6.854648
-7.353752
-6.391726
-5.435029
-4.999702
-5.096928
-4.598059
-4.619407
-5.302424
-5.078734
-4.819134
-5.005807
-4.571144
-5.312416
-4.966768
-5.406823
-5.468938
-5.659408
-5.626068
-5.865881
-6.597903
-5.495547
-5.265008
-5.20762
-4.939583
-4.692386
-5.162828
-4.923926
-4.411308
-4.886297
-5.662397
-5.721998
-6.295495
-5.593301
-5.764353
-5.538637
-5.682654
-5.286764
-4.895236
-4.710064
-4.654734
-4.631234
-3.605457
-3.434086
-2.738222
-2.701571
-1.707028
-1.152038
-1.686716
-0.9000181
-1.101249
-1.323696
-1.361248
-1.145682
-1.306423
-1.062081
-0.5668849
-1.504163
-1.876899
-0.5164579
-0.6426307
-0.2406961
-0.9757805
-0.8289427
-0.6342408
-0.7117913
-0.2683548
0.1476999
0.2783107
1.078504
1.568138
1.624767
1.344077
1.542547
1.729521
1.845147
2.013108
1.834824
2.081286
2.007766
2.229391
2.657699
2.443502
2.702787
3.09892
2.564143
2.948231
2.857149
2.203497
1.966296
2.390116
2.787639
2.113427
2.088785
1.842119
1.716919
1.579681
1.793737
1.311668
0.4517022
0.07086943
-0.1283031
-0.1106016
0.3912057
0.581549
1.127596
1.284744
0.6246799
0.4220354
0.2407958
-0.1671002
-0.2429808
-0.8218832
-0.1246016
0.333441
0.4859393
0.2247968
0.08270962
-0.2845819
-0.1433969
-0.5428579
-0.3931199
-0.9355861
-0.856243
-0.8247207
-0.7678962
-0.3897715
-0.3948645
-0.6190914
-0.6978077
-0.6113952
-0.6308107
-1.038066
-1.135526
-1.208671
-0.1628619
0.1945279
-0.3561725
-0.2523427
-0.2179271
0.1377388
0.01111252
-0.8007265
-0.7142875
-1.112252
-0.797396
-0.9642981
-1.589293
-1.339726
-0.6564421
-0.4094687
-0.6995814
-0.90099
-0.5261258
-1.335488
-1.782526
-1.491956
-1.4428
-1.211549
0.1198341
0.7926172
0.7340758
0.3342363
0.0790982
-0.7040739
-0.4420772
-0.2557478
-0.2629276
0.009935875
-0.3359799
0.08305127
0.08087443
0.1063723
0.1848532
0.280928
0.471674
0.7167523
0.9509153
0.4979478
1.269546
1.226679
1.088133
1.36909
1.558822
1.998284
2.674924
2.672946
2.271694
2.550308
2.662485
2.717016
2.699562
2.338388
2.399007
2.258192
1.371146
1.501374
1.800357
1.387121
0.857406
0.7044296
0.2333452
-0.04611835
0.6347053
1.304597
2.109828
2.121666
2.250055
1.975447
2.292955
2.443103
3.046867
2.8326
2.959847
2.720224
2.854506
3.099834
3.268045
3.075779
3.45077
3.668583
3.900096
3.840553
4.533919
4.761733
4.767551
3.746032
3.269414
2.850608
2.944402
3.656249
3.899825
3.614531
4.080919
4.800438
5.391742
5.203811
6.169409
6.147236
5.623114
5.424895
5.558676
5.687846
5.885675
5.444212
6.020952
5.371434
6.178052
6.427296
6.949599
7.400166
8.043623
8.155802
7.832003
8.23308
7.983843
7.727842
7.682547
7.591036
8.236093
8.337969
8.365146
8.200057
8.569926
9.03543
8.81233
8.992265
8.454543
7.751375
7.760833
8.665028
9.282847
9.19193
9.258482
9.657301
9.239043
9.45258
9.493702
9.78797
10.13491
10.51226
10.51455
10.091
9.720497
9.675178
9.2682
8.813263
8.169614
8.233644
8.216978
7.870641
8.147391
7.998807
7.996921
7.939265
7.546003
7.583043
7.32128
7.850592
8.073397
8.431966
8.497477
8.333025
8.803105
9.282928
8.855134
8.684078
8.483124
8.482167
8.478266
8.318715
8.591853
8.710186
7.924829
8.216145
8.149091
7.507681
6.506648
6.083207
6.389353
5.742596
5.554985
5.831446
5.915054
6.691699
7.203179
7.713793
7.984162
7.237962
7.209619
7.143103
7.590293
7.869802
8.084508
8.521366
8.62474
9.297554
9.133277
9.118226
9.359515
9.212617
9.488236
9.568754
9.517926
9.224579
9.043161
8.77661
8.421812
8.782372
8.574795
8.801296
8.35949
8.077919
7.332357
7.225134
6.743554
6.29415
6.04114
6.478827
6.562543
6.055385
6.201676
6.542679
7.202019
7.321886
7.197233
5.863943
5.905563
6.440144
6.299539
6.534156
7.478336
6.546539
6.548394
6.581431
6.690557
7.492814
8.195248
8.550153
8.508719
8.748399
8.94434
9.639812
9.831022
9.708017
10.19649
9.773462
9.280686
9.464382
8.966584
8.463568
8.775626
9.089293
8.543653
8.408798
8.688262
7.962028
8.026884
7.525419
8.044391
7.990261
7.48773
6.813609
6.053163
5.688221
5.390152
5.33208
4.759048
5.391714
4.786144
4.273785
4.694295
4.69461
4.064723
3.950432
3.862497
3.136713
2.327323
3.043858
3.338613
2.97565
2.570573
2.68233
3.006383
3.198108
3.284847
3.148818
3.33481
3.769161
2.955199
2.054667
2.171226
1.558107
1.674992
0.4239082
0.2209462
0.406954
0.6106499
1.04389
1.129791
1.864322
0.9681936
0.6834607
0.5831748
-0.3840804
-0.03197371
-0.4214854
-0.5614105
-0.773932
-0.9336938
-0.5396685
-0.5445767
0.4282288
1.57895
1.660274
1.498239
1.251659
0.4943889
0.4350882
0.7482323
1.031695
0.7140456
0.7512162
0.3038305
-0.3186544
-0.5140636
-0.3134428
-1.112957
-1.608223
-1.547649
-1.583916
-0.7719763
-0.3841931
-1.229293
-1.366252
-1.970798
-1.986539
-1.038729
-0.1505657
-0.5093801
0.1852883
0.8837303
0.8550327
0.4010646
1.201773
1.816961
1.48075
2.074999
2.371118
1.947173
2.196659
2.080829
2.341897
2.178352
2.124278
2.430159
2.910684
2.568504
2.101607
1.372735
1.529024
0.8277871
0.5699491
0.07800657
0.1555638
0.07637917
-0.2726969
-0.4171671
-0.0889768
-0.6375005
-0.6790851
-0.9420852
-0.9916335
-0.850669
-0.5741449
-0.2498386
0.7713627
0.8606926
0.1742591
0.5135068
0.8128491
0.9864064
1.559113
1.438288
1.073118
1.380002
0.7309079
0.6154059
0.9986029
1.330337
0.8528738
0.3127784
-0.3492969
-0.925781
-0.6066375
-1.019866
-0.9152764
-0.9224173
-0.4696214
-0.1964662
-0.536467
0.7446839
0.7050931
0.1144481
0.5867495
0.05839879
0.4567273
0.5647854
1.185025
-0.01249304
-0.06398138
-0.1651992
-0.3039445
-0.3616769
-0.6115002
-0.3915783
0.00712515
0.5825622
0.2011762
-0.7473574
-0.5391811
-0.1109603
0.4992902
0.4712588
0.8628085
0.5080907
0.5122452
0.7338436
0.4676206
0.6329676
1.401466
2.115203
1.65317
2.258628
2.761675
3.124016
3.674536
3.695566
3.425569
3.527211
3.96053
4.02293
4.319783
3.948866
3.685223
3.308422
3.217414
3.098635
3.698181
3.357884
4.301838
4.262556
4.280514
4.128449
3.612894
3.500197
3.511571
3.633834
4.098727
3.848189
3.715264
3.03437
3.156876
2.954129
2.8262
2.806668
3.586745
3.438443
4.23638
4.833874
5.03961
4.333074
4.104696
4.512462
4.018164
4.117482
4.081706
4.337504
4.715294
4.184006
4.403001
4.287845
4.297334
3.954694
3.668062
2.586163
3.630118
4.069508
4.371742
3.708389
3.690611
3.103016
3.343705
3.3314
3.539014
2.676807
2.130919
2.128917
1.814347
2.490402
2.399823
1.917204
1.681971
2.265925
2.11022
2.116989
1.918407
1.849576
2.269171
2.945851
3.092722
3.535333
4.226943
4.075719
4.887591
5.264756
5.785736
4.92353
5.387734
5.315093
4.558367
3.958204
4.97239
4.026915
4.24563
4.366012
3.840939
3.698187
3.879345
3.753748
3.797288
3.859162
4.038591
4.803392
4.993877
4.482673
4.372085
4.002094
4.014187
4.251482
4.472813
4.264906
4.095733
3.28304
3.797012
3.113701
2.995678
1.884927
1.980903
2.125439
2.246832
2.454452
2.420487
2.65145
2.141195
2.563416
3.56357
3.843671
4.504856
5.219121
4.692061
5.111182
4.900374
5.104055
5.486579
5.49559
5.030193
5.230656
5.891686
5.549946
5.618831
5.836366
5.909011
5.615075
5.862561
5.665769
5.829828
5.122475
5.301882
5.119626
5.10808
5.216175
5.411181
5.609221
5.774993
5.468186
5.210801
5.185726
4.870807
5.290247
5.363054
5.15775
4.75401
4.723392
4.627525
4.372366
4.278357
4.976975
5.267695
5.547339
6.322784
7.304463
7.743611
7.546205
7.659947
7.081718
6.575514
6.715958
6.81593
7.064716
7.57961
7.600906
7.613856
7.579111
7.276233
7.201248
7.179799
7.156188
7.348748
7.285812
7.726908
7.311184
7.223457
7.715961
7.357923
7.899141
7.651275
7.693908
7.717655
7.974781
8.118284
8.282382
7.442507
7.078486
7.408152
6.781159
6.625348
6.350006
7.347463
6.438416
6.467684
5.746282
4.958105
6.062589
6.611375
7.024241
7.054123
7.193996
6.974115
6.818379
6.222849
5.75771
4.89231
4.580902
4.492498
4.447228
4.476981
4.870263
5.012689
4.963026
5.773733
5.902287
6.070086
6.328668
7.121373
7.27435
6.929726
6.765412
6.283251
5.768747
5.234001
5.07919
4.559825
4.764979
4.491762
5.053154
5.853336
6.128651
5.470029
4.719472
4.90403
4.26279
4.001282
3.530425
3.676152
3.389499
2.966373
3.387652
3.878649
3.961899
3.66672
3.911296
3.693964
4.048443
4.238539
5.093969
5.436201
5.96251
6.013708
5.707889
4.91646
4.580609
4.451637
4.016814
4.513573
5.338115
5.924871
5.841602
6.197705
6.561609
6.766743
7.132953
7.190366
6.959902
7.02519
7.176095
6.390193
6.062855
6.323307
6.347769
6.578472
7.159438
7.208799
7.040891
8.054943
8.187592
7.754103
8.576478
8.40556
8.481504
8.629494
8.533633
8.694371
9.083417
9.645052
9.878623
9.824306
9.243746
10.05344
10.55537
10.3731
9.921221
10.1349
9.529401
9.244779
8.910358
9.072041
8.524447
7.629876
7.020552
6.290151
6.279501
6.592606
6.798479
6.096808
6.732438
6.319106
6.911426
7.423136
7.487881
7.484494
7.656792
8.301297
8.221043
7.401593
6.924544
7.212689
6.877269
6.276285
6.394658
6.117584
6.607557
5.718016
5.192412
5.18022
5.151144
4.862178
5.301087
5.14674
5.722052
5.321221
5.417186
5.276026
6.156495
6.328784
6.019232
5.409221
5.377421
4.98646
4.918323
4.125425
3.87576
3.871068
2.691955
2.658004
2.030532
1.067597
1.683009
2.254867
2.511545
2.829987
2.01106
1.60926
1.623993
1.797038
2.058718
2.450867
2.443124
1.84227
1.250628
0.5955472
1.034028
0.741387
1.34566
0.7472202
0.9229835
1.398002
1.066717
1.078253
1.162957
1.44795
2.09414
2.199948
2.687734
2.770871
2.312468
2.199217
2.051799
1.859418
2.320301
1.492428
1.878682
1.105297
0.5808177
0.3654842
-0.05155586
-0.3487482
-0.2011399
-1.545664
-1.329068
-1.071812
-0.2355845
-0.6774298
0.2526939
0.3110554
0.394851
1.241278
1.490377
1.566751
1.385933
1.395274
1.88981
1.219861
0.7470575
0.7556424
0.6244956
0.3983207
0.3351858
0.5584328
0.04053456
-0.5600283
-1.210593
-1.473148
-1.278191
-1.695318
-1.771503
-3.019306
-2.885064
-2.320759
-2.114637
-2.574359
-3.183512
-3.490475
-3.77366
-4.180142
-3.699567
-3.274536
-3.516227
-3.351365
-4.950782
-4.858367
-5.119772
-4.788484
-4.595677
-4.703637
-5.045183
-5.097573
-5.339344
-5.771987
-6.41029
-6.091803
-5.295958
-6.103057
-6.397825
-6.778496
-6.434444
-6.26552
-5.899777
-5.689914
-5.089461
-5.159863
-4.98872
-4.714737
-5.738497
-5.363011
-6.387037
-6.370399
-6.882576
-6.159926
-6.787663
-6.940671
-6.429354
-5.792795
-6.024561
-5.84455
-5.117136
-5.149739
-5.18796
-5.97055
-5.855107
-6.121716
-6.01634
-5.429799
-4.4693
-4.318763
-4.467
-4.95577
-5.284178
-6.073923
-6.363924
-6.093087
-6.481326
-6.18558
-5.554389
-4.870127
-4.19008
-4.743589
-4.589194
-4.398876
-4.460065
-4.185429
-4.826704
-4.785139
-4.80507
-4.50911
-4.887028
-4.648845
-4.262341
-4.190106
-4.298527
-4.830603
-4.983515
-4.758039
-4.355989
-4.245334
-4.147241
-3.86227
-3.558039
-3.617402
-3.46328
-3.491426
-3.315614
-3.786939
-4.045213
-5.145619
-4.665216
-5.802812
-5.65806
-6.45113
-6.281502
-6.429371
-6.410907
-6.540815
-6.344713
-6.000803
-6.252191
-5.778834
-5.95587
-6.080299
-5.865627
-5.843231
-5.264317
-5.666131
-5.48862
-5.853808
-5.579395
-6.230108
-6.093932
-6.295947
-6.495637
-6.781183
-7.288789
-8.363017
-8.69496
-8.97764
-8.80446
-8.707874
-8.045729
-7.74581
-7.556993
-6.208494
-5.624406
-5.43496
-5.506006
-5.671361
-5.323878
-5.414921
-5.398037
-6.038804
-6.374924
-6.791554
-6.837247
-6.396109
-6.4351
-6.611986
-7.304713
-6.546823
-5.810306
-4.912699
-4.854015
-5.19983
-5.342005
-5.214894
-4.919449
-4.904375
-4.77205
-4.73174
-5.188889
-4.985062
-5.196257
-5.867418
-5.364129
-5.237049
-5.37563
-5.352565
-5.444957
-4.399214
-4.964656
-5.096841
-5.63615
-5.475382
-5.477641
-5.175714
-5.93065
-6.897121
-7.385288
-7.60074
-8.419131
-9.088936
-9.83787
-9.655986
-9.821941
-9.919862
-9.378139
-8.828892
-9.66682
-9.435075
-10.13696
-9.329054
-8.69047
-8.549577
-8.458674
-7.8575
-7.759187
-7.806187
-7.322702
-7.427648
-7.428463
-6.982535
-6.552393
-5.992683
-6.227893
-6.052889
-5.98482
-6.617153
-6.262115
-5.938924
-5.560758
-4.942264
-4.555362
-4.470627
-4.90719
-5.604913
-5.029658
-5.354708
-5.57407
-5.738852
-6.243267
-6.948935
-6.677757
-5.98858
-5.663101
-5.57003
-5.363978
-4.786079
-4.459835
-4.074281
-3.449086
-3.465511
-3.039773
-3.008149
-3.29197
-3.757915
-3.622206
-4.043348
-4.878219
-4.467347
-5.133596
-5.662963
-5.6575
-6.258768
-6.087956
-6.822406
-7.08659
-6.560327
-6.14885
-5.926682
-5.821146
-4.924339
-5.263422
-5.055167
-4.974527
-4.670384
-3.872161
-3.996488
-4.311496
-4.059974
-5.733124
-6.042568
-6.397382
-6.579655
-5.98917
-6.354026
-6.190405
-6.418406
-6.251438
-6.199314
-6.622433
-6.70565
-5.72368
-5.695501
-5.468213
-5.35523
-5.64525
-5.031912
-5.280398
-6.158841
-5.866539
-5.342422
-5.508392
-6.082371
-6.397737
-6.777084
-6.235976
-6.265363
-7.123666
-7.839505
-8.363067
-8.067701
-7.864034
-8.150852
-8.520094
-8.950671
-9.129409
-9.201338
-9.198674
-8.996007
-8.239641
-7.288799
-7.224411
-7.612622
-6.633817
-6.204479
-6.425141
-6.331502
-6.448997
-6.01706
-5.877529
-5.566672
-5.478399
-5.289362
-5.23281
-5.767119
-6.077989
-6.517354
-6.372932
-6.182974
-5.634981
-6.753362
-6.724485
-6.677382
-6.764232
-6.983479
-7.967066
-8.260452
-8.719792
-8.73175
-9.286023
-10.33352
-10.71087
-10.91812
-11.29667
-10.84375
-10.99249
-10.51263
-10.83567
-10.58277
-11.476
-11.13861
-11.20166
-10.31833
-9.533979
-8.929177
-8.965029
-8.872249
-8.678169
-8.318096
-8.678418
-8.316912
-8.089141
-8.039171
-7.649782
-7.700856
-7.719906
-7.193759
-6.912617
-7.147751
-7.163361
-7.486426
-6.955207
-6.549902
-6.864867
-6.989852
-7.400347
-8.184305
-8.472568
-9.037702
-9.503373
-10.02337
-10.46618
-10.78285
-11.09917
-11.12979
-10.62127
-10.63881
-11.12786
-10.34497
-10.8882
-11.23921
-10.26666
-9.671446
-9.40174
-9.10952
-9.035377
-9.416126
-9.212712
-9.345471
-8.128688
-8.288625
-9.469322
-9.695899
-9.9139
-8.856955
-7.835547
-7.262998
-7.578913
-7.190409
-7.108724
-6.907159
-7.427389
-7.307185
-7.153397
-7.226865
-6.452994
-6.142199
-6.255217
-5.893733
-6.14929
-6.810351
-7.246606
-7.301771
-7.435316
-6.868248
-7.094039
-7.211784
-7.178011
-7.263316
-7.588239
-7.634358
-7.357861
-6.987779
-6.734426
-7.179742
-7.58408
-7.33397
-7.458854
-7.83594
-6.999083
-6.163879
-6.334524
-5.924184
-5.193499
-4.558552
-4.691024
-4.483204
-4.508282
-4.225599
-4.029579
-4.659312
-4.340653
-4.780624
-4.877777
-4.904286
-5.294286
-4.625877
-4.365635
-3.863047
-4.341308
-4.033665
-4.000863
-3.551423
-3.932093
-3.679121
-4.375023
-4.63432
-4.386091
-4.677878
-5.325234
-5.732235
-6.119177
-6.664521
-6.212823
-6.16442
-7.65091
-7.3809
-6.924247
-6.908884
-6.916346
-8.454209
-9.5182
-10.38137
-11.0449
-11.34314
-11.37009
-11.59219
-10.65279
-10.22934
-9.955672
-10.07755
-9.469035
-10.13651
-10.43475
-11.45744
-11.83219
-11.59117
-11.37655
-11.55898
-11.79539
-11.6817
-11.5642
-11.47458
-11.89781
-12.03017
-12.2914
-11.90711
-10.95433
-10.65073
-11.15032
-10.71049
-10.54062
-10.88261
-11.31402
-11.54305
-11.19601
-11.17276
-11.12097
-11.55517
-11.45368
-11.81164
-11.28614
-11.4805
-10.9437
-10.12684
-10.05656
-9.605539
-9.06433
-8.796178
-8.274502
-8.428079
-8.195196
-7.731018
-7.873204
-7.987116
-7.339691
-7.372494
-7.38869
-7.341681
-7.680405
-8.76648
-9.129515
-9.398619
-9.855647
-9.030165
-9.193071
-9.173121
-8.796631
-8.915917
-8.952049
-9.088054
-9.71359
-10.22524
-9.818981
-8.997112
-9.46963
-9.183187
-10.00459
-9.902501
-9.916311
-9.700458
-9.886126
-10.18857
-10.79049
-10.29127
-9.705232
-10.04102
-10.13652
-9.802912
-9.900655
-9.305638
-9.787591
-9.713534
-10.02555
-9.849832
-10.49117
-10.35639
-10.10692
-9.149861
-9.124232
-9.700975
-9.359827
-9.479442
-10.77048
-10.73399
-10.90857
-10.28242
-10.94572
-11.57428
-11.05464
-10.44215
-10.25563
-10.09838
-10.14009
-9.767977
-9.137881
-9.451533
-9.277034
-9.939252
-10.13237
-10.22911
-9.531143
-9.252666
-9.432766
-9.700623
-10.36291
-10.67853
-10.33185
-11.41633
-10.97548
-10.47147
-10.36256
-10.00579
-10.00706
-10.08788
-10.21457
-10.09627
-9.962592
-10.41997
-10.03796
-10.34707
-10.3256
-11.19817
-11.61375
-12.00406
-12.21142
-12.53763
-12.55021
-12.91325
-12.91685
-12.81882
-12.87197
-12.78228
-13.3818
-12.98979
-12.75958
-12.55522
-12.92406
-11.92356
-11.98349
-12.37113
-12.66883
-12.10856
-12.11187
-12.12802
-12.22828
-12.79775
-12.38375
-12.2093
-11.8572
-12.21058
-12.27873
-12.94294
-13.55105
-13.41082
-13.89465
-14.40361
-14.30408
-13.40681
-12.38704
-12.03214
-12.30655
-12.66848
-12.85883
-12.47074
-11.66211
-10.95765
-10.83881
-10.62184
-10.59618
-10.44571
-10.2511
-10.01789
-10.75405
-11.76138
-12.41818
-12.86853
-13.00696
-13.35151
-13.57253
-12.94608
-12.61607
-12.23719
-12.74265
-12.18595
-12.11836
-11.30455
-11.21399
-11.14986
-11.09115
-11.00974
-11.56041
-11.68309
-10.98014
-10.45784
-10.39322
-11.23124
-11.32039
-11.8996
-11.86317
-10.91134
-10.67709
-10.20219
-9.115415
-8.813546
-8.846773
-8.820398
-9.23993
-9.621915
-9.331891
-8.818869
-8.182747
-8.239378
-8.175552
-8.483662
-8.053832
-8.446278
-7.808018
-7.905921
-7.49419
-7.10423
-6.685505
-6.161779
-6.857722
-7.402535
-7.497153
-7.777724
-8.507841
-8.681975
-8.360486
-8.27913
-8.411282
-7.876833
-7.606618
-7.826833
-8.151425
-7.844719
-7.844577
-8.561194
-8.377942
-8.290586
-8.280633
-8.258966
-8.08866
-7.715942
-7.320159
-7.865179
-7.765022
-7.015098
-7.023319
-6.906933
-6.834243
-6.372668
-6.391136
-6.03907
-6.222452
-6.306302
-6.731817
-6.174515
-6.20842
-6.787078
-6.51182
-6.70628
-6.584987
-6.269736
-5.754271
-5.590703
-5.45086
-5.374544
-5.255908
-5.042976
-5.06573
-4.428873
-4.491703
-4.350944
-4.259281
-4.395661
-4.185737
-3.855485
-3.886025
-4.332159
-4.204313
-4.385119
-4.337203
-3.99848
-4.304372
-3.940879
-4.071059
-3.725199
-4.026958
-4.082417
-3.753429
-3.47636
-3.150995
-3.06601
-3.352275
-3.619392
-4.045072
-3.440614
-3.517894
-3.701929
-2.948869
-3.347686
-3.562664
-2.431568
-3.04672
-3.201351
-3.398833
-2.936619
-2.992485
-3.112752
-2.649567
-2.232705
-3.134122
-3.414305
-3.013733
-3.258648
-2.718836
-2.31892
-1.92115
-1.986853
-1.938578
-1.091882
-1.241728
-1.021503
-1.727298
-1.845642
-1.923989
-1.411639
-1.451219
-1.344112
-1.990541
-3.006259
-2.626947
-2.955808
-2.948558
-2.871299
-2.991763
-2.972245
-2.585866
-2.473585
-2.495193
-1.996652
-2.058569
-1.855605
-1.281078
-1.025267
-1.031399
-0.4247462
-0.4164556
-0.3173396
-0.2628403
-0.04187721
-0.06543279
0.5818163
1.558394
2.200245
2.249537
2.635113
3.290688
3.495666
3.512706
3.69205
3.523632
3.241356
3.352374
2.661717
2.399355
2.341758
1.447654
1.103517
1.373389
1.850025
2.642533
3.315774
3.789559
3.723696
3.748451
4.120033
3.643884
3.862148
3.592664
3.496809
2.918255
2.472156
2.958179
4.040075
3.767179
3.395648
4.071733
3.979457
3.679755
2.818725
2.794995
2.330435
2.71241
3.013711
2.938891
2.847502
3.05457
3.211059
3.379665
3.420337
2.798155
2.808761
2.817768
2.694186
2.782683
3.189641
3.03287
2.455673
2.643499
3.231511
2.210685
1.631053
1.439831
1.792982
1.96887
2.25469
2.2858
1.992923
1.712618
1.003515
0.7555299
0.03981821
-0.3110324
-0.5912752
-0.7662422
-1.040782
-0.9331026
-1.327932
-0.1396704
-0.1476349
-0.03922104
-0.2546793
-1.068012
-1.156223
-0.5085849
-0.3730328
-1.002477
-1.055977
-0.5763275
-0.5690911
-0.3673569
0.1112277
0.3872856
1.378446
1.002329
0.9154675
0.5506732
0.3757265
0.3817118
0.79813
0.8640393
1.339923
1.348366
0.7987554
1.080022
1.612942
2.087622
1.8156
2.057299
1.547115
0.9235779
1.46283
1.378237
1.120811
1.062205
1.247754
1.439243
0.7646881
0.7743887
0.696593
0.712375
0.3226837
-0.1594721
-0.7329196
-2.443101
-1.576433
-1.550934
-2.081034
-2.323581
-2.23727
-2.180032
-1.645502
-1.967552
-1.797404
-1.960264
-2.060238
-1.49612
-1.328428
-1.062199
-1.057099
-1.112648
-0.3742252
-0.6093433
0.3196306
0.3293728
0.395106
0.1254917
0.2310574
0.6152207
0.6331111
0.3118481
0.6991548
0.9549083
1.718765
1.99724
1.637161
1.750158
1.871331
2.30266
2.752552
3.104763
2.88319
3.106365
2.593132
2.986801
2.738571
2.645186
3.169808
2.970234
2.918237
3.062136
3.20663
2.742437
2.358513
2.392894
2.065564
2.136896
2.010516
2.913768
3.432033
2.832492
2.064492
2.208618
2.025956
2.826904
2.991546
2.085163
2.367866
1.752513
1.669729
0.906948
0.4415694
0.01923716
0.3133313
-0.6633506
-1.179198
-0.7895448
-0.7034161
-1.17042
-1.6236
-1.649765
-2.159578
-2.592992
-3.325915
-3.989549
-4.138481
-4.463272
-4.643421
-4.4905
-4.796432
-4.71955
-4.629393
-4.457638
-5.235515
-5.536322
-6.214678
-6.100079
-5.921474
-5.834815
-6.432081
-7.452141
-6.801928
-6.327562
-5.536951
-5.758522
-6.100572
-6.037484
-5.023916
-4.69329
-3.602346
-3.61829
-3.686802
-3.750363
-4.760807
-5.384688
-5.669641
-5.90035
-5.471476
-5.428501
-5.22743
-5.319723
-4.876912
-4.330433
-4.282023
-4.184503
-5.506623
-6.061524
-6.178298
-5.383859
-5.239587
-5.245468
-5.241976
-5.270938
-5.377715
-5.569055
-5.498991
-5.627319
-5.465374
-4.691159
-4.803641
-4.906357
-5.279741
-5.24845
-5.468554
-5.952099
-5.245589
-4.81759
-4.951949
-5.222477
-5.938755
-6.040644
-6.269591
-5.882084
-5.843847
-5.523339
-6.075987
-6.280193
-5.976306
-6.0557
-5.771433
-5.252376
-5.710795
-6.165589
-6.551452
-6.494477
-6.310124
-6.304947
-6.653181
-7.971972
-7.63751
-7.550876
-7.505654
-6.899631
-6.892588
-6.44202
-6.431228
-6.122097
-6.198073
-7.631145
-7.510155
-7.373104
-8.052914
-8.305762
-8.650707
-8.277943
-8.677818
-8.714832
-8.089574
-8.005746
-8.96634
-9.890908
-9.621821
-9.165529
-9.552186
-10.18313
-11.12139
-11.05347
-11.15758
-11.01807
-10.29928
-11.23581
-12.20866
-12.82435
-12.98354
-12.90126
-13.38553
-13.78347
-14.2888
-14.18086
-13.88151
-14.04073
-13.26833
-13.33299
-13.34351
-13.69539
-13.77789
-13.51585
-13.27913
-12.78227
-13.60778
-13.62279
-13.35702
-13.27845
-13.14507
-12.8005
-12.67891
-11.89643
-11.56205
-12.06584
-11.99868
-12.46928
-12.49137
-12.76246
-12.67633
-13.07358
-13.45165
-12.88538
-12.66873
-12.4989
-12.67858
-12.3398
-12.45405
-12.33882
-12.14761
-12.60088
-13.41321
-13.33497
-13.51922
-14.14596
-14.3471
-14.71958
-14.74427
-15.71641
-16.21318
-16.59228
-16.66309
-17.34596
-18.41122
-18.771
-18.90841
-19.07156
-19.02127
-19.72665
-19.44059
-19.60114
-19.77068
-19.24725
-19.72951
-19.14569
-18.70635
-18.21363
-18.4129
-18.15324
-17.603
-17.71814
-17.89642
-18.25114
-17.91002
-17.8132
-17.82553
-17.85496
-17.3564
-17.57755
-16.86322
-16.77599
-16.7632
-17.09408
-17.04182
-16.64234
-16.58374
-16.5071
-16.81713
-17.75032
-17.1575
-17.37605
-16.94333
-17.13615
-17.33795
-16.82522
-16.16343
-15.96548
-16.65566
-16.55152
-16.57498
-16.36604
-16.45591
-16.69094
-16.80758
-16.27444
-15.98909
-15.76872
-15.39523
-15.09299
-14.32159
-14.64373
-14.45705
-14.5165
-14.89173
-14.60674
-14.58383
-14.15845
-13.89294
-14.01907
-13.58706
-13.7011
-13.72512
-13.04573
-13.55301
-13.87872
-13.97309
-13.6771
-14.15872
-14.21355
-14.14175
-13.9548
-14.18208
-13.99946
-14.23942
-14.16871
-14.37534
-14.49659
-14.41274
-14.70622
-15.34695
-15.08096
-15.27698
-15.3371
-15.36524
-14.92068
-14.91384
-15.30205
-15.91942
-16.34912
-16.13381
-16.85761
-17.44194
-17.23433
-17.00754
-17.20238
-17.7352
-16.87868
-16.1561
-16.03909
-15.9576
-16.08958
-15.88659
-15.70804
-15.39925
-15.31217
-15.50173
-14.79007
-14.18386
-13.80293
-13.51583
-13.66611
-13.91224
-14.01752
-14.12614
-14.28343
-14.3743
-14.50499
-14.69632
-14.97636
-15.00763
-14.84015
-14.75671
-14.71453
-15.04619
-15.67033
-15.95019
-15.19123
-14.68375
-14.32362
-15.04158
-15.41226
-16.51079
-17.42124
-18.39579
-18.84653
-19.16644
-19.63278
-20.00903
-20.47999
-20.10607
-20.21077
-20.18114
-20.61066
-20.30322
-19.73686
-20.02555
-19.97938
-20.01592
-19.60024
-20.14073
-20.65954
-21.87582
-21.41509
-21.91794
-22.30192
-22.49301
-23.63336
-23.01065
-23.22688
-22.92205
-22.5123
-22.26931
-22.33592
-23.24846
-23.35952
-23.1073
-22.30138
-22.54124
-22.58346
-22.88745
-23.03603
-23.38116
-23.46813
-23.58037
-23.28402
-23.21373
-22.7706
-23.10491
-23.59562
-23.73105
-24.03838
-24.16008
-24.11663
-23.81051
-24.27806
-23.632
-22.77418
-22.27683
-21.96378
-22.21255
-21.84511
-22.13909
-21.38749
-22.41272
-22.61227
-23.23846
-23.26
-22.75874
-23.03759
-23.53681
-23.44627
-23.76175
-24.73811
-25.0087
-25.52883
-25.49782
-25.60472
-25.80115
-25.72187
-25.79793
-25.59073
-25.43533
-24.89005
-25.47172
-25.21978
-25.72675
-26.05643
-26.2412
-26.13334
-26.27135
-26.04053
-24.95726
-25.0396
-24.07179
-24.59282
-23.75938
-24.16984
-24.47987
-24.75749
-24.69957
-24.49817
-24.76747
-25.10915
-25.34977
-26.41388
-26.46757
-25.96656
-26.56478
-26.42004
-25.23538
-24.88886
-24.79609
-24.95089
-24.19563
-24.12496
-24.01402
-23.58394
-23.65439
-23.6097
-23.93867
-24.21813
-24.12755
-23.613
-23.39043
-23.26446
-23.49784
-23.11232
-22.75946
-23.39592
-22.76318
-22.96255
-22.75101
-22.45182
-21.81463
-22.12049
-22.69522
-23.17332
-24.06256
-24.53368
-24.27147
-25.04995
-25.19481
-24.80179
-24.88228
-24.11079
-24.39686
-23.9169
-23.69226
-23.80014
-23.67073
-23.21028
-22.53118
-22.43093
-22.33215
-21.93149
-21.83254
-22.22658
-21.42475
-21.13589
-20.9354
-20.39679
-19.86192
-20.03261
-20.03766
-20.04853
-19.85661
-20.01649
-19.92859
-19.30512
-19.20203
-18.43636
-18.62587
-19.00434
-18.84427
-18.57043
-18.95951
-19.21848
-18.91403
-18.99608
-19.34249
-18.86681
-19.26633
-18.83917
-19.48679
-19.77854
-19.83187
-19.62058
-19.74628
-19.70632
-19.36457
-19.46392
-18.74083
-19.00255
-19.75841
-19.34821
-18.70921
-18.92803
-19.3717
-19.31855
-19.6823
-19.54947
-19.97372
-19.62154
-19.6212
-19.51058
-19.56699
-19.65289
-19.427
-20.4837
-20.32132
-20.5128
-20.49061
-20.21547
-20.36625
-21.15878
-20.4335
-20.47134
-21.19554
-20.84741
-20.752
-20.87313
-20.44348
-21.16539
-21.48812
-21.90857
-21.5984
-21.65955
-21.74262
-21.55666
-21.37133
-21.358
-21.29448
-20.48137
-20.06908
-19.97351
-20.23727
-20.33796
-20.35979
-21.75457
-22.20822
-22.10115
-21.20067
-21.31034
-21.42939
-21.23966
-22.45449
-22.55283
-22.22085
-22.36892
-22.00283
-21.79923
-21.42289
-21.93484
-22.4426
-22.94664
-22.98568
-22.73622
-23.38482
-23.25795
-23.63423
-23.65295
-23.76547
-23.84807
-23.69018
-23.45035
-23.73976
-23.71827
-23.7299
-23.8916
-23.64557
-24.16546
-23.98092
-23.86854
-23.17906
-23.71454
-24.73588
-25.58853
-26.58526
-26.37461
-26.20871
-25.70436
-25.23761
-25.38561
-25.29956
-24.87695
-24.9476
-24.57668
-24.87572
-24.5715
-25.60765
-25.55764
-25.27012
-25.20918
-25.37295
-25.04732
-25.30368
-25.33325
-25.55357
-25.32476
-25.38301
-25.51954
-26.10992
-26.05188
-26.13813
-26.59746
-26.60988
-26.90182
-27.83382
-28.86618
-28.58573
-29.46627
-29.51811
-29.12467
-29.54753
-29.00002
-28.99374
-28.86299
-29.48685
-29.20918
-29.02266
-29.00219
-28.54659
-28.50125
-29.09935
-28.27854
-27.90452
-27.45172
-28.39522
-28.02441
-28.46747
-28.33074
-29.02047
-29.39845
-29.89916
-29.14341
-28.93177
-28.77018
-28.5882
-28.89401
-29.87078
-30.25324
-30.87592
-31.11525
-30.21667
-29.85701
-29.30439
-28.85613
-28.86473
-29.09266
-29.57507
-29.80936
-29.43264
-28.98755
-28.5147
-29.23696
-29.13932
-28.70033
-28.85464
-28.4881
-28.40361
-27.67253
-27.82511
-27.80881
-27.37043
-26.28395
-26.41166
-26.41403
-26.44422
-25.62513
-25.80759
-25.88588
-26.09148
-26.55748
-26.72187
-26.59357
-26.79328
-26.4481
-26.91301
-27.37661
-27.6693
-28.08531
-28.02636
-28.03589
-27.92207
-28.40166
-28.79306
-29.33908
-29.54279
-29.50841
-29.14098
-29.04861
-29.43147
-29.8843
-29.5121
-29.25477
-28.87327
-28.44235
-28.3766
-27.96079
-27.77511
-27.91706
-28.27531
-28.44214
-28.01084
-28.27574
-28.57632
-28.18023
-28.89541
-29.2147
-29.28923
-28.57075
-27.58241
-27.89072
-28.02619
-28.08639
-27.99645
-28.01966
-28.02926
-28.26324
-27.37361
-27.83121
-27.51668
-28.20079
-27.78787
-27.45935
-26.96792
-27.02312
-26.94104
-25.96056
-26.2256
-26.41396
-26.44512
-25.77664
-25.96764
-25.28285
-25.72545
-25.20987
-24.78788
-25.02245
-24.85236
-24.84839
-24.17522
-23.99538
-23.00288
-23.49169
-22.08189
-22.72296
-22.84299
-23.10738
-23.2395
-23.28046
-23.29414
-23.66238
-23.91551
-23.52766
-23.19904
-22.34377
-22.65418
-21.89531
-22.25937
-21.69971
-21.72186
-21.61349
-22.53528
-22.26885
-21.85166
-21.38072
-21.35496
-21.49662
-22.28694
-22.85184
-22.71981
-22.06087
-21.81145
-22.12892
-22.63039
-22.95182
-22.6548
-22.36619
-22.7093
-21.93682
-21.99859
-22.22369
-22.72731
-22.31089
-22.81835
-22.86887
-23.74296
-23.62978
-23.86586
-23.69043
-24.04738
-23.79271
-23.12676
-23.60078
-23.116
-23.2638
-23.63628
-23.97643
-24.45018
-23.99913
-24.21113
-25.21392
-25.83166
-25.79581
-25.64034
-25.59493
-25.53545
-25.28323
-25.44228
-25.6134
-26.19134
-26.43614
-26.05703
-26.20917
-25.73825
-25.52571
-26.2048
-26.07239
-26.76881
-27.17812
-28.04203
-27.84568
-28.14247
-28.08011
-28.89235
-29.05077
-29.41915
-29.3838
-29.57258
-28.88271
-29.01545
-30.13846
-30.47666
-30.67263
-30.59682
-31.24252
-31.41083
-31.80652
-31.57467
-31.43619
-31.56929
-31.67122
-31.67787
-31.68189
-31.78726
-32.45514
-32.27675
-32.07322
-31.84652
-32.16581
-31.96531
-32.62814
-32.55676
-32.33873
-32.5705
-32.1657
-32.28989
-32.262
-31.63348
-32.58697
-33.01555
-33.08677
-32.75936
-32.95595
-32.37683
-31.63553
-32.33535
-33.06708
-33.10462
-32.73183
-32.69622
-32.23959
-31.83905
-31.256
-32.02169
-32.23022
-33.06672
-33.01027
-32.79825
-32.79732
-31.68709
-31.90614
-32.35166
-32.0072
-31.61404
-31.01841
-31.37258
-31.1686
-30.83016
-30.71609
-29.98405
-29.60088
-29.58264
-29.3868
-29.81504
-30.33267
-30.15143
-30.28127
-30.27149
-30.26699
-29.78843
-28.96821
-28.62836
-29.2706
-29.38991
-29.22994
-29.55293
-29.14758
-28.58464
-28.6718
-28.19645
-28.00946
-27.8942
-28.11585
-28.10221
-28.17369
-28.24092
-28.25563
-27.87571
-28.43701
-28.02999
-28.12816
-28.0931
-28.38669
-28.21779
-28.26537
-27.85664
-27.7829
-27.2789
-26.79943
-27.09936
-26.97931
-27.07322
-26.19263
-25.38839
-25.52114
-25.50256
-26.08104
-25.86354
-26.07029
-26.70464
-26.76512
-26.71255
-26.62394
-27.32757
-27.59999
-28.18596
-28.87462
-28.31927
-28.63454
-29.55581
-29.37984
-29.00659
-29.43218
-29.19853
-28.70275
-29.72651
-29.94507
-30.50826
-29.9672
-30.40526
-30.59597
-30.44353
-29.68035
-29.48233
-29.18339
-28.69831
-28.85372
-29.3423
-29.35253
-29.40519
-29.85284
-29.47832
-29.42475
-28.9589
-28.95998
-28.02425
-27.93141
-28.27771
-28.66503
-29.1378
-29.05089
-28.62891
-28.09356
-27.86829
-27.72314
-27.94247
-27.68206
-28.28491
-28.89908
-28.85319
-28.65866
-28.93755
-29.00677
-28.97518
-28.66321
-29.128
-29.1391
-28.35549
-28.60658
-28.64793
-28.69407
-28.99964
-29.14423
-29.03834
-29.19826
-28.95229
-29.35355
-29.394
-29.23775
-29.56359
-29.54232
-29.22045
-29.16344
-28.64764
-28.85583
-28.30461
-27.81252
-27.70353
-27.32568
-27.07841
-26.75403
-27.05641
-26.93025
-26.80196
-26.92599
-27.56755
-27.00426
-26.79005
-26.57612
-26.66905
-26.70535
-26.70654
-26.10434
-25.80935
-25.66898
-25.88303
-25.38365
-25.5954
-25.4212
-25.23884
-25.11151
-24.94413
-24.86867
-24.64227
-25.06688
-25.11206
-24.66741
-24.83898
-24.57362
-24.86403
-24.32538
-24.46986
-25.30715
-25.14584
-25.63463
-26.50255
-26.22774
-25.74111
-25.58218
-25.25038
-25.52125
-26.05819
-25.55697
-24.91409
-25.3125
-24.75912
-24.64816
-25.37053
-24.81477
-25.27095
-25.4706
-25.92239
-25.40007
-25.17445
-24.37913
-25.01848
-24.11066
-24.10216
-24.44581
-23.60697
-23.79948
-22.97598
-22.90229
-22.71918
-22.42869
-22.67007
-22.47275
-22.59871
-23.54094
-23.25288
-23.58635
-24.08286
-24.32366
-24.00152
-23.87762
-23.58778
-23.49055
-23.41937
-23.63935
-24.34853
-23.91048
-23.51082
-23.50305
-23.54348
-23.25154
-23.28953
-23.88588
-24.15118
-23.98769
-24.23157
-24.64496
-24.70462
-24.96706
-24.49269
-24.76287
-24.66747
-23.74258
-24.3073
-24.58718
-23.99821
-23.61281
-23.92489
-23.74115
-23.37623
-23.86426
-23.96456
-24.44843
-24.55073
-24.44986
-25.41858
-25.7211
-25.41034
-25.65831
-25.9322
-26.05823
-26.08014
-26.53352
-26.76138
-26.75221
-26.88152
-27.57354
-27.5176
-27.81795
-27.88403
-28.13768
-27.8671
-27.32372
-27.94141
-27.89218
-28.01112
-28.05316
-28.24395
-28.02492
-28.97268
-28.4065
-28.66906
-27.90589
-27.1547
-27.27593
-27.7258
-28.57463
-28.79554
-28.74111
-28.95971
-29.01184
-29.05029
-28.97386
-29.23239
-29.79115
-29.57401
-29.03771
-28.56814
-29.07386
-28.92683
-28.50435
-28.53337
-28.36519
-27.87073
-27.86788
-28.38024
-28.59469
-28.76652
-28.44525
-28.22533
-27.75331
-27.49439
-27.99609
-27.82979
-27.74628
-27.83073
-27.88072
-28.45436
-28.33548
-28.48756
-27.89541
-28.16567
-27.69533
-27.31027
-27.1546
-26.83726
-26.65483
-26.41836
-26.43306
-26.02155
-25.21306
-24.83446
-25.43181
-26.13549
-25.50791
-25.85898
-26.10323
-25.87071
-25.9252
-26.37543
-26.59687
-26.93065
-27.02014
-27.2842
-27.76936
-27.6702
-28.01449
-28.05874
-28.34543
-27.98866
-28.28603
-28.74968
-28.52384
-28.41888
-28.57598
-28.22274
-27.33144
-27.46657
-27.05107
-26.76004
-26.35007
-26.90623
-27.57218
-27.07936
-27.40633
-27.94907
-27.989
-27.98077
-28.46954
-27.8549
-28.29274
-28.5519
-27.55061
-28.4771
-28.6987
-28.57019
-29.02602
-29.18015
-30.14639
-30.39659
-30.73082
-30.73583
-30.08613
-29.89972
-29.87685
-29.32484
-29.73844
-30.49153
-29.20768
-28.67804
-28.34862
-28.47659
-28.22191
-27.84158
-27.87728
-27.6722
-28.17019
-28.02042
-27.93179
-27.58415
-27.90724
-27.17343
-26.49752
-27.59407
-27.81684
-28.0936
-27.45827
-28.1815
-28.00518
-28.03858
-28.58442
-28.03834
-27.29163
-27.33434
-27.25296
-26.84516
-26.57221
-26.71761
-26.75693
-27.22232
-27.33822
-27.56656
-27.14795
-26.18346
-25.97267
-26.41422
-25.75709
-25.79603
-26.3101
-25.99569
-26.00593
-25.95757
-25.97467
-26.10411
-26.75466
-27.60052
-28.14673
-28.60371
-28.99162
-29.44509
-28.86291
-29.27419
-29.58832
-30.63754
-30.69895
-30.94337
-31.09183
-30.60596
-31.23218
-31.08668
-30.89372
-30.64224
-31.0679
-31.08942
-30.95769
-31.60522
-31.36584
-31.26442
-30.48219
-29.52255
-29.17016
-28.99191
-28.8073
-28.64753
-27.97851
-27.05745
-27.05262
-27.10848
-27.07704
-26.69001
-26.48079
-27.38839
-27.28498
-26.71055
-27.52815
-27.63619
-27.75839
-28.12484
-28.16152
-28.62375
-29.21571
-29.9619
-29.23037
-29.19181
-30.02661
-30.72256
-30.87362
-31.46023
-31.65722
-31.52096
-31.24068
-30.91507
-31.13509
-31.31382
-32.2489
-32.53114
-32.52453
-31.57399
-31.34436
-31.9318
-31.92815
-31.54041
-31.51274
-31.78207
-31.78611
-32.31685
-32.33497
-32.18665
-32.16821
-32.39247
-32.12788
-32.04385
-32.53425
-33.35548
-33.87522
-33.77031
-33.5124
-33.5626
-34.06283
-34.13684
-34.50551
-35.18103
-35.31012
-34.95863
-34.80081
-35.16746
-35.54718
-35.28035
-35.12954
-34.64986
-34.87738
-35.57308
-35.08906
-34.11853
-34.46917
-34.22599
-34.05512
-33.38145
-33.43641
-33.23175
-33.31785
-33.06503
-32.82573
-31.99691
-32.30667
-32.4692
-32.90024
-33.24778
-33.11105
-32.70209
-31.90146
-31.63262
-30.92104
-31.36574
-31.65829
-31.93763
-32.47633
-32.75134
-32.83238
-32.61671
-33.10695
-33.36136
-33.39116
-33.24747
-32.96016
-33.19415
-33.58981
-34.03211
-33.68371
-33.37503
-33.44218
-33.70339
-33.92111
-33.87018
-34.09275
-33.60809
-33.64552
-33.32508
-32.57541
-32.73269
-32.39784
-32.44905
-32.43132
-32.70971
-32.75601
-31.90686
-32.14401
-32.29164
-31.88296
-32.14522
-32.11581
-31.64564
-30.96754
-31.20285
-31.08534
-31.5349
-31.64328
-31.3994
-31.40496
-31.86112
-32.37499
-32.37006
-32.26366
-33.17826
-33.61092
-33.7258
-33.60011
-33.46494
-34.19635
-33.59102
-33.41634
-33.95782
-33.98016
-34.10068
-33.89286
-34.60017
-34.7056
-34.74013
-35.86416
-35.99518
-35.98557
-36.14409
-35.97635
-37.46951
-38.03897
-37.96268
-37.92557
-38.17253
-37.5453
-37.57541
-36.88542
-36.67042
-37.08449
-37.84916
-38.17862
-38.2537
-38.21136
-38.3653
-38.72509
-38.72908
-39.10036
-38.89849
-38.37192
-38.66202
-37.68938
-37.58999
-37.39516
-37.21814
-36.92133
-37.68013
-38.0002
-38.28514
-37.87099
-37.3368
-37.09016
-36.71467
-37.04706
-36.9079
-36.0846
-35.60907
-35.82081
-35.77004
-34.77648
-34.90414
-35.19395
-34.73198
-34.58199
-34.11102
-34.39736
-34.7091
-35.17756
-34.79991
-34.78548
-34.60409
-34.05628
-34.48944
-35.54817
-35.09775
-34.65422
-35.11283
-36.15071
-36.3529
-34.95326
-34.92335
-35.01438
-35.24063
-35.59477
-35.75267
-35.77535
-35.41593
-35.63416
-35.17025
-35.31627
-35.85003
-36.37561
-37.03649
-37.4532
-37.63698
-37.9608
-38.2127
-38.19581
-38.15572
-37.41506
-37.40192
-37.59437
-37.36754
-37.22135
-36.84645
-36.35061
-36.12496
-36.22287
-36.80914
-36.76165
-36.92694
-36.76652
-36.7031
-36.45586
-35.46758
-35.34404
-35.42901
-35.01867
-34.9818
-34.97844
-34.99405
-34.50692
-34.79527
-34.49877
-35.12341
-35.59806
-34.78428
-34.99356
-34.61101
-34.42107
-34.58158
-34.4282
-34.89945
-35.06223
-35.01011
-35.61567
-36.00549
-36.26741
-36.73446
-36.28382
-35.97084
-36.22388
-36.29399
-35.94305
-36.21361
-37.13574
-36.96791
-37.30718
-37.28206
-36.95258
-37.28098
-36.96709
-36.59415
-36.81957
-37.17602
-37.87956
-37.89526
-38.17689
-38.46626
-38.17371
-38.72946
-39.33782
-39.32621
-39.16967
-38.98985
-38.67188
-38.88421
-39.1097
-39.23666
-39.64579
-40.12114
-40.39225
-40.56155
-39.91769
